env_min(m) 0.0000 0.0000 0.0000
env_max(m) 10.0000 10.0000 3.0000
NumCells_XYZ 100 100 30
CellSizes_XYZ[m] 0.1000 0.1000 0.1000
GasSourceLocation_XYZ[m] 7.5000 6.3571 0.5000
GasType ethanol
Cell_x	 Cell_y	 Cell_z	 Gas_conc[10^⁻3ppm]	 Wind_u[10^⁻3m/s]	 Wind_v[10^⁻3m/s]	 Wind_w[10^⁻3m/s]
2 2 0 0 -579 5 -5
2 3 0 0 -563 6 14
2 4 0 0 -545 -2 14
2 5 0 0 -545 9 5
2 6 0 0 -535 -6 4
2 7 0 0 -535 6 2
2 8 0 0 -535 -7 2
2 9 0 0 -535 6 3
2 10 0 0 -535 -6 2
2 11 0 0 -535 6 2
2 12 0 0 -536 -7 2
2 13 0 0 -536 6 2
2 14 0 0 -538 -7 2
2 15 0 0 -538 5 2
2 16 0 0 -540 -8 2
2 17 0 0 -541 5 2
2 18 0 0 -544 -8 2
2 19 0 0 -546 4 2
2 20 0 0 -550 -9 2
2 21 0 0 -551 4 1
2 22 0 0 -556 -10 2
2 23 0 0 -558 3 1
2 24 0 0 -563 -10 2
2 25 0 0 -565 3 1
2 26 0 0 -571 -11 2
2 27 0 0 -573 3 2
2 28 0 0 -579 -11 2
2 29 0 0 -581 3 2
2 30 0 0 -588 -12 2
2 31 0 0 -589 3 2
2 32 0 0 -596 -12 2
2 33 0 0 -598 3 2
2 34 0 0 -605 -12 1
2 35 0 0 -606 4 2
2 36 0 0 -613 -12 1
2 37 0 0 -615 4 2
2 38 0 0 -621 -12 1
2 39 0 0 -623 4 2
2 40 0 0 -630 -13 1
2 41 0 0 -631 4 2
2 42 0 0 -644 -13 -4
2 43 0 0 -639 4 2
2 44 0 0 -645 -13 1
2 45 0 0 -647 5 2
2 46 0 0 -653 -13 1
2 47 0 0 -655 5 2
2 48 0 0 -661 -13 0
2 49 0 0 -662 5 1
2 50 0 0 -668 -13 0
2 51 0 0 -670 5 1
2 52 0 0 -675 -13 0
2 53 0 0 -677 5 1
2 54 0 0 -683 -14 0
2 55 0 0 -684 6 1
2 56 0 0 -689 -14 0
2 57 0 0 -691 6 1
2 58 0 0 -696 -14 0
2 59 0 0 -697 6 1
2 60 0 0 -702 -14 0
2 61 0 0 -704 7 0
2 62 0 0 -707 -14 0
2 63 0 0 -707 5 1
2 64 0 0 -714 -14 0
2 65 0 0 -715 9 0
2 66 0 0 -713 -12 0
2 67 0 0 -719 6 0
2 68 0 0 -729 -12 0
2 69 0 0 -725 13 -2
2 70 0 0 -728 -11 2
2 71 0 0 -716 -4 13
2 72 0 0 -776 -14 1
2 73 0 0 -769 -3 6
2 74 0 0 -792 -3 11
3 2 0 0 -557 34 0
3 3 0 0 -591 -7 -20
3 4 0 0 -580 -24 -25
3 5 0 0 -575 8 -27
3 6 0 0 -575 -19 -30
3 7 0 0 -574 15 -28
3 8 0 0 -577 -18 -29
3 9 0 0 -577 17 -29
3 10 0 0 -576 -18 -29
3 11 0 0 -577 17 -29
3 12 0 0 -577 -18 -29
3 13 0 0 -577 16 -29
3 14 0 0 -579 -20 -29
3 15 0 0 -579 15 -29
3 16 0 0 -581 -21 -29
3 17 0 0 -582 14 -29
3 18 0 0 -585 -22 -29
3 19 0 0 -586 13 -30
3 20 0 0 -590 -24 -29
3 21 0 0 -592 12 -30
3 22 0 0 -597 -25 -29
3 23 0 0 -598 11 -30
3 24 0 0 -604 -26 -30
3 25 0 0 -605 11 -30
3 26 0 0 -612 -26 -30
3 27 0 0 -613 10 -30
3 28 0 0 -620 -27 -30
3 29 0 0 -621 10 -30
3 30 0 0 -629 -27 -30
3 31 0 0 -630 10 -30
3 32 0 0 -638 -27 -30
3 33 0 0 -639 10 -30
3 34 0 0 -646 -27 -30
3 35 0 0 -647 11 -30
3 36 0 0 -655 -27 -30
3 37 0 0 -656 11 -31
3 38 0 0 -663 -27 -31
3 39 0 0 -664 11 -31
3 40 0 0 -671 -27 -31
3 41 0 0 -672 11 -31
3 42 0 0 -679 -27 -31
3 43 0 0 -680 11 -31
3 44 0 0 -687 -27 -31
3 45 0 0 -688 11 -31
3 46 0 0 -694 -27 -31
3 47 0 0 -695 12 -31
3 48 0 0 -702 -27 -31
3 49 0 0 -703 12 -31
3 50 0 0 -709 -27 -31
3 51 0 0 -710 12 -31
3 52 0 0 -716 -27 -31
3 53 0 0 -717 12 -32
3 54 0 0 -723 -27 -32
3 55 0 0 -724 12 -32
3 56 0 0 -730 -27 -32
3 57 0 0 -731 13 -32
3 58 0 0 -736 -26 -32
3 59 0 0 -737 13 -32
3 60 0 0 -743 -26 -32
3 61 0 0 -744 14 -32
3 62 0 0 -746 -25 -32
3 63 0 0 -747 14 -32
3 64 0 0 -756 -25 -33
3 65 0 0 -757 16 -33
3 66 0 0 -753 -22 -31
3 67 0 0 -752 15 -32
3 68 0 0 -767 -21 -35
3 69 0 0 -768 23 -38
3 70 0 0 -750 -6 -26
3 71 0 0 -758 13 -22
3 72 0 0 -795 -7 -28
3 73 0 0 -788 16 -13
3 74 0 0 -810 -40 -9
4 2 0 0 -588 26 -22
4 3 0 0 -565 -19 -6
4 5 0 0 -573 0 -13
4 7 0 0 -577 0 -16
4 8 0 0 -573 -1 -20
4 10 0 0 -576 0 -19
4 12 0 0 -575 -1 -20
4 14 0 0 -577 -3 -20
4 16 0 0 -579 -5 -20
4 19 0 0 -583 -7 -20
4 21 0 0 -588 -9 -20
4 23 0 0 -595 -11 -20
4 25 0 0 -603 -12 -21
4 27 0 0 -611 -13 -21
4 29 0 0 -620 -14 -21
4 31 0 0 -628 -14 -21
4 33 0 0 -637 -14 -21
4 35 0 0 -646 -14 -22
4 37 0 0 -654 -13 -22
4 39 0 0 -662 -13 -22
4 41 0 0 -670 -13 -22
4 43 0 0 -678 -13 -22
4 45 0 0 -686 -12 -23
4 47 0 0 -693 -12 -23
4 49 0 0 -701 -12 -23
4 51 0 0 -708 -12 -23
4 53 0 0 -715 -11 -23
4 55 0 0 -722 -12 -24
4 57 0 0 -729 -11 -24
4 59 0 0 -734 -11 -24
4 61 0 0 -741 -8 -25
4 63 0 0 -745 -10 -24
4 65 0 0 -753 -4 -26
4 67 0 0 -755 -10 -21
4 69 0 0 -764 0 -28
4 71 0 0 -756 -9 -7
4 72 0 0 -762 -27 -1
4 73 0 0 -738 14 0
4 74 0 0 -808 -3 0
5 2 0 0 -602 15 12
5 3 0 0 -599 29 14
5 72 0 0 -793 -29 10
5 73 0 0 -776 -14 12
5 74 0 0 -836 -1 -1
6 2 0 0 -588 28 6
6 3 0 0 -575 -22 4
6 5 0 0 -562 1 4
6 7 0 0 -566 1 -2
6 8 0 0 -565 1 0
6 10 0 0 -565 0 -2
6 12 0 0 -562 -2 -1
6 14 0 0 -565 -5 -2
6 16 0 0 -565 -8 -2
6 18 0 0 -570 -12 -2
6 21 0 0 -576 -16 -2
6 23 0 0 -583 -19 -2
6 25 0 0 -591 -21 -2
6 27 0 0 -600 -22 -2
6 29 0 0 -609 -23 -1
6 31 0 0 -618 -23 -1
6 33 0 0 -627 -23 -1
6 35 0 0 -635 -23 -1
6 37 0 0 -644 -22 -1
6 39 0 0 -652 -22 -1
6 41 0 0 -659 -21 -1
6 43 0 0 -667 -21 -1
6 45 0 0 -675 -21 -1
6 47 0 0 -682 -20 -1
6 49 0 0 -689 -20 -1
6 51 0 0 -697 -20 -1
6 53 0 0 -703 -19 -1
6 55 0 0 -711 -19 -1
6 57 0 0 -718 -17 -1
6 59 0 0 -724 -17 -1
6 61 0 0 -730 -15 -1
6 63 0 0 -738 -15 -1
6 65 0 0 -741 -11 -2
6 67 0 0 -747 -12 0
6 69 0 0 -748 -8 0
6 71 0 0 -750 -13 6
6 72 0 0 -781 -4 10
6 73 0 0 -778 0 6
6 74 0 0 -797 -7 -8
7 2 0 0 -630 36 14
7 3 0 0 -598 32 6
7 72 0 0 -811 -8 13
7 73 0 0 -791 -23 10
7 74 0 0 -848 -4 4
8 2 0 0 -598 14 0
8 3 0 0 -598 -26 0
8 5 0 0 -569 -2 1
8 7 0 0 -569 1 1
8 8 0 0 -569 0 0
8 10 0 0 -568 0 0
8 12 0 0 -565 -2 0
8 14 0 0 -565 -6 0
8 16 0 0 -566 -12 0
8 18 0 0 -570 -17 0
8 20 0 0 -577 -22 0
8 23 0 0 -584 -26 0
8 25 0 0 -594 -29 0
8 27 0 0 -604 -31 0
8 29 0 0 -613 -32 0
8 31 0 0 -623 -32 0
8 33 0 0 -632 -32 0
8 35 0 0 -641 -31 0
8 37 0 0 -650 -31 0
8 39 0 0 -658 -30 0
8 41 0 0 -666 -29 1
8 43 0 0 -673 -29 1
8 45 0 0 -681 -28 1
8 47 0 0 -689 -28 1
8 49 0 0 -696 -27 1
8 51 0 0 -703 -27 1
8 53 0 0 -711 -26 1
8 55 0 0 -718 -25 1
8 57 0 0 -725 -24 1
8 59 0 0 -731 -23 1
8 61 0 0 -738 -21 1
8 63 0 0 -745 -20 1
8 65 0 0 -750 -17 1
8 67 0 0 -756 -16 2
8 69 0 0 -759 -11 0
8 71 0 0 -758 -7 5
8 72 0 0 -801 9 2
8 73 0 0 -795 -4 4
8 74 0 0 -795 -4 -8
9 2 0 0 -638 28 10
9 3 0 0 -608 27 4
9 72 0 0 -815 -5 11
9 73 0 0 -803 -27 9
9 74 0 0 -847 -4 0
10 2 0 0 -599 12 -1
10 3 0 0 -606 -26 -2
10 5 0 0 -565 1 0
10 7 0 0 -570 3 0
10 8 0 0 -565 4 0
10 10 0 0 -563 1 0
10 12 0 0 -560 -1 0
10 14 0 0 -557 -6 0
10 16 0 0 -558 -14 0
10 18 0 0 -562 -21 0
10 20 0 0 -569 -29 0
10 23 0 0 -578 -35 0
10 25 0 0 -588 -39 0
10 27 0 0 -600 -41 0
10 29 0 0 -610 -42 0
10 31 0 0 -621 -42 0
10 33 0 0 -630 -41 0
10 35 0 0 -639 -40 0
10 37 0 0 -648 -39 0
10 39 0 0 -656 -38 0
10 41 0 0 -664 -37 0
10 43 0 0 -671 -36 0
10 45 0 0 -679 -35 0
10 47 0 0 -686 -35 0
10 49 0 0 -694 -34 0
10 51 0 0 -701 -34 0
10 53 0 0 -708 -33 0
10 55 0 0 -716 -32 0
10 57 0 0 -723 -31 0
10 59 0 0 -731 -30 0
10 61 0 0 -736 -27 0
10 63 0 0 -745 -27 0
10 65 0 0 -749 -22 0
10 67 0 0 -758 -20 0
10 69 0 0 -758 -15 1
10 71 0 0 -761 -13 1
10 72 0 0 -810 13 0
10 73 0 0 -809 -7 4
10 74 0 0 -798 -6 -9
11 2 0 0 -639 27 10
11 3 0 0 -611 27 3
11 72 0 0 -821 -2 13
11 73 0 0 -815 -30 9
11 74 0 0 -856 -5 0
12 2 0 0 -602 14 -1
12 3 0 0 -609 -25 -2
12 5 0 0 -570 3 0
12 7 0 0 -571 5 0
12 8 0 0 -567 6 0
12 10 0 0 -561 5 0
12 12 0 0 -557 1 0
12 14 0 0 -552 -5 0
12 16 0 0 -551 -16 0
12 18 0 0 -555 -26 0
12 20 0 0 -563 -38 0
12 23 0 0 -575 -46 0
12 25 0 0 -587 -50 0
12 27 0 0 -601 -53 0
12 29 0 0 -613 -53 0
12 31 0 0 -624 -52 0
12 33 0 0 -634 -51 0
12 35 0 0 -643 -49 0
12 37 0 0 -651 -47 0
12 39 0 0 -659 -46 0
12 41 0 0 -667 -45 0
12 43 0 0 -675 -44 0
12 45 0 0 -682 -43 0
12 47 0 0 -689 -42 0
12 49 0 0 -697 -42 0
12 51 0 0 -704 -41 0
12 53 0 0 -712 -40 0
12 55 0 0 -719 -39 0
12 57 0 0 -727 -38 0
12 59 0 0 -734 -37 0
12 61 0 0 -741 -35 0
12 63 0 0 -750 -32 0
12 65 0 0 -756 -29 0
12 67 0 0 -763 -25 0
12 69 0 0 -766 -19 0
12 71 0 0 -768 -14 0
12 72 0 0 -819 11 0
12 73 0 0 -820 -9 3
12 74 0 0 -807 -6 -8
13 2 0 0 -643 29 10
13 3 0 0 -615 28 3
13 72 0 0 -826 -4 13
13 73 0 0 -824 -32 9
13 74 0 0 -865 -4 0
14 2 0 0 -606 15 -1
14 3 0 0 -613 -24 -2
14 5 0 0 -571 7 0
14 7 0 0 -573 10 0
14 8 0 0 -566 13 0
14 10 0 0 -557 12 0
14 12 0 0 -551 7 0
14 14 0 0 -540 -1 0
14 16 0 0 -538 -18 0
14 18 0 0 -541 -32 0
14 21 0 0 -550 -49 0
14 23 0 0 -567 -59 0
14 25 0 0 -582 -64 0
14 27 0 0 -598 -66 0
14 29 0 0 -612 -65 0
14 31 0 0 -624 -63 0
14 33 0 0 -635 -61 0
14 35 0 0 -644 -58 0
14 37 0 0 -652 -55 0
14 39 0 0 -660 -53 0
14 41 0 0 -667 -52 0
14 43 0 0 -674 -51 0
14 45 0 0 -682 -50 0
14 47 0 0 -689 -50 0
14 49 0 0 -696 -49 0
14 51 0 0 -704 -48 0
14 53 0 0 -711 -48 0
14 55 0 0 -719 -47 0
14 57 0 0 -727 -46 0
14 59 0 0 -735 -44 0
14 61 0 0 -742 -42 0
14 63 0 0 -752 -39 0
14 65 0 0 -758 -35 0
14 67 0 0 -768 -31 0
14 69 0 0 -770 -23 0
14 71 0 0 -774 -19 0
14 72 0 0 -826 10 0
14 73 0 0 -830 -11 3
14 74 0 0 -815 -6 -9
15 2 0 0 -647 29 10
15 3 0 0 -620 30 3
15 72 0 0 -835 -5 13
15 73 0 0 -835 -34 9
15 74 0 0 -875 -5 0
16 2 0 0 -613 16 0
16 3 0 0 -619 -22 -2
16 27 0 0 -600 -83 0
16 29 0 0 -616 -79 0
16 31 0 0 -629 -75 0
16 33 0 0 -639 -70 0
16 35 0 0 -648 -67 0
16 37 0 0 -656 -63 0
16 39 0 0 -663 -61 0
16 41 0 0 -669 -59 0
16 43 0 0 -676 -58 0
16 45 0 0 -683 -57 0
16 47 0 0 -690 -57 0
16 49 0 0 -698 -56 0
16 51 0 0 -705 -56 0
16 53 0 0 -713 -56 0
16 55 0 0 -721 -55 0
16 57 0 0 -729 -54 0
16 59 0 0 -738 -52 0
16 61 0 0 -746 -50 0
16 63 0 0 -756 -47 0
16 65 0 0 -763 -43 0
16 67 0 0 -774 -37 0
16 69 0 0 -779 -29 0
16 71 0 0 -783 -23 0
16 72 0 0 -836 9 0
16 73 0 0 -841 -13 3
16 74 0 0 -825 -7 -10
17 2 0 0 -655 30 10
17 3 0 0 -627 32 3
17 5 0 0 -578 12 0
17 7 0 0 -577 16 0
17 8 0 0 -569 22 0
17 10 0 0 -555 22 0
17 12 0 0 -543 17 0
17 14 0 0 -525 6 0
17 16 0 0 -520 -18 0
17 18 0 0 -524 -39 0
17 21 0 0 -536 -63 0
17 23 0 0 -559 -77 0
17 25 0 0 -580 -82 0
17 72 0 0 -844 -5 13
17 73 0 0 -845 -37 10
17 74 0 0 -886 -5 -1
18 2 0 0 -623 16 0
18 3 0 0 -628 -19 -2
18 33 0 0 -643 -79 0
18 35 0 0 -652 -74 0
18 37 0 0 -658 -70 0
18 39 0 0 -664 -67 0
18 41 0 0 -671 -66 0
18 43 0 0 -677 -65 0
18 45 0 0 -683 -64 0
18 47 0 0 -690 -64 0
18 49 0 0 -697 -64 0
18 51 0 0 -705 -64 0
18 53 0 0 -713 -64 0
18 55 0 0 -721 -63 0
18 57 0 0 -730 -63 0
18 59 0 0 -739 -61 0
18 61 0 0 -748 -60 0
18 63 0 0 -759 -56 0
18 65 0 0 -768 -53 0
18 67 0 0 -780 -45 -1
18 69 0 0 -786 -37 1
18 72 0 0 -846 6 0
18 73 0 0 -853 -16 4
18 74 0 0 -836 -7 -10
19 2 0 0 -666 30 10
19 3 0 0 -637 34 4
19 5 0 0 -586 16 0
19 7 0 0 -583 24 0
19 8 0 0 -572 35 0
19 10 0 0 -551 37 0
19 12 0 0 -537 37 0
19 14 0 0 -502 20 0
19 16 0 0 -492 -15 0
19 19 0 0 -495 -47 0
19 21 0 0 -513 -84 0
19 23 0 0 -549 -104 0
19 25 0 0 -575 -106 0
19 27 0 0 -602 -102 0
19 29 0 0 -620 -94 0
19 31 0 0 -634 -87 0
19 71 0 0 -793 -31 -1
19 72 0 0 -854 -6 14
19 73 0 0 -857 -40 10
19 74 0 0 -900 -6 -1
20 2 0 0 -639 18 0
20 3 0 0 -640 -15 1
20 37 0 0 -662 -76 0
20 39 0 0 -667 -73 0
20 41 0 0 -672 -71 0
20 43 0 0 -677 -71 0
20 45 0 0 -684 -71 0
20 47 0 0 -690 -71 0
20 49 0 0 -698 -71 0
20 51 0 0 -705 -71 0
20 53 0 0 -713 -72 0
20 55 0 0 -722 -72 0
20 57 0 0 -731 -72 0
20 59 0 0 -740 -71 0
20 61 0 0 -751 -70 0
20 63 0 0 -762 -67 0
20 65 0 0 -773 -65 0
20 67 0 0 -788 -57 -1
20 69 0 0 -795 -47 1
20 72 0 0 -858 5 0
20 73 0 0 -865 -19 4
20 74 0 0 -854 -7 -10
21 2 0 0 -684 31 9
21 3 0 0 -652 37 4
21 5 0 0 -599 24 0
21 7 0 0 -596 36 0
21 8 0 0 -582 52 0
21 10 0 0 -558 60 1
21 12 0 0 -525 68 -2
21 14 0 0 -470 48 -1
21 17 0 0 -450 -10 -1
21 19 0 0 -454 -58 -1
21 21 0 0 -478 -117 0
21 23 0 0 -535 -142 0
21 25 0 0 -581 -139 0
21 27 0 0 -612 -126 0
21 29 0 0 -631 -111 0
21 31 0 0 -643 -99 0
21 33 0 0 -651 -88 0
21 35 0 0 -658 -81 0
21 71 0 0 -807 -39 -4
21 72 0 0 -865 -7 12
21 73 0 0 -868 -42 10
21 74 0 0 -921 -7 0
22 2 0 0 -658 18 0
22 3 0 0 -658 -12 2
22 7 0 0 -611 46 1
22 8 0 0 -598 70 2
22 10 0 0 -566 93 6
22 25 0 0 -589 -178 6
22 27 0 0 -630 -150 2
22 29 0 0 -646 -125 0
22 43 0 0 -677 -76 0
22 45 0 0 -683 -77 0
22 47 0 0 -690 -78 0
22 49 0 0 -697 -79 0
22 51 0 0 -705 -79 0
22 53 0 0 -713 -80 0
22 55 0 0 -721 -81 0
22 57 0 0 -730 -81 0
22 59 0 0 -740 -81 0
22 61 0 0 -751 -82 0
22 63 0 0 -764 -80 0
22 65 0 0 -777 -79 0
22 67 0 0 -794 -70 -2
22 69 0 0 -808 -63 2
22 72 0 0 -870 1 -1
22 73 0 0 -879 -18 0
22 74 0 0 -881 -3 -7
23 2 0 0 -704 31 10
23 3 0 0 -671 40 5
23 5 0 0 -616 28 0
23 12 0 0 -527 128 6
23 15 0 0 -418 93 4
23 17 0 0 -388 3 2
23 19 0 0 -389 -75 2
23 21 0 0 -429 -166 4
23 23 0 0 -529 -207 7
23 31 0 0 -657 -108 0
23 32 0 0 -661 -94 0
23 35 0 0 -664 -85 0
23 37 0 0 -666 -79 0
23 39 0 0 -669 -77 0
23 41 0 0 -673 -76 0
23 71 0 0 -821 -49 -10
23 72 0 0 -878 -6 11
23 73 0 0 -882 -36 2
23 74 0 0 -941 -4 1
24 2 0 0 -683 20 0
24 3 0 0 -680 -8 3
24 6 0 0 -641 61 2
24 8 0 0 -630 100 7
24 10 0 0 -623 138 15
24 13 0 0 -528 225 12
24 23 0 0 -524 -320 13
24 25 0 0 -642 -231 10
24 27 0 0 -667 -183 6
24 29 0 0 -674 -139 0
24 59 0 0 -739 -92 0
24 61 0 0 -751 -94 0
24 63 0 0 -764 -94 0
24 65 0 0 -781 -95 0
24 67 0 0 -800 -87 -2
24 69 0 0 -822 -81 3
24 71 0 0 -839 -62 -14
24 72 0 0 -902 0 -7
24 73 0 0 -898 -15 -3
24 74 0 0 -927 4 4
25 2 0 0 -731 32 10
25 3 0 0 -698 41 6
25 5 0 0 -638 39 0
25 15 0 0 -346 198 8
25 17 0 0 -284 30 4
25 19 0 0 -286 -100 4
25 21 0 0 -347 -264 3
25 31 0 0 -675 -116 0
25 32 0 0 -674 -96 0
25 35 0 0 -672 -87 0
25 37 0 0 -670 -80 0
25 39 0 0 -670 -79 0
25 41 0 0 -672 -79 0
25 43 0 0 -676 -81 0
25 45 0 0 -682 -83 0
25 47 0 0 -689 -85 0
25 49 0 0 -696 -86 0
25 51 0 0 -704 -87 0
25 53 0 0 -712 -88 0
25 55 0 0 -720 -89 0
25 57 0 0 -729 -91 0
25 72 0 0 -913 -15 0
25 73 0 0 -914 -40 -4
25 74 0 0 -972 -2 8
26 2 0 0 -686 -24 -31
26 3 0 0 -708 -9 3
26 6 0 0 -674 59 2
26 8 0 0 -678 94 3
26 10 0 0 -687 164 15
26 11 0 0 -674 194 18
26 12 0 0 -622 246 13
26 13 0 0 -571 479 8
26 14 0 0 -291 462 17
26 15 0 0 -193 194 15
26 16 0 0 -154 116 11
26 17 0 0 -140 -3 7
26 18 0 0 -132 -65 7
26 19 0 0 -157 -182 12
26 20 0 0 -172 -258 8
26 21 0 0 -275 -473 6
26 22 0 0 -493 -633 1
26 23 0 0 -605 -424 15
26 24 0 0 -682 -314 0
26 25 0 0 -732 -256 9
26 27 0 0 -730 -175 3
26 29 0 0 -712 -136 0
26 61 0 0 -749 -107 0
26 63 0 0 -762 -110 0
26 65 0 0 -783 -113 0
26 67 0 0 -801 -111 -2
26 69 0 0 -839 -106 4
26 71 0 0 -852 -93 -10
26 72 0 0 -933 -13 -3
26 73 0 0 -939 -32 -5
26 74 0 0 -954 3 10
27 2 0 0 -715 -11 -21
27 3 0 0 -725 39 5
27 5 0 0 -666 36 0
27 10 0 0 -746 110 5
27 11 0 0 -758 182 -6
27 12 0 0 -930 322 -34
27 13 0 0 -1341 184 -6
27 14 0 0 172 73 -39
27 15 0 0 38 168 9
27 16 0 0 -9 99 3
27 17 0 0 -9 19 -3
27 18 0 0 -12 -90 6
27 19 0 0 -13 -167 12
27 20 0 0 12 -252 -6
27 21 0 0 106 -201 -24
27 22 0 0 -258 235 2
27 23 0 0 -1109 -576 53
27 24 0 0 -841 -309 -13
27 25 0 0 -809 -204 -4
27 30 0 0 -700 -109 0
27 32 0 0 -688 -91 0
27 35 0 0 -680 -83 0
27 37 0 0 -674 -78 0
27 39 0 0 -670 -79 0
27 41 0 0 -670 -82 0
27 43 0 0 -674 -86 0
27 45 0 0 -679 -89 0
27 47 0 0 -687 -92 0
27 49 0 0 -695 -94 0
27 51 0 0 -703 -95 0
27 53 0 0 -710 -96 0
27 55 0 0 -719 -98 0
27 57 0 0 -727 -101 0
27 59 0 0 -737 -103 0
27 72 0 0 -944 -39 4
27 73 0 0 -942 -34 -11
27 74 0 0 -967 8 -19
28 2 0 0 -733 22 0
28 3 0 0 -732 -12 3
28 6 0 0 -702 40 0
28 8 0 0 -716 76 -1
28 10 0 0 -762 103 -2
28 11 0 0 -778 135 -4
28 12 0 0 -882 100 -16
28 13 0 0 -1009 32 0
28 22 0 0 -1243 -29 -7
28 23 0 0 -1025 -84 2
28 24 0 0 -885 -203 -12
28 25 0 0 -863 -170 -6
28 27 0 0 -777 -133 -4
28 29 0 0 -742 -100 0
28 61 0 0 -744 -119 0
28 63 0 0 -757 -126 0
28 65 0 0 -778 -133 0
28 67 0 0 -801 -144 -1
28 69 0 0 -850 -136 0
28 70 0 0 -896 -149 2
28 72 0 0 -979 -61 0
28 73 0 0 -979 -24 -12
28 74 0 0 -947 35 0
29 2 0 0 -779 32 9
29 3 0 0 -745 35 5
29 5 0 0 -688 30 1
29 10 0 0 -796 58 0
29 11 0 0 -801 61 -8
29 12 0 0 -864 59 -5
29 13 0 0 -927 8 0
29 22 0 0 -1014 -17 4
29 23 0 0 -991 -38 1
29 24 0 0 -867 -77 -6
29 25 0 0 -854 -72 0
29 30 0 0 -717 -92 0
29 32 0 0 -699 -77 0
29 35 0 0 -684 -73 0
29 37 0 0 -674 -71 0
29 39 0 0 -666 -76 0
29 41 0 0 -664 -83 0
29 43 0 0 -668 -91 0
29 45 0 0 -675 -96 0
29 47 0 0 -684 -100 0
29 49 0 0 -693 -101 0
29 51 0 0 -701 -103 0
29 53 0 0 -708 -104 0
29 55 0 0 -716 -106 0
29 57 0 0 -724 -109 0
29 59 0 0 -733 -113 0
29 72 0 0 -1006 -95 0
29 73 0 0 -1057 -55 -26
29 74 0 0 -896 97 6
30 2 0 0 -751 22 0
30 3 0 0 -749 -17 2
30 10 0 0 -788 53 2
30 11 0 0 -784 49 -1
30 12 0 0 -801 8 -2
30 13 0 0 -847 3 0
30 22 0 0 -929 -4 -22
30 23 0 0 -851 -8 1
30 24 0 0 -839 -74 -7
30 25 0 0 -829 -80 -2
30 61 0 0 -736 -131 0
30 63 0 0 -747 -143 0
30 65 0 0 -765 -158 0
30 67 0 0 -790 -181 -1
30 72 0 0 -1098 -131 -11
30 73 0 0 -1296 -149 -21
30 74 0 0 -759 52 -109
31 2 0 0 -747 -14 -21
31 3 0 0 -759 31 4
31 5 0 0 -704 21 1
31 6 0 0 -719 26 0
31 8 0 0 -731 49 -1
31 10 0 0 -797 22 1
31 11 0 0 -784 14 -1
31 12 0 0 -817 11 1
31 13 0 0 -839 -2 0
31 22 0 0 -893 -14 4
31 23 0 0 -846 -1 -2
31 24 0 0 -835 -22 0
31 25 0 0 -842 -33 -2
31 27 0 0 -776 -80 0
31 29 0 0 -752 -69 -1
31 31 0 0 -726 -66 0
31 33 0 0 -706 -59 0
31 35 0 0 -687 -58 -1
31 37 0 0 -671 -61 -1
31 39 0 0 -659 -70 -1
31 41 0 0 -655 -84 0
31 43 0 0 -661 -97 0
31 45 0 0 -670 -105 0
31 47 0 0 -682 -109 0
31 49 0 0 -692 -110 0
31 51 0 0 -700 -110 0
31 53 0 0 -707 -111 0
31 55 0 0 -714 -113 0
31 57 0 0 -720 -117 0
31 59 0 0 -727 -123 0
31 69 0 0 -831 -206 0
31 70 0 0 -909 -252 -6
31 72 0 0 -954 -428 6
31 73 0 0 -1060 -614 -17
31 74 0 0 -1084 -1593 34
31 75 0 0 -182 -1324 6
31 76 0 0 -65 -832 36
31 77 0 0 -53 -722 19
31 78 0 0 -8 -537 10
31 79 0 0 -4 -518 12
31 80 0 0 -4 -385 -1
31 81 0 0 11 -388 10
31 82 0 0 -7 -295 -5
31 83 0 0 14 -299 9
31 84 0 0 -10 -230 -7
31 85 0 0 12 -232 8
31 86 0 0 -11 -180 -7
31 87 0 0 10 -180 6
31 88 0 0 -11 -138 -8
31 89 0 0 7 -136 5
31 90 0 0 -10 -102 -7
31 91 0 0 4 -99 4
31 92 0 0 -8 -71 -6
31 93 0 0 0 -67 2
31 94 0 0 -4 -42 -3
31 95 0 0 -3 -39 -3
31 96 0 0 0 -17 0
31 97 0 0 -6 -2 0
32 2 0 0 -763 21 0
32 3 0 0 -761 -20 1
32 10 0 0 -787 28 3
32 11 0 0 -778 24 0
32 12 0 0 -777 2 1
32 13 0 0 -809 2 0
32 22 0 0 -840 1 -17
32 23 0 0 -795 0 1
32 24 0 0 -828 -33 -2
32 25 0 0 -828 -41 0
32 59 0 0 -718 -129 0
32 61 0 0 -723 -139 0
32 63 0 0 -729 -156 0
32 65 0 0 -739 -176 0
32 67 0 0 -752 -212 0
32 72 0 0 -799 -395 -9
32 73 0 0 -791 -525 -13
32 74 0 0 -621 -858 -16
32 75 0 0 -423 -889 -22
32 76 0 0 -164 -637 -15
32 77 0 0 -132 -671 -14
32 78 0 0 -95 -525 -9
32 79 0 0 -63 -478 -3
32 80 0 0 -62 -409 -5
32 81 0 0 -36 -360 -2
32 82 0 0 -47 -322 -2
32 83 0 0 -25 -283 -1
32 84 0 0 -38 -254 -2
32 85 0 0 -18 -223 -1
32 86 0 0 -33 -201 -2
32 87 0 0 -15 -174 0
32 88 0 0 -28 -156 -1
32 89 0 0 -13 -132 0
32 90 0 0 -24 -118 -1
32 91 0 0 -13 -96 0
32 92 0 0 -21 -85 -1
32 93 0 0 -13 -61 0
32 94 0 0 -18 -57 -1
32 95 0 0 -21 -33 0
32 96 0 0 -17 -13 -1
32 97 0 0 -18 -1 0
33 2 0 0 -806 29 8
33 3 0 0 -768 28 4
33 5 0 0 -713 14 0
33 6 0 0 -728 17 0
33 8 0 0 -730 26 0
33 10 0 0 -791 3 3
33 11 0 0 -778 0 0
33 12 0 0 -791 6 0
33 13 0 0 -815 -2 0
33 22 0 0 -846 -11 5
33 23 0 0 -813 -2 0
33 24 0 0 -825 -2 0
33 25 0 0 -834 -16 0
33 27 0 0 -768 -47 -1
33 29 0 0 -752 -42 0
33 31 0 0 -728 -44 0
33 33 0 0 -706 -38 0
33 35 0 0 -681 -40 0
33 37 0 0 -659 -44 -1
33 39 0 0 -639 -62 -2
33 41 0 0 -636 -86 -2
33 43 0 0 -645 -106 -1
33 45 0 0 -662 -117 -1
33 46 0 0 -679 -119 0
33 49 0 0 -690 -118 0
33 51 0 0 -699 -117 0
33 53 0 0 -705 -117 0
33 55 0 0 -710 -119 0
33 57 0 0 -714 -122 0
33 68 0 0 -771 -259 -3
33 70 0 0 -785 -334 -1
33 72 0 0 -713 -482 -15
33 73 0 0 -662 -535 -27
33 74 0 0 -632 -654 -25
33 75 0 0 -425 -658 -33
33 76 0 0 -360 -625 -27
33 77 0 0 -182 -542 -11
33 78 0 0 -189 -495 -3
33 79 0 0 -108 -435 1
33 80 0 0 -123 -402 -1
33 81 0 0 -77 -352 -3
33 82 0 0 -88 -322 -4
33 83 0 0 -56 -281 -4
33 84 0 0 -70 -259 -5
33 85 0 0 -45 -224 -3
33 86 0 0 -57 -207 -4
33 87 0 0 -37 -176 -3
33 88 0 0 -49 -162 -4
33 89 0 0 -33 -134 -3
33 90 0 0 -42 -122 -3
33 91 0 0 -29 -98 -3
33 92 0 0 -38 -87 -3
33 93 0 0 -27 -63 -2
33 94 0 0 -37 -55 -3
33 95 0 0 -28 -32 -1
33 96 0 0 -37 -23 0
33 97 0 0 -28 -3 -1
34 2 0 0 -772 21 0
34 3 0 0 -768 -22 2
34 10 0 0 -786 17 3
34 11 0 0 -776 15 0
34 12 0 0 -767 2 2
34 13 0 0 -797 1 2
34 22 0 0 -807 4 -13
34 23 0 0 -775 3 3
34 24 0 0 -822 -16 0
34 25 0 0 -823 -22 3
34 57 0 0 -709 -125 0
34 59 0 0 -710 -132 0
34 61 0 0 -710 -142 0
34 63 0 0 -710 -159 0
34 65 0 0 -710 -180 0
34 67 0 0 -709 -214 0
34 76 0 0 -330 -490 -13
34 79 0 0 -228 -409 -6
34 81 0 0 -166 -342 -3
34 83 0 0 -127 -277 -2
34 85 0 0 -101 -224 -1
34 87 0 0 -84 -178 0
34 89 0 0 -73 -138 0
34 91 0 0 -65 -104 0
34 93 0 0 -59 -70 0
34 95 0 0 -55 -43 0
34 96 0 0 -43 -15 0
34 97 0 0 -45 -3 11
35 2 0 0 -814 28 8
35 3 0 0 -774 26 3
35 5 0 0 -720 9 0
35 6 0 0 -732 10 0
35 8 0 0 -731 16 0
35 10 0 0 -787 -1 1
35 11 0 0 -776 -3 0
35 12 0 0 -782 5 -1
35 13 0 0 -806 -2 0
35 22 0 0 -827 -9 6
35 23 0 0 -795 -1 0
35 24 0 0 -819 4 0
35 25 0 0 -821 -3 -1
35 27 0 0 -762 -24 0
35 29 0 0 -754 -21 0
35 31 0 0 -732 -19 0
35 33 0 0 -710 -12 0
35 35 0 0 -681 -11 0
35 37 0 0 -649 -19 -1
35 39 0 0 -616 -45 -1
35 41 0 0 -610 -89 -1
35 43 0 0 -629 -121 -1
35 45 0 0 -657 -136 0
35 47 0 0 -681 -134 0
35 49 0 0 -694 -130 0
35 50 0 0 -702 -125 0
35 52 0 0 -705 -122 0
35 55 0 0 -708 -122 0
35 68 0 0 -702 -258 0
35 70 0 0 -691 -332 -7
35 72 0 0 -649 -407 -12
35 74 0 0 -509 -505 -20
35 96 0 0 -66 -29 3
35 97 0 0 -58 -3 -5
36 2 0 0 -777 19 0
36 3 0 0 -773 -23 0
36 10 0 0 -783 18 2
36 11 0 0 -774 11 0
36 12 0 0 -762 2 2
36 13 0 0 -792 1 2
36 22 0 0 -794 6 -11
36 23 0 0 -767 4 3
36 24 0 0 -817 -11 0
36 25 0 0 -815 -20 1
36 31 0 0 -735 0 2
36 32 0 0 -711 7 5
36 34 0 0 -670 15 10
36 36 0 0 -621 11 8
36 38 0 0 -561 -22 8
36 41 0 0 -552 -99 7
36 43 0 0 -591 -146 8
36 45 0 0 -647 -161 7
36 47 0 0 -682 -150 3
36 49 0 0 -699 -139 0
36 57 0 0 -704 -124 0
36 59 0 0 -701 -130 0
36 61 0 0 -697 -140 0
36 63 0 0 -691 -155 0
36 65 0 0 -684 -175 0
36 67 0 0 -674 -204 0
36 74 0 0 -483 -392 -1
36 76 0 0 -355 -388 -1
36 79 0 0 -277 -340 -1
36 81 0 0 -216 -294 0
36 83 0 0 -175 -246 -1
36 85 0 0 -145 -202 -1
36 87 0 0 -123 -163 -1
36 89 0 0 -107 -127 0
36 91 0 0 -96 -95 -1
36 93 0 0 -87 -66 0
36 95 0 0 -82 -41 0
36 96 0 0 -76 -10 0
36 97 0 0 -77 -3 18
37 2 0 0 -818 27 8
37 3 0 0 -778 25 3
37 5 0 0 -724 5 0
37 6 0 0 -735 7 0
37 8 0 0 -731 9 0
37 10 0 0 -784 -5 0
37 11 0 0 -774 -4 0
37 12 0 0 -778 4 0
37 13 0 0 -801 -2 0
37 22 0 0 -819 -8 6
37 23 0 0 -788 -1 0
37 24 0 0 -817 5 0
37 25 0 0 -817 2 -2
37 27 0 0 -760 -8 0
37 29 0 0 -756 -6 0
37 50 0 0 -706 -129 0
37 52 0 0 -707 -123 0
37 54 0 0 -707 -122 0
37 68 0 0 -655 -239 0
37 70 0 0 -627 -286 0
37 72 0 0 -562 -344 -5
37 96 0 0 -94 -30 4
37 97 0 0 -90 -2 -9
38 2 0 0 -781 19 0
38 3 0 0 -776 -25 1
38 10 0 0 -781 16 1
38 11 0 0 -773 8 0
38 12 0 0 -760 2 2
38 13 0 0 -789 1 3
38 22 0 0 -789 6 -10
38 23 0 0 -766 4 3
38 24 0 0 -816 -10 0
38 25 0 0 -815 -14 0
38 30 0 0 -751 28 0
38 32 0 0 -728 56 8
38 34 0 0 -700 86 1
38 36 0 0 -617 88 14
38 38 0 0 -523 16 8
38 41 0 0 -506 -116 11
38 43 0 0 -578 -227 9
38 45 0 0 -662 -230 10
38 47 0 0 -703 -187 5
38 49 0 0 -716 -154 0
38 59 0 0 -694 -124 0
38 61 0 0 -685 -132 0
38 63 0 0 -675 -146 0
38 65 0 0 -661 -162 0
38 67 0 0 -645 -186 0
38 69 0 0 -620 -212 0
38 71 0 0 -587 -246 0
38 72 0 0 -536 -275 1
38 74 0 0 -463 -298 0
38 77 0 0 -379 -296 1
38 79 0 0 -313 -272 1
38 81 0 0 -259 -243 0
38 83 0 0 -216 -207 0
38 85 0 0 -183 -174 0
38 87 0 0 -158 -142 0
38 89 0 0 -139 -112 0
38 91 0 0 -125 -84 0
38 93 0 0 -115 -58 0
38 95 0 0 -108 -35 0
38 96 0 0 -104 -4 0
38 97 0 0 -106 -3 21
39 2 0 0 -821 26 7
39 3 0 0 -780 24 3
39 5 0 0 -727 4 0
39 6 0 0 -736 4 0
39 8 0 0 -731 5 0
39 10 0 0 -783 -7 0
39 11 0 0 -774 -6 0
39 12 0 0 -776 4 0
39 13 0 0 -799 -2 0
39 22 0 0 -817 -8 5
39 23 0 0 -787 -1 0
39 24 0 0 -818 7 0
39 25 0 0 -820 8 -2
39 27 0 0 -764 4 -1
39 29 0 0 -763 12 -1
39 50 0 0 -717 -137 -1
39 52 0 0 -713 -123 0
39 54 0 0 -708 -120 0
39 56 0 0 -701 -119 0
39 96 0 0 -120 -29 4
39 97 0 0 -115 0 -18
40 2 0 0 -783 19 0
40 3 0 0 -777 -25 0
40 10 0 0 -780 16 1
40 11 0 0 -773 7 0
40 12 0 0 -759 2 2
40 13 0 0 -787 1 3
40 22 0 0 -788 7 -10
40 23 0 0 -768 5 4
40 24 0 0 -819 -8 0
40 25 0 0 -819 -10 0
40 30 0 0 -775 37 2
40 32 0 0 -768 63 8
40 34 0 0 -714 122 21
40 35 0 0 -656 144 27
40 36 0 0 -595 203 28
40 37 0 0 -530 190 21
40 38 0 0 -399 161 20
40 39 0 0 -364 4 20
40 40 0 0 -336 -76 19
40 41 0 0 -361 -225 24
40 42 0 0 -358 -318 21
40 43 0 0 -597 -410 26
40 44 0 0 -646 -281 15
40 45 0 0 -741 -276 16
40 47 0 0 -760 -185 0
40 49 0 0 -748 -153 1
40 61 0 0 -675 -121 0
40 63 0 0 -661 -132 0
40 65 0 0 -644 -145 0
40 67 0 0 -624 -163 0
40 69 0 0 -596 -183 0
40 71 0 0 -562 -205 0
40 73 0 0 -514 -225 0
40 75 0 0 -461 -239 0
40 77 0 0 -388 -236 0
40 79 0 0 -334 -218 0
40 81 0 0 -285 -197 0
40 83 0 0 -245 -170 0
40 85 0 0 -212 -144 0
40 87 0 0 -186 -119 0
40 89 0 0 -165 -94 0
40 91 0 0 -150 -71 0
40 93 0 0 -138 -49 0
40 95 0 0 -130 -30 0
40 96 0 0 -129 0 0
40 97 0 0 -131 -4 24
41 2 0 0 -823 26 7
41 3 0 0 -782 23 3
41 5 0 0 -729 2 0
41 6 0 0 -737 2 0
41 8 0 0 -731 3 0
41 10 0 0 -782 -8 0
41 11 0 0 -773 -7 0
41 12 0 0 -775 4 0
41 13 0 0 -797 -2 1
41 22 0 0 -819 -9 3
41 23 0 0 -789 -1 0
41 24 0 0 -821 7 0
41 25 0 0 -826 9 -2
41 27 0 0 -772 8 0
41 29 0 0 -778 16 0
41 34 0 0 -804 102 -1
41 35 0 0 -763 195 -1
41 36 0 0 -666 257 5
41 37 0 0 -562 478 2
41 38 0 0 -283 237 -2
41 39 0 0 -227 45 -1
41 40 0 0 -214 -81 0
41 41 0 0 -230 -213 6
41 42 0 0 -323 -483 10
41 43 0 0 -664 -599 -13
41 44 0 0 -766 -334 -7
41 45 0 0 -794 -251 -5
41 50 0 0 -734 -128 -1
41 52 0 0 -722 -115 0
41 54 0 0 -710 -111 0
41 56 0 0 -699 -110 0
41 58 0 0 -687 -114 0
41 96 0 0 -142 -28 4
41 97 0 0 -137 0 -19
42 2 0 0 -784 19 0
42 3 0 0 -779 -26 0
42 10 0 0 -779 15 0
42 11 0 0 -772 7 0
42 12 0 0 -758 2 2
42 13 0 0 -786 1 3
42 22 0 0 -787 7 -10
42 23 0 0 -770 5 4
42 24 0 0 -822 -9 0
42 25 0 0 -825 -10 0
42 30 0 0 -803 27 -1
42 34 0 0 -877 125 -3
42 35 0 0 -854 215 -5
42 36 0 0 -1088 431 17
42 37 0 0 -273 -267 -3
42 38 0 0 83 170 -13
42 39 0 0 -4 38 -5
42 40 0 0 -15 -61 -7
42 41 0 0 30 -169 23
42 42 0 0 269 -62 17
42 43 0 0 -1027 -707 -83
42 44 0 0 -959 -236 -45
42 45 0 0 -878 -263 -17
42 48 0 0 -779 -126 0
42 63 0 0 -650 -115 0
42 65 0 0 -631 -125 0
42 67 0 0 -608 -138 0
42 69 0 0 -579 -151 0
42 71 0 0 -545 -165 0
42 73 0 0 -502 -176 0
42 75 0 0 -453 -184 0
42 77 0 0 -400 -182 0
42 79 0 0 -351 -169 0
42 81 0 0 -306 -154 0
42 83 0 0 -267 -134 0
42 85 0 0 -234 -115 0
42 87 0 0 -208 -95 0
42 89 0 0 -186 -76 0
42 91 0 0 -170 -57 0
42 93 0 0 -157 -40 0
42 95 0 0 -149 -24 0
42 96 0 0 -149 4 -1
42 97 0 0 -152 -4 26
43 2 0 0 -824 26 7
43 3 0 0 -782 23 3
43 5 0 0 -729 1 0
43 6 0 0 -737 1 0
43 8 0 0 -730 1 0
43 10 0 0 -781 -9 0
43 11 0 0 -773 -7 0
43 12 0 0 -774 4 0
43 13 0 0 -797 -2 1
43 22 0 0 -820 -9 4
43 23 0 0 -791 0 0
43 24 0 0 -823 6 0
43 25 0 0 -831 7 -2
43 27 0 0 -781 6 0
43 29 0 0 -792 15 0
43 32 0 0 -813 69 -4
43 34 0 0 -911 46 7
43 35 0 0 -931 108 -10
43 36 0 0 -1121 113 3
43 37 0 0 -1149 30 -6
43 43 0 0 -1276 -170 20
43 44 0 0 -1016 -188 -21
43 45 0 0 -930 -128 -15
43 47 0 0 -824 -169 -9
43 50 0 0 -752 -113 0
43 52 0 0 -730 -100 0
43 54 0 0 -713 -98 0
43 56 0 0 -697 -97 0
43 58 0 0 -682 -101 0
43 60 0 0 -667 -106 0
43 96 0 0 -159 -28 4
43 97 0 0 -155 0 -18
44 2 0 0 -785 18 0
44 3 0 0 -779 -26 0
44 10 0 0 -778 15 0
44 11 0 0 -772 7 0
44 12 0 0 -758 2 2
44 13 0 0 -786 1 3
44 22 0 0 -788 7 -10
44 23 0 0 -769 4 3
44 24 0 0 -822 -10 0
44 25 0 0 -828 -14 0
44 34 0 0 -910 47 0
44 35 0 0 -908 53 -3
44 36 0 0 -948 11 3
44 37 0 0 -1016 3 -23
44 43 0 0 -1067 11 1
44 44 0 0 -970 -83 -23
44 45 0 0 -929 -116 -10
44 65 0 0 -622 -103 0
44 67 0 0 -598 -112 0
44 69 0 0 -569 -120 0
44 71 0 0 -536 -128 0
44 73 0 0 -496 -134 0
44 75 0 0 -454 -137 0
44 77 0 0 -406 -133 0
44 79 0 0 -362 -125 0
44 81 0 0 -320 -113 0
44 83 0 0 -284 -99 0
44 85 0 0 -251 -85 0
44 87 0 0 -224 -71 0
44 89 0 0 -202 -56 0
44 91 0 0 -185 -43 0
44 93 0 0 -172 -30 0
44 95 0 0 -163 -18 0
44 96 0 0 -165 8 -2
44 97 0 0 -169 -4 26
45 2 0 0 -824 25 7
45 3 0 0 -783 23 3
45 5 0 0 -730 1 0
45 6 0 0 -737 1 0
45 8 0 0 -731 1 0
45 10 0 0 -781 -9 0
45 11 0 0 -773 -7 0
45 12 0 0 -774 4 0
45 13 0 0 -796 -2 1
45 22 0 0 -818 -8 5
45 23 0 0 -791 -1 0
45 24 0 0 -822 5 0
45 25 0 0 -831 3 -2
45 27 0 0 -786 0 0
45 29 0 0 -800 0 0
45 30 0 0 -826 8 0
45 32 0 0 -837 23 0
45 34 0 0 -927 7 -2
45 35 0 0 -925 -8 1
45 36 0 0 -951 3 2
45 37 0 0 -982 15 -4
45 43 0 0 -1055 10 -15
45 44 0 0 -912 -15 1
45 45 0 0 -909 -30 2
45 46 0 0 -835 -90 -3
45 48 0 0 -800 -74 0
45 50 0 0 -758 -77 0
45 52 0 0 -735 -74 0
45 54 0 0 -712 -78 0
45 56 0 0 -695 -79 0
45 58 0 0 -678 -84 0
45 60 0 0 -661 -89 0
45 63 0 0 -642 -96 0
45 96 0 0 -172 -27 3
45 97 0 0 -169 0 -18
46 2 0 0 -785 18 0
46 3 0 0 -779 -26 0
46 10 0 0 -778 15 0
46 11 0 0 -772 6 0
46 12 0 0 -758 2 2
46 13 0 0 -786 1 3
46 22 0 0 -787 7 -10
46 23 0 0 -765 3 3
46 24 0 0 -818 -13 0
46 25 0 0 -826 -20 0
46 34 0 0 -916 17 -1
46 35 0 0 -922 -12 1
46 36 0 0 -925 -1 7
46 37 0 0 -951 -9 -24
46 43 0 0 -955 32 -15
46 44 0 0 -910 -39 20
46 45 0 0 -882 -36 -5
46 46 0 0 -826 -27 0
46 67 0 0 -591 -85 0
46 69 0 0 -563 -89 0
46 71 0 0 -531 -93 0
46 73 0 0 -494 -94 0
46 75 0 0 -454 -94 0
46 77 0 0 -412 -90 0
46 79 0 0 -370 -83 0
46 81 0 0 -331 -75 0
46 83 0 0 -295 -65 0
46 85 0 0 -263 -55 0
46 87 0 0 -236 -46 0
46 89 0 0 -214 -36 0
46 91 0 0 -196 -27 0
46 93 0 0 -183 -19 0
46 95 0 0 -173 -11 0
46 96 0 0 -176 11 -2
46 97 0 0 -181 -4 27
47 2 0 0 -825 25 7
47 3 0 0 -783 22 3
47 5 0 0 -730 0 0
47 6 0 0 -737 0 0
47 8 0 0 -730 0 0
47 10 0 0 -781 -9 0
47 11 0 0 -773 -7 0
47 12 0 0 -774 4 0
47 13 0 0 -796 -2 1
47 22 0 0 -814 -8 5
47 23 0 0 -786 -2 0
47 24 0 0 -815 3 0
47 25 0 0 -825 -1 -3
47 27 0 0 -785 -10 0
47 29 0 0 -800 -18 0
47 30 0 0 -828 -13 0
47 32 0 0 -843 -25 -1
47 34 0 0 -922 -22 -7
47 35 0 0 -930 -35 -2
47 36 0 0 -957 11 10
47 37 0 0 -967 2 -43
47 43 0 0 -938 23 -9
47 44 0 0 -888 -30 12
47 45 0 0 -883 6 -5
47 48 0 0 -792 -44 -1
47 50 0 0 -752 -44 0
47 52 0 0 -730 -53 0
47 54 0 0 -708 -57 0
47 56 0 0 -690 -62 0
47 58 0 0 -673 -67 0
47 60 0 0 -655 -71 0
47 63 0 0 -636 -76 0
47 65 0 0 -615 -81 0
47 96 0 0 -181 -25 3
47 97 0 0 -179 0 -18
48 2 0 0 -786 18 0
48 3 0 0 -780 -26 0
48 10 0 0 -778 15 0
48 11 0 0 -772 6 0
48 12 0 0 -758 2 2
48 13 0 0 -786 1 3
48 22 0 0 -780 7 -10
48 23 0 0 -756 3 3
48 24 0 0 -809 -15 -1
48 25 0 0 -817 -26 0
48 34 0 0 -936 -45 -8
48 35 0 0 -995 -31 -5
48 36 0 0 -966 190 -27
48 37 0 0 -696 97 -92
48 43 0 0 -720 -99 38
48 44 0 0 -974 35 0
48 45 0 0 -861 20 -10
48 57 0 0 0 0 0
48 58 0 0 0 0 0
48 59 0 1 0 0 0
48 60 0 4 0 0 0
48 61 0 8 0 0 0
48 62 0 11 0 0 0
48 63 0 13 0 0 0
48 64 0 12 0 0 0
48 65 0 8 0 0 0
48 66 0 4 0 0 0
48 67 0 1 0 0 0
48 68 0 0 0 0 0
48 69 0 0 -561 -59 0
48 70 0 0 0 0 0
48 71 0 0 -531 -58 0
48 73 0 0 -495 -56 0
48 75 0 0 -457 -53 0
48 77 0 0 -417 -49 0
48 79 0 0 -377 -43 0
48 81 0 0 -338 -37 0
48 83 0 0 -302 -31 0
48 85 0 0 -271 -26 0
48 87 0 0 -243 -21 0
48 89 0 0 -220 -16 0
48 91 0 0 -202 -12 0
48 93 0 0 -189 -8 0
48 95 0 0 -178 -4 0
48 96 0 0 -183 15 -3
48 97 0 0 -187 -4 27
49 2 0 0 -825 25 7
49 3 0 0 -783 22 3
49 5 0 0 -731 0 0
49 6 0 0 -737 0 0
49 8 0 0 -730 0 0
49 10 0 0 -781 -9 0
49 11 0 0 -773 -7 0
49 12 0 0 -773 3 0
49 13 0 0 -796 -2 1
49 22 0 0 -805 -8 5
49 23 0 0 -776 -3 0
49 24 0 0 -802 0 0
49 25 0 0 -814 -6 -3
49 27 0 0 -777 -21 0
49 29 0 0 -794 -39 0
49 30 0 0 -819 -42 -1
49 32 0 0 -855 -83 -3
49 34 0 0 -938 -133 -9
49 35 0 0 -1020 -131 -15
49 36 0 0 -1158 147 -41
49 37 0 0 63 -64 8
49 43 0 0 -224 272 36
49 44 0 0 -1025 67 2
49 45 0 0 -882 147 -14
49 47 0 0 -837 25 -2
49 48 0 0 -780 4 0
49 50 0 0 -750 -15 1
49 52 0 0 -722 -28 0
49 54 0 0 -703 -37 0
49 56 0 0 -685 -44 0
49 57 0 0 0 0 0
49 58 0 2 -669 -49 0
49 59 0 7 0 0 0
49 60 0 17 -651 -53 0
49 61 0 32 0 0 0
49 62 0 47 -633 -56 0
49 63 0 53 0 0 0
49 64 0 47 0 0 0
49 65 0 33 -612 -58 0
49 66 0 18 0 0 0
49 67 0 7 -589 -59 0
49 68 0 2 0 0 0
49 69 0 0 0 0 0
49 70 0 0 0 0 0
49 96 0 0 -185 -21 2
49 97 0 0 -184 0 -18
50 2 0 0 -786 18 0
50 3 0 0 -780 -26 0
50 10 0 0 -778 15 0
50 11 0 0 -772 6 0
50 12 0 0 -742 1 -10
50 13 0 0 -785 1 3
50 22 0 0 -777 2 -23
50 23 0 0 -755 14 6
50 24 0 0 -795 -18 -1
50 25 0 0 -803 -33 0
50 27 0 0 -760 -37 0
50 34 0 0 -875 -192 -27
50 35 0 0 -839 -298 -24
50 36 0 0 -678 -503 -33
50 37 0 0 -593 -601 -34
50 38 0 0 -177 -310 -10
50 39 0 0 -164 -228 -11
50 40 0 0 -122 21 -7
50 41 0 0 -124 81 -7
50 42 0 0 -300 338 -27
50 43 0 0 -452 452 -20
50 44 0 0 -707 274 -36
50 45 0 0 -761 152 -27
50 52 0 0 -707 -3 0
50 53 0 0 0 0 0
50 54 0 0 -692 -18 0
50 55 0 2 0 0 0
50 56 0 5 0 0 0
50 57 0 12 0 0 0
50 58 0 21 0 0 0
50 59 0 37 0 0 0
50 60 0 65 0 0 0
50 61 0 106 0 0 0
50 62 0 148 0 0 0
50 63 0 166 0 0 0
50 64 0 147 0 0 0
50 65 0 102 0 0 0
50 66 0 56 0 0 0
50 67 0 25 0 0 0
50 68 0 12 0 0 0
50 69 0 11 0 0 0
50 70 0 14 0 0 0
50 71 0 14 0 0 0
50 72 0 12 0 0 0
50 73 0 8 0 0 0
50 74 0 4 0 0 0
50 75 0 1 0 0 0
50 76 0 0 0 0 0
50 77 0 0 0 0 0
50 96 0 0 -185 19 -3
50 97 0 0 -190 -4 27
51 2 0 0 -825 25 7
51 3 0 0 -784 22 3
51 5 0 0 -731 0 0
51 6 0 0 -737 0 0
51 8 0 0 -730 0 0
51 10 0 0 -780 -10 0
51 11 0 0 -773 -8 0
51 12 0 0 -773 4 0
51 13 0 0 -796 -2 1
51 22 0 0 -785 11 0
51 23 0 0 -762 -4 0
51 24 0 0 -786 -1 0
51 25 0 0 -793 -10 -3
51 29 0 0 -773 -55 0
51 30 0 0 -786 -95 -2
51 32 0 0 -777 -130 -10
51 34 0 0 -754 -240 -20
51 35 0 0 -686 -271 -26
51 36 0 0 -674 -353 -28
51 37 0 0 -464 -361 -23
51 38 0 0 -366 -287 -25
51 39 0 0 -258 -142 -10
51 40 0 0 -261 -31 -15
51 41 0 0 -266 106 -15
51 42 0 0 -323 226 -16
51 43 0 0 -511 308 -28
51 44 0 0 -622 223 -26
51 45 0 0 -649 229 -19
51 47 0 0 -738 99 -9
51 49 0 0 -744 58 -3
51 50 0 0 -720 15 1
51 52 0 0 0 0 0
51 53 0 1 0 0 0
51 54 0 6 0 0 0
51 55 0 17 0 0 0
51 56 0 37 -678 -27 0
51 57 0 65 0 0 0
51 58 0 94 -664 -32 0
51 59 0 129 0 0 0
51 60 0 188 -649 -35 0
51 61 0 279 0 0 0
51 62 0 377 0 0 0
51 63 0 425 -632 -36 0
51 64 0 383 0 0 0
51 65 0 273 -612 -35 0
51 66 0 154 0 0 0
51 67 0 75 -590 -33 0
51 68 0 43 0 0 0
51 69 0 45 -563 -30 0
51 70 0 57 0 0 0
51 71 0 61 -533 -26 0
51 72 0 51 0 0 0
51 73 0 33 -499 -21 0
51 74 0 16 0 0 0
51 75 0 6 -462 -15 0
51 76 0 1 0 0 0
51 77 0 0 -422 -9 0
51 79 0 0 -381 -4 0
51 81 0 0 -343 0 0
51 83 0 0 -306 2 0
51 85 0 0 -274 3 0
51 87 0 0 -246 4 0
51 89 0 0 -222 4 0
51 91 0 0 -204 3 0
51 93 0 0 -190 2 0
51 95 0 0 -180 1 0
51 96 0 0 -184 -18 2
51 97 0 0 -184 0 -18
52 2 0 0 -786 18 0
52 3 0 0 -780 -26 0
52 10 0 0 -778 15 0
52 11 0 0 -772 6 0
52 12 0 0 -758 2 2
52 13 0 0 -785 1 3
52 22 0 0 -753 7 -8
52 23 0 0 -726 2 3
52 24 0 0 -778 -19 -1
52 25 0 0 -782 -33 0
52 27 0 0 -738 -36 0
52 52 0 0 -689 3 0
52 53 0 6 0 0 0
52 54 0 24 -681 -8 0
52 55 0 66 0 0 0
52 56 0 137 -672 -15 0
52 57 0 227 0 0 0
52 58 0 302 -661 -19 0
52 59 0 362 0 0 0
52 60 0 447 -648 -20 0
52 61 0 596 0 0 0
52 62 0 779 0 0 0
52 63 0 883 -633 -18 0
52 64 0 817 0 0 0
52 65 0 606 0 0 0
52 66 0 362 0 0 0
52 67 0 191 0 0 0
52 68 0 126 0 0 0
52 69 0 140 0 0 0
52 70 0 179 0 0 0
52 71 0 192 0 0 0
52 72 0 161 0 0 0
52 73 0 104 0 0 0
52 74 0 51 0 0 0
52 75 0 19 0 0 0
52 76 0 5 0 0 0
52 77 0 1 0 0 0
52 96 0 0 -182 22 -4
52 97 0 0 -187 -3 27
53 2 0 0 -825 25 7
53 3 0 0 -784 22 3
53 5 0 0 -731 0 0
53 6 0 0 -737 0 0
53 8 0 0 -730 0 0
53 10 0 0 -780 -10 0
53 11 0 0 -773 -8 0
53 12 0 0 -773 3 -1
53 13 0 0 -796 -2 1
53 22 0 0 -776 -7 6
53 23 0 0 -746 -4 0
53 24 0 0 -770 -2 0
53 25 0 0 -775 -10 -3
53 29 0 0 -744 -57 0
53 30 0 0 -741 -85 -1
53 32 0 0 -722 -128 -6
53 34 0 0 -704 -166 -12
53 36 0 0 -580 -223 -13
53 38 0 0 -439 -162 -13
53 41 0 0 -408 16 -11
53 43 0 0 -508 132 -12
53 45 0 0 -644 138 -12
53 47 0 0 -676 92 -4
53 49 0 0 -693 48 0
53 50 0 0 -693 21 1
53 52 0 3 0 0 0
53 53 0 20 0 0 0
53 54 0 72 0 0 0
53 55 0 195 0 0 0
53 56 0 394 0 0 0
53 57 0 622 0 0 0
53 58 0 778 0 0 0
53 59 0 839 0 0 0
53 60 0 895 0 0 0
53 61 0 1067 0 0 0
53 62 0 1347 0 0 0
53 63 0 1559 0 0 0
53 64 0 1513 0 0 0
53 65 0 1192 -615 -15 0
53 66 0 761 0 0 0
53 67 0 433 -594 -10 0
53 68 0 304 0 0 0
53 69 0 342 -569 -3 0
53 70 0 435 0 0 0
53 71 0 465 -540 5 0
53 72 0 390 0 0 0
53 73 0 251 -507 14 0
53 74 0 124 0 0 0
53 75 0 47 -469 23 0
53 76 0 13 0 0 0
53 77 0 3 -428 30 0
53 79 0 0 -385 35 0
53 81 0 0 -344 37 0
53 83 0 0 -306 36 0
53 85 0 0 -273 34 0
53 87 0 0 -244 30 0
53 89 0 0 -220 25 0
53 91 0 0 -201 20 0
53 93 0 0 -187 14 0
53 95 0 0 -176 8 0
53 96 0 0 -179 -14 2
53 97 0 0 -178 0 -18
54 2 0 0 -786 18 0
54 3 0 0 -780 -26 0
54 10 0 0 -778 15 0
54 11 0 0 -772 6 0
54 12 0 0 -758 2 2
54 13 0 0 -785 1 3
54 22 0 0 -737 7 -6
54 23 0 0 -710 2 3
54 24 0 0 -762 -20 -1
54 25 0 0 -764 -32 0
54 27 0 0 -720 -34 0
54 52 0 7 -677 7 0
54 53 0 46 0 0 0
54 54 0 164 -674 -2 0
54 55 0 434 0 0 0
54 56 0 860 -668 -6 0
54 57 0 1312 0 0 0
54 58 0 1571 -659 -8 0
54 59 0 1577 0 0 0
54 60 0 1516 0 0 0
54 61 0 1654 -649 -7 0
54 62 0 2057 0 0 0
54 63 0 2481 0 0 0
54 64 0 2563 0 0 0
54 65 0 2163 0 0 0
54 66 0 1480 0 0 0
54 67 0 890 0 0 0
54 68 0 625 0 0 0
54 69 0 670 0 0 0
54 70 0 829 0 0 0
54 71 0 878 0 0 0
54 72 0 732 0 0 0
54 73 0 471 0 0 0
54 74 0 233 0 0 0
54 75 0 88 0 0 0
54 76 0 25 0 0 0
54 77 0 5 0 0 0
54 96 0 0 -175 25 -4
54 97 0 0 -179 -2 27
55 2 0 0 -825 25 7
55 3 0 0 -783 22 3
55 5 0 0 -731 0 0
55 6 0 0 -737 0 0
55 8 0 0 -730 0 0
55 10 0 0 -780 -10 0
55 11 0 0 -773 -8 0
55 12 0 0 -773 3 -1
55 13 0 0 -796 -2 1
55 22 0 0 -761 -6 6
55 23 0 0 -730 -4 0
55 24 0 0 -755 -2 0
55 25 0 0 -758 -8 -3
55 29 0 0 -723 -50 0
55 31 0 0 -712 -74 0
55 32 0 0 -695 -94 0
55 34 0 0 -650 -125 0
55 36 0 0 -598 -143 -1
55 38 0 0 -515 -93 -2
55 41 0 0 -503 -7 -1
55 43 0 0 -542 64 -1
55 45 0 0 -612 68 -2
55 47 0 0 -653 50 -1
55 49 0 0 -671 35 0
55 50 0 0 -677 18 0
55 52 0 13 0 0 0
55 53 0 79 0 0 0
55 54 0 277 0 0 0
55 55 0 725 0 0 0
55 56 0 1417 0 0 0
55 57 0 2116 0 0 0
55 58 0 2468 0 0 0
55 59 0 2392 0 0 0
55 60 0 2198 0 0 0
55 61 0 2327 0 0 0
55 62 0 2938 0 0 0
55 63 0 3711 -636 -3 0
55 64 0 4051 0 0 0
55 65 0 3612 -621 3 0
55 66 0 2604 0 0 0
55 67 0 1619 -602 12 0
55 68 0 1095 0 0 0
55 69 0 1066 -579 23 0
55 70 0 1245 0 0 0
55 71 0 1290 -550 36 0
55 72 0 1066 0 0 0
55 73 0 682 -517 50 0
55 74 0 336 0 0 0
55 75 0 127 -478 63 0
55 76 0 37 0 0 0
55 77 0 8 -435 73 0
55 79 0 0 -387 79 0
55 81 0 0 -344 78 0
55 83 0 0 -303 74 0
55 85 0 0 -267 66 0
55 87 0 0 -237 57 0
55 89 0 0 -212 47 0
55 91 0 0 -193 36 0
55 93 0 0 -179 25 0
55 95 0 0 -168 15 0
55 96 0 0 -169 -9 2
55 97 0 0 -168 1 -18
56 2 0 0 -785 18 0
56 3 0 0 -779 -26 0
56 10 0 0 -778 15 0
56 11 0 0 -772 6 0
56 12 0 0 -758 2 2
56 13 0 0 -786 1 3
56 22 0 0 -722 7 -5
56 23 0 0 -696 2 3
56 24 0 0 -748 -19 -1
56 25 0 0 -748 -30 0
56 27 0 0 -704 -28 0
56 29 0 0 -705 -42 0
56 31 0 0 -695 -58 0
56 33 0 0 -675 -73 0
56 35 0 0 -651 -82 2
56 37 0 0 -612 -88 3
56 39 0 0 -572 -61 1
56 41 0 0 -562 -12 2
56 43 0 0 -581 25 2
56 45 0 0 -622 41 1
56 47 0 0 -642 34 1
56 49 0 0 -659 24 0
56 50 0 0 -665 14 0
56 52 0 18 -669 6 0
56 53 0 100 0 0 0
56 54 0 350 -668 1 0
56 55 0 907 0 0 0
56 56 0 1758 -665 -1 0
56 57 0 2601 0 0 0
56 58 0 3020 0 0 0
56 59 0 2952 0 0 0
56 60 0 2806 0 0 0
56 61 0 3137 0 0 0
56 62 0 4146 0 0 0
56 63 0 5392 0 0 0
56 64 0 6022 0 0 0
56 65 0 5493 0 0 0
56 66 0 4069 0 0 0
56 67 0 2578 0 0 0
56 68 0 1673 0 0 0
56 69 0 1446 0 0 0
56 70 0 1544 0 0 0
56 71 0 1533 0 0 0
56 72 0 1238 0 0 0
56 73 0 781 0 0 0
56 74 0 381 0 0 0
56 75 0 143 0 0 0
56 76 0 41 0 0 0
56 77 0 9 0 0 0
56 96 0 0 -163 27 -4
56 97 0 0 -165 -1 27
57 2 0 0 -825 25 7
57 3 0 0 -783 22 3
57 5 0 0 -730 0 0
57 6 0 0 -737 0 0
57 8 0 0 -730 0 0
57 10 0 0 -781 -10 0
57 11 0 0 -773 -8 0
57 12 0 0 -774 3 -1
57 13 0 0 -796 -2 1
57 22 0 0 -747 -6 6
57 23 0 0 -716 -4 1
57 24 0 0 -742 -1 0
57 25 0 0 -744 -5 -3
57 52 0 17 0 0 0
57 53 0 94 0 0 0
57 54 0 330 0 0 0
57 55 0 857 0 0 0
57 56 0 1666 0 0 0
57 57 0 2501 0 0 0
57 58 0 3023 0 0 0
57 59 0 3227 -660 0 0
57 60 0 3524 0 0 0
57 61 0 4435 -653 2 0
57 62 0 6087 0 0 0
57 63 0 7835 -643 9 0
57 64 0 8568 0 0 0
57 65 0 7707 -630 19 0
57 66 0 5742 0 0 0
57 67 0 3727 -614 32 0
57 68 0 2402 0 0 0
57 69 0 1864 -593 48 0
57 70 0 1742 0 0 0
57 71 0 1587 -566 67 0
57 72 0 1217 0 0 0
57 73 0 741 -533 87 0
57 74 0 353 -491 106 0
57 75 0 130 0 0 0
57 76 0 37 -443 121 0
57 77 0 7 0 0 0
57 79 0 0 -389 127 0
57 81 0 0 -339 122 0
57 83 0 0 -294 113 0
57 85 0 0 -256 100 0
57 87 0 0 -224 85 0
57 89 0 0 -199 69 0
57 91 0 0 -180 53 0
57 93 0 0 -166 37 0
57 95 0 0 -155 22 0
57 96 0 0 -154 -5 1
57 97 0 0 -153 1 -19
58 2 0 0 -785 18 0
58 3 0 0 -779 -27 0
58 10 0 0 -778 15 0
58 11 0 0 -772 6 0
58 12 0 0 -758 2 2
58 13 0 0 -786 1 3
58 22 0 0 -709 8 -4
58 23 0 0 -684 2 3
58 24 0 0 -736 -19 0
58 25 0 0 -735 -28 0
58 27 0 0 -691 -23 0
58 29 0 0 -692 -34 0
58 31 0 0 -682 -47 0
58 33 0 0 -669 -57 0
58 35 0 0 -642 -63 0
58 37 0 0 -622 -62 0
58 39 0 0 -596 -44 0
58 41 0 0 -594 -18 0
58 43 0 0 -601 6 0
58 45 0 0 -623 15 0
58 47 0 0 -639 15 0
58 48 0 0 -652 12 0
58 50 0 0 -660 7 0
58 51 0 0 0 0 0
58 52 0 14 -664 4 0
58 53 0 73 0 0 0
58 54 0 253 0 0 0
58 55 0 661 0 0 0
58 56 0 1318 0 0 0
58 57 0 2104 0 0 0
58 58 0 2872 0 0 0
58 59 0 3685 0 0 0
58 60 0 4855 0 0 0
58 61 0 6745 0 0 0
58 62 0 9293 0 0 0
58 63 0 11508 0 0 0
58 64 0 12008 0 0 0
58 65 0 10429 0 0 0
58 66 0 7778 0 0 0
58 67 0 5275 0 0 0
58 68 0 3518 0 0 0
58 69 0 2534 0 0 0
58 70 0 2023 0 0 0
58 71 0 1608 0 0 0
58 72 0 1122 0 0 0
58 73 0 639 0 0 0
58 74 0 288 0 0 0
58 75 0 102 0 0 0
58 76 0 28 0 0 0
58 77 0 4 0 0 0
58 96 0 0 -146 29 -4
58 97 0 0 -147 0 27
59 2 0 0 -824 25 7
59 3 0 0 -783 22 3
59 5 0 0 -730 0 0
59 6 0 0 -737 0 0
59 8 0 0 -730 0 0
59 10 0 0 -781 -10 0
59 11 0 0 -773 -8 0
59 12 0 0 -774 3 0
59 13 0 0 -796 -2 1
59 22 0 0 -735 -5 5
59 23 0 0 -704 -4 1
59 24 0 0 -731 0 0
59 25 0 0 -733 -2 -3
59 51 0 0 0 0 0
59 52 0 13 0 0 0
59 53 0 59 0 0 0
59 54 0 199 -666 1 0
59 55 0 526 0 0 0
59 56 0 1098 0 0 0
59 57 0 1948 -666 1 0
59 58 0 3122 0 0 0
59 59 0 4733 -663 3 0
59 60 0 6959 0 0 0
59 61 0 9975 -659 9 0
59 62 0 13491 0 0 0
59 63 0 16102 -653 18 0
59 64 0 16182 0 0 0
59 65 0 13778 -644 32 0
59 66 0 10528 0 0 0
59 67 0 7650 -631 49 0
59 68 0 5370 0 0 0
59 69 0 3675 -614 71 0
59 70 0 2526 0 0 0
59 71 0 1713 -588 95 0
59 72 0 1058 0 0 0
59 73 0 550 -556 124 0
59 74 0 231 -510 153 0
59 75 0 76 0 0 0
59 76 0 19 -454 175 -1
59 77 0 2 0 0 0
59 78 0 0 -387 183 0
59 81 0 0 -330 173 0
59 83 0 0 -279 157 0
59 85 0 0 -238 135 0
59 87 0 0 -206 113 0
59 89 0 0 -180 91 0
59 91 0 0 -161 69 0
59 93 0 0 -148 48 0
59 95 0 0 -138 29 0
59 96 0 0 -134 -1 0
59 97 0 0 -133 1 -19
60 2 0 0 -785 18 0
60 3 0 0 -779 -27 0
60 10 0 0 -778 14 0
60 11 0 0 -773 6 0
60 12 0 0 -759 2 2
60 13 0 0 -786 1 3
60 22 0 0 -698 8 -4
60 23 0 0 -674 3 3
60 24 0 0 -726 -17 0
60 25 0 0 -725 -25 0
60 29 0 0 -682 -27 0
60 31 0 0 -672 -35 0
60 33 0 0 -660 -43 0
60 35 0 0 -646 -44 0
60 37 0 0 -631 -44 0
60 39 0 0 -617 -32 0
60 41 0 0 -613 -17 0
60 43 0 0 -616 -4 0
60 45 0 0 -630 4 0
60 47 0 0 -640 5 0
60 49 0 0 -650 4 0
60 51 0 1 -657 1 0
60 52 0 19 0 0 0
60 53 0 73 0 0 0
60 54 0 229 0 0 0
60 55 0 585 0 0 0
60 56 0 1228 0 0 0
60 57 0 2266 0 0 0
60 58 0 3842 0 0 0
60 59 0 6075 0 0 0
60 60 0 9065 0 0 0
60 61 0 12875 0 0 0
60 62 0 17061 0 0 0
60 63 0 19948 0 0 0
60 64 0 19809 0 0 0
60 65 0 17045 0 0 0
60 66 0 13651 0 0 0
60 67 0 10611 0 0 0
60 68 0 7730 0 0 0
60 69 0 5092 0 0 0
60 70 0 3109 0 0 0
60 71 0 1826 0 0 0
60 72 0 1005 0 0 0
60 73 0 479 0 0 0
60 74 0 187 0 0 0
60 75 0 58 0 0 0
60 76 0 14 0 0 0
60 77 0 0 0 0 0
60 96 0 0 -125 31 -4
60 97 0 0 -124 0 25
61 2 0 0 -824 25 7
61 3 0 0 -782 21 3
61 5 0 0 -730 0 0
61 6 0 0 -737 -1 0
61 8 0 0 -730 -1 0
61 10 0 0 -781 -10 0
61 11 0 0 -773 -8 0
61 12 0 0 -774 3 0
61 13 0 0 -797 -2 1
61 22 0 0 -725 -5 5
61 23 0 0 -695 -4 1
61 24 0 0 -722 1 0
61 25 0 0 -724 0 -3
61 27 0 0 -681 -18 0
61 51 0 4 0 0 0
61 52 0 32 0 0 0
61 53 0 115 -662 0 0
61 54 0 338 0 0 0
61 55 0 815 -666 0 0
61 56 0 1631 0 0 0
61 57 0 2878 -668 1 0
61 58 0 4675 0 0 0
61 59 0 7100 -668 5 0
61 60 0 10224 0 0 0
61 61 0 14120 -668 13 0
61 62 0 18378 0 0 0
61 63 0 21359 -665 24 0
61 64 0 21390 0 0 0
61 65 0 18889 -661 41 0
61 66 0 15746 0 0 0
61 67 0 12712 -652 62 0
61 68 0 9404 0 0 0
61 69 0 6036 -640 91 0
61 70 0 3405 -619 123 0
61 71 0 1789 0 0 0
61 72 0 895 -589 163 -1
61 73 0 399 0 0 0
61 74 0 148 -542 207 0
61 75 0 44 0 0 0
61 76 0 10 -471 243 -2
61 77 0 0 0 0 0
61 78 0 0 -384 251 -1
61 80 0 0 -312 230 -1
61 83 0 0 -255 205 -1
61 85 0 0 -212 173 0
61 87 0 0 -179 143 0
61 89 0 0 -155 113 0
61 91 0 0 -137 86 0
61 93 0 0 -125 59 0
61 95 0 0 -116 36 0
61 96 0 0 -109 3 0
61 97 0 0 -109 1 -18
62 2 0 0 -783 18 0
62 3 0 0 -778 -27 0
62 10 0 0 -778 14 0
62 11 0 0 -773 6 0
62 12 0 0 -759 2 2
62 13 0 0 -787 1 3
62 22 0 0 -689 8 -3
62 23 0 0 -667 3 3
62 24 0 0 -718 -15 0
62 25 0 0 -718 -23 0
62 31 0 0 -666 -26 0
62 33 0 0 -657 -31 0
62 35 0 0 -644 -33 0
62 37 0 0 -634 -32 0
62 39 0 0 -624 -27 0
62 41 0 0 -623 -19 0
62 43 0 0 -624 -10 0
62 45 0 0 -633 -5 0
62 47 0 0 -640 -4 0
62 51 0 8 0 0 0
62 52 0 48 0 0 0
62 53 0 169 0 0 0
62 54 0 480 0 0 0
62 55 0 1111 0 0 0
62 56 0 2142 0 0 0
62 57 0 3610 0 0 0
62 58 0 5539 0 0 0
62 59 0 7894 0 0 0
62 60 0 10669 0 0 0
62 61 0 14008 0 0 0
62 62 0 17754 0 0 0
62 63 0 20591 0 0 0
62 64 0 20911 0 0 0
62 65 0 18784 0 0 0
62 66 0 15756 0 0 0
62 67 0 12670 0 0 0
62 68 0 9328 0 0 0
62 69 0 5939 0 0 0
62 70 0 3273 -658 147 0
62 71 0 1652 0 0 0
62 72 0 792 -637 202 2
62 73 0 341 0 0 0
62 74 0 123 -588 269 3
62 75 0 35 0 0 0
62 76 0 7 -493 333 2
62 77 0 0 0 0 0
62 78 0 0 -367 342 2
62 96 0 0 -99 32 -4
62 97 0 0 -96 0 22
63 2 0 0 -822 25 7
63 3 0 0 -781 21 3
63 5 0 0 -729 -1 0
63 6 0 0 -737 -1 0
63 8 0 0 -730 -1 0
63 10 0 0 -782 -10 -1
63 11 0 0 -774 -8 0
63 12 0 0 -775 3 0
63 13 0 0 -798 -2 2
63 22 0 0 -718 -4 5
63 23 0 0 -688 -3 1
63 24 0 0 -715 3 0
63 25 0 0 -718 3 -2
63 27 0 0 -673 -13 0
63 29 0 0 -674 -20 0
63 49 0 0 -649 -3 0
63 51 0 12 -656 -4 0
63 52 0 61 0 0 0
63 53 0 213 -662 -4 0
63 54 0 596 0 0 0
63 55 0 1366 -667 -4 0
63 56 0 2634 0 0 0
63 57 0 4431 -671 -1 0
63 58 0 6702 0 0 0
63 59 0 9210 -675 4 0
63 60 0 11716 0 0 0
63 61 0 14388 -678 13 0
63 62 0 17448 0 0 0
63 63 0 20020 -680 26 0
63 64 0 20469 0 0 0
63 65 0 18306 -681 45 0
63 66 0 14811 0 0 0
63 67 0 11371 -679 70 0
63 68 0 8239 0 0 0
63 69 0 5405 -675 105 0
63 70 0 3180 0 0 0
63 71 0 1725 0 0 0
63 72 0 867 0 0 0
63 73 0 378 0 0 0
63 74 0 134 0 0 0
63 75 0 36 0 0 0
63 76 0 7 0 0 0
63 80 0 0 -281 300 2
63 83 0 0 -218 255 0
63 85 0 0 -175 211 0
63 87 0 0 -145 170 1
63 89 0 0 -123 133 1
63 91 0 0 -107 99 1
63 93 0 0 -96 68 0
63 95 0 0 -89 41 0
63 96 0 0 -79 9 0
63 97 0 0 -80 1 -16
64 2 0 0 -782 17 0
64 3 0 0 -776 -28 0
64 10 0 0 -779 13 0
64 11 0 0 -774 5 0
64 12 0 0 -760 1 2
64 13 0 0 -787 1 3
64 22 0 0 -682 8 -3
64 23 0 0 -662 4 3
64 24 0 0 -713 -13 0
64 25 0 0 -713 -20 0
64 37 0 0 -637 -25 0
64 39 0 0 -631 -21 0
64 41 0 0 -629 -18 0
64 43 0 0 -630 -14 0
64 51 0 14 0 0 0
64 52 0 63 0 0 0
64 53 0 222 0 0 0
64 54 0 630 0 0 0
64 55 0 1483 0 0 0
64 56 0 2992 0 0 0
64 57 0 5298 0 0 0
64 58 0 8373 0 0 0
64 59 0 11731 0 0 0
64 60 0 14649 0 0 0
64 61 0 17132 0 0 0
64 62 0 19828 0 0 0
64 63 0 22407 0 0 0
64 64 0 23072 0 0 0
64 65 0 20438 0 0 0
64 66 0 15666 0 0 0
64 67 0 11291 0 0 0
64 68 0 8148 0 0 0
64 69 0 5755 0 0 0
64 70 0 3793 -715 163 -2
64 71 0 2265 0 0 0
64 72 0 1191 -711 248 2
64 73 0 525 0 0 0
64 74 0 183 -671 341 -4
64 75 0 49 0 0 0
64 76 0 10 -540 466 1
64 78 0 0 -348 466 1
64 80 0 0 -228 372 4
64 83 0 0 -166 307 2
64 85 0 0 -128 244 0
64 91 0 0 -74 111 0
64 93 0 0 -67 75 0
64 95 0 0 -60 46 0
64 96 0 0 -71 33 -2
64 97 0 0 -65 2 12
65 2 0 0 -821 25 7
65 3 0 0 -779 20 3
65 5 0 0 -728 -2 0
65 6 0 0 -736 -3 0
65 8 0 0 -731 -3 0
65 10 0 0 -782 -11 -1
65 11 0 0 -775 -9 0
65 12 0 0 -776 3 0
65 13 0 0 -799 -2 3
65 22 0 0 -714 -5 4
65 23 0 0 -683 -3 2
65 24 0 0 -711 5 0
65 25 0 0 -714 6 -3
65 27 0 0 -667 -8 0
65 29 0 0 -669 -13 0
65 31 0 0 -661 -17 0
65 33 0 0 -653 -22 0
65 35 0 0 -644 -24 0
65 45 0 0 -636 -11 0
65 47 0 0 -642 -11 0
65 49 0 0 -649 -10 0
65 51 0 12 -655 -11 0
65 52 0 53 0 0 0
65 53 0 191 -662 -11 0
65 54 0 564 0 0 0
65 55 0 1408 -669 -10 0
65 56 0 3080 0 0 0
65 57 0 5980 -676 -6 0
65 58 0 10294 0 0 0
65 59 0 15320 -683 -1 0
65 60 0 19583 0 0 0
65 61 0 22660 -690 8 0
65 62 0 25636 0 0 0
65 63 0 28759 -697 21 0
65 64 0 29900 0 0 0
65 65 0 26457 -704 43 0
65 66 0 19592 0 0 0
65 67 0 13521 -711 69 -1
65 68 0 9763 0 0 0
65 69 0 7197 -717 113 -1
65 70 0 4946 0 0 0
65 71 0 2990 0 0 0
65 72 0 1550 0 0 0
65 73 0 669 0 0 0
65 74 0 229 0 0 0
65 75 0 59 0 0 0
65 76 0 12 0 0 0
65 87 0 0 -103 193 0
65 89 0 0 -86 149 0
65 96 0 0 -45 16 0
65 97 0 0 -47 2 -10
66 2 0 0 -779 17 0
66 3 0 0 -774 -29 0
66 10 0 0 -780 13 -1
66 11 0 0 -775 4 0
66 12 0 0 -762 1 2
66 13 0 0 -788 1 3
66 22 0 0 -676 9 -4
66 23 0 0 -659 5 3
66 24 0 0 -710 -12 0
66 25 0 0 -709 -17 0
66 51 0 9 0 0 0
66 52 0 38 0 0 0
66 53 0 140 0 0 0
66 54 0 436 0 0 0
66 55 0 1177 0 0 0
66 56 0 2855 0 0 0
66 57 0 6216 0 0 0
66 58 0 11819 0 0 0
66 59 0 18860 0 0 0
66 60 0 25170 0 0 0
66 61 0 29931 0 0 0
66 62 0 34347 0 0 0
66 63 0 38433 0 0 0
66 64 0 39403 0 0 0
66 65 0 34273 0 0 0
66 66 0 24769 0 0 0
66 67 0 16531 0 0 0
66 68 0 11629 0 0 0
66 69 0 8418 0 0 0
66 70 0 5627 -788 153 -1
66 71 0 3261 0 0 0
66 72 0 1611 -814 249 7
66 73 0 668 0 0 0
66 74 0 222 -801 320 1
66 75 0 56 -720 445 -6
66 76 0 11 -668 581 15
66 77 0 0 -465 697 -25
66 78 0 0 -332 677 -5
66 79 0 0 -216 542 -2
66 80 0 0 -195 480 1
66 81 0 0 -120 409 0
66 82 0 0 -138 373 2
66 83 0 0 -79 318 3
66 84 0 0 -105 296 4
66 85 0 0 -55 249 4
66 86 0 0 -85 234 6
66 87 0 0 -44 192 5
66 88 0 0 -70 182 7
66 89 0 0 -37 145 4
66 90 0 0 -59 136 6
66 91 0 0 -33 104 4
66 92 0 0 -51 96 5
66 93 0 0 -33 67 4
66 94 0 0 -44 58 4
66 95 0 0 -33 32 2
66 96 0 0 -40 24 0
66 97 0 0 -30 3 3
67 2 0 0 -818 24 7
67 3 0 0 -776 19 3
67 5 0 0 -726 -3 0
67 6 0 0 -736 -5 0
67 8 0 0 -730 -5 0
67 10 0 0 -783 -11 -2
67 11 0 0 -776 -11 0
67 12 0 0 -778 2 0
67 13 0 0 -801 -2 3
67 22 0 0 -711 -4 2
67 23 0 0 -680 -3 2
67 24 0 0 -710 6 0
67 25 0 0 -711 9 -3
67 27 0 0 -662 -3 0
67 29 0 0 -664 -7 0
67 31 0 0 -656 -10 0
67 33 0 0 -650 -15 0
67 35 0 0 -642 -17 0
67 37 0 0 -637 -19 0
67 39 0 0 -632 -19 0
67 41 0 0 -631 -18 0
67 43 0 0 -632 -17 0
67 45 0 0 -636 -16 0
67 47 0 0 -641 -17 0
67 49 0 0 -648 -17 0
67 51 0 6 -655 -18 0
67 52 0 29 0 0 0
67 53 0 108 -663 -18 0
67 54 0 341 0 0 0
67 55 0 965 -671 -17 0
67 56 0 2519 0 0 0
67 57 0 6011 -680 -14 0
67 58 0 12375 0 0 0
67 59 0 20986 -690 -9 0
67 60 0 29675 0 0 0
67 61 0 37586 -701 0 0
67 62 0 45074 0 0 0
67 63 0 50531 -714 11 0
67 64 0 50396 0 0 0
67 65 0 42397 -729 32 0
67 66 0 29420 0 0 0
67 67 0 18438 -746 58 0
67 68 0 12108 0 0 0
67 69 0 8267 -768 101 0
67 70 0 5193 0 0 0
67 71 0 2804 0 0 0
67 72 0 1290 0 0 0
67 73 0 506 0 0 0
67 74 0 161 -923 301 -13
67 75 0 39 -922 445 -31
67 76 0 8 -752 649 -34
67 77 0 0 -665 855 -9
67 78 0 0 -163 733 0
67 79 0 0 -123 625 5
67 80 0 0 -96 505 10
67 81 0 0 -76 457 8
67 82 0 0 -70 386 8
67 83 0 0 -56 349 4
67 84 0 0 -52 298 6
67 85 0 0 -41 269 3
67 86 0 0 -40 230 5
67 87 0 0 -33 208 1
67 88 0 0 -31 175 5
67 89 0 0 -27 158 2
67 90 0 0 -24 129 4
67 91 0 0 -23 115 2
67 92 0 0 -21 87 3
67 93 0 0 -21 78 2
67 94 0 0 -19 51 2
67 95 0 0 -20 45 2
67 96 0 0 -19 14 1
67 97 0 0 -19 1 0
68 2 0 0 -775 16 0
68 3 0 0 -769 -30 -1
68 10 0 0 -781 12 -2
68 11 0 0 -776 2 0
68 12 0 0 -765 0 3
68 13 0 0 -790 1 3
68 22 0 0 -673 10 -5
68 23 0 0 -659 5 4
68 24 0 0 -710 -10 0
68 25 0 0 -708 -13 0
68 51 0 6 0 0 0
68 52 0 34 0 0 0
68 53 0 123 0 0 0
68 54 0 367 0 0 0
68 55 0 960 0 0 0
68 56 0 2363 0 0 0
68 57 0 5596 0 0 0
68 58 0 11877 0 0 0
68 59 0 21298 0 0 0
68 60 0 32665 0 0 0
68 61 0 44843 0 0 0
68 62 0 55675 0 0 0
68 63 0 61922 0 0 0
68 64 0 60702 0 0 0
68 65 0 49920 0 0 0
68 66 0 32832 0 0 0
68 67 0 18574 0 0 0
68 68 0 10916 0 0 0
68 69 0 6874 0 0 0
68 70 0 3992 -860 100 -2
68 71 0 1967 0 0 0
68 72 0 820 -913 191 -8
68 73 0 295 0 0 0
68 74 0 87 -1028 263 0
68 75 0 20 -1084 383 -8
68 76 0 4 -2048 1280 124
68 77 0 0 -1777 1249 314
68 78 0 0 88 356 -4
68 79 0 0 11 569 12
68 80 0 0 -4 524 3
68 81 0 0 -6 483 4
68 82 0 0 -3 395 2
68 83 0 0 -5 369 5
68 84 0 0 0 300 2
68 85 0 0 -3 283 4
68 86 0 0 0 230 1
68 87 0 0 -3 217 3
68 88 0 0 0 176 1
68 89 0 0 -2 162 3
68 90 0 0 0 131 0
68 91 0 0 -1 115 3
68 92 0 0 0 91 0
68 93 0 0 -1 75 2
68 94 0 0 -1 55 0
68 95 0 0 -1 39 2
68 96 0 0 0 19 0
68 97 0 0 -1 1 0
69 2 0 0 -813 24 7
69 3 0 0 -770 17 3
69 5 0 0 -723 -5 -1
69 6 0 0 -734 -7 0
69 8 0 0 -730 -9 -1
69 10 0 0 -785 -10 -3
69 11 0 0 -778 -14 0
69 12 0 0 -782 1 0
69 13 0 0 -804 -2 3
69 22 0 0 -711 -4 2
69 23 0 0 -680 -2 3
69 24 0 0 -711 7 0
69 25 0 0 -712 12 -4
69 27 0 0 -658 2 0
69 29 0 0 -662 -1 0
69 31 0 0 -652 -3 0
69 33 0 0 -647 -8 0
69 35 0 0 -640 -11 0
69 37 0 0 -635 -15 0
69 39 0 0 -632 -17 0
69 41 0 0 -631 -18 0
69 43 0 0 -632 -19 0
69 45 0 0 -636 -20 0
69 47 0 0 -641 -22 0
69 49 0 0 -647 -24 0
69 51 0 10 -654 -26 0
69 52 0 53 0 0 0
69 53 0 184 -663 -27 0
69 54 0 512 0 0 0
69 55 0 1191 -673 -27 0
69 56 0 2516 0 0 0
69 57 0 5288 -684 -26 0
69 58 0 10959 0 0 0
69 59 0 20709 -696 -22 0
69 60 0 34603 0 0 0
69 61 0 50507 -711 -15 0
69 62 0 63092 0 0 0
69 63 0 68652 -730 -6 0
69 64 0 66402 0 0 0
69 65 0 53747 -751 11 0
69 66 0 33467 0 0 0
69 67 0 16823 -779 30 0
69 68 0 8593 0 0 0
69 69 0 4930 -812 69 0
69 70 0 2645 0 0 0
69 71 0 1181 0 0 0
69 72 0 434 0 0 0
69 73 0 138 0 0 0
69 74 0 35 -1080 153 7
69 75 0 7 -1135 207 -13
69 76 0 1 -1343 157 7
69 77 0 0 -1392 36 -7
70 2 0 0 -768 15 -1
70 3 0 0 -763 -33 -1
70 10 0 0 -783 10 -3
70 11 0 0 -778 0 0
70 12 0 0 -772 0 4
70 13 0 0 -794 0 3
70 22 0 0 -673 11 -6
70 23 0 0 -661 6 6
70 24 0 0 -711 -9 0
70 25 0 0 -709 -13 -3
70 51 0 13 0 0 0
70 52 0 72 0 0 0
70 53 0 248 0 0 0
70 54 0 670 0 0 0
70 55 0 1468 0 0 0
70 56 0 2815 0 0 0
70 57 0 5372 0 0 0
70 58 0 10867 0 0 0
70 59 0 21135 0 0 0
70 60 0 36278 0 0 0
70 61 0 53130 0 0 0
70 62 0 65904 0 0 0
70 63 0 70922 0 0 0
70 64 0 66893 0 0 0
70 65 0 51818 0 0 0
70 66 0 30179 0 0 0
70 67 0 13509 0 0 0
70 68 0 5864 0 0 0
70 69 0 2988 0 0 0
70 70 0 1485 0 0 0
70 71 0 610 0 0 0
70 72 0 198 0 0 0
70 73 0 54 0 0 0
70 74 0 10 -1075 110 4
70 75 0 2 -1101 87 -3
70 76 0 0 -1166 26 5
70 77 0 0 -1251 -1 -19
71 2 0 0 -805 23 7
71 3 0 0 -762 15 2
71 5 0 0 -718 -9 -1
71 6 0 0 -732 -12 0
71 8 0 0 -731 -18 -1
71 10 0 0 -785 -12 -3
71 11 0 0 -778 -18 -2
71 12 0 0 -788 0 1
71 13 0 0 -808 -3 3
71 22 0 0 -712 -4 0
71 23 0 0 -682 -3 4
71 24 0 0 -711 11 1
71 25 0 0 -710 10 -6
71 27 0 0 -657 11 -1
71 29 0 0 -658 7 0
71 31 0 0 -647 5 0
71 33 0 0 -642 -2 0
71 35 0 0 -635 -5 0
71 37 0 0 -632 -11 0
71 39 0 0 -629 -14 0
71 41 0 0 -628 -18 0
71 43 0 0 -630 -21 0
71 45 0 0 -633 -25 0
71 47 0 0 -638 -28 0
71 49 0 0 -645 -31 0
71 51 0 14 -652 -34 0
71 52 0 77 0 0 0
71 53 0 263 -662 -36 0
71 54 0 701 0 0 0
71 55 0 1511 -672 -38 0
71 56 0 2864 0 0 0
71 57 0 5555 -685 -39 0
71 58 0 11620 0 0 0
71 59 0 22764 -700 -38 0
71 60 0 37732 0 0 0
71 61 0 52677 -718 -34 0
71 62 0 64394 0 0 0
71 63 0 69572 -741 -28 0
71 64 0 63195 0 0 0
71 65 0 45180 -766 -17 0
71 66 0 24185 0 0 0
71 67 0 9772 -803 -2 0
71 68 0 3546 0 0 0
71 69 0 1499 -840 20 0
71 70 0 671 -906 41 -1
71 71 0 257 0 0 0
71 72 0 76 -952 86 0
71 73 0 18 0 0 0
71 74 0 2 -1105 55 6
71 75 0 0 -1120 32 -1
71 76 0 0 -1151 12 3
71 77 0 0 -1163 11 2
72 2 0 0 -757 14 -1
72 3 0 0 -753 -36 -2
72 10 0 0 -783 1 -4
72 11 0 0 -779 -5 0
72 12 0 0 -784 -4 6
72 13 0 0 -801 0 3
72 22 0 0 -675 15 -8
72 23 0 0 -671 7 8
72 24 0 0 -707 -5 1
72 25 0 0 -710 -6 -3
72 51 0 12 0 0 0
72 52 0 63 0 0 0
72 53 0 214 0 0 0
72 54 0 567 0 0 0
72 55 0 1219 0 0 0
72 56 0 2361 0 0 0
72 57 0 4880 0 0 0
72 58 0 10812 0 0 0
72 59 0 21707 0 0 0
72 60 0 35923 0 0 0
72 61 0 49451 0 0 0
72 62 0 60531 0 0 0
72 63 0 65668 0 0 0
72 64 0 56761 0 0 0
72 65 0 36793 0 0 0
72 66 0 18015 0 0 0
72 67 0 6728 0 0 0
72 68 0 2062 0 0 0
72 69 0 651 0 0 0
72 70 0 236 0 0 0
72 71 0 80 0 0 0
72 72 0 22 0 0 0
72 73 0 4 0 0 0
72 74 0 0 -1094 31 4
72 75 0 0 -1118 8 -1
72 76 0 0 -1091 0 7
72 77 0 0 -1124 -2 -23
73 2 0 0 -793 23 7
73 3 0 0 -749 12 2
73 5 0 0 -711 -16 -1
73 6 0 0 -726 -20 0
73 8 0 0 -732 -31 -1
73 10 0 0 -783 -23 -3
73 11 0 0 -778 -34 -2
73 12 0 0 -803 -6 4
73 13 0 0 -819 -2 3
73 22 0 0 -727 -5 -7
73 23 0 0 -697 -1 6
73 24 0 0 -711 27 3
73 25 0 0 -711 17 -3
73 27 0 0 -659 23 -1
73 29 0 0 -656 12 0
73 31 0 0 -642 15 0
73 33 0 0 -636 3 0
73 35 0 0 -630 0 0
73 37 0 0 -626 -8 0
73 39 0 0 -624 -13 0
73 41 0 0 -624 -19 0
73 43 0 0 -626 -24 0
73 45 0 0 -629 -29 0
73 47 0 0 -634 -33 0
73 49 0 0 -641 -38 0
73 51 0 8 -649 -43 0
73 52 0 40 0 0 0
73 53 0 134 -659 -47 0
73 54 0 351 0 0 0
73 55 0 751 -670 -51 0
73 56 0 1458 0 0 0
73 57 0 3143 -684 -54 0
73 58 0 7450 0 0 0
73 59 0 16479 -701 -56 0
73 60 0 30341 0 0 0
73 61 0 45310 -721 -57 0
73 62 0 58464 0 0 0
73 63 0 64634 -747 -55 0
73 64 0 53075 0 0 0
73 65 0 30791 -776 -52 0
73 66 0 13511 0 0 0
73 67 0 4622 -817 -43 0
73 68 0 1225 0 0 0
73 69 0 281 -859 -32 0
73 70 0 70 -927 -16 0
73 71 0 19 0 0 0
73 72 0 5 -970 2 -1
73 73 0 1 0 0 0
73 74 0 0 -1103 6 -1
73 75 0 0 -1114 -8 -4
73 76 0 0 -1101 3 6
73 77 0 0 -1106 8 -12
74 2 0 0 -739 14 -1
74 3 0 0 -737 -41 -3
74 10 0 0 -784 -15 -3
74 11 0 0 -787 -33 1
74 12 0 0 -800 2 2
74 13 0 0 -820 0 5
74 22 0 0 -701 18 -17
74 23 0 0 -690 2 6
74 24 0 0 -708 9 4
74 25 0 0 -712 5 -2
74 51 0 4 0 0 0
74 52 0 19 0 0 0
74 53 0 64 0 0 0
74 54 0 166 0 0 0
74 55 0 350 0 0 0
74 56 0 654 0 0 0
74 57 0 1441 0 0 0
74 58 0 3919 0 0 0
74 59 0 10824 0 0 0
74 60 0 24392 0 0 0
74 61 0 41185 0 0 0
74 62 0 55849 0 0 0
74 63 0 62602 0 0 0
74 64 0 50748 0 0 0
74 65 0 28204 0 0 0
74 66 0 11506 0 0 0
74 67 0 3516 0 0 0
74 68 0 783 0 0 0
74 69 0 133 0 0 0
74 70 0 19 0 0 0
74 71 0 2 0 0 0
74 72 0 0 0 0 0
74 73 0 0 0 0 0
74 74 0 0 -1106 -16 -4
74 75 0 0 -1119 -22 -1
74 76 0 0 -1080 -2 8
74 77 0 0 -1099 -11 -24
75 2 0 0 -775 23 6
75 3 0 0 -731 8 1
75 5 0 0 -699 -24 -2
75 6 0 0 -717 -34 1
75 8 0 0 -735 -55 -1
75 10 0 0 -789 -53 -3
75 11 0 0 -798 -70 -1
75 12 0 0 -836 0 4
75 13 0 0 -829 4 10
75 22 0 0 -763 -3 -15
75 23 0 0 -721 -14 10
75 24 0 0 -713 49 3
75 25 0 0 -713 36 -5
75 27 0 0 -660 45 0
75 29 0 0 -651 25 0
75 31 0 0 -635 25 -1
75 33 0 0 -628 10 0
75 35 0 0 -622 4 0
75 37 0 0 -619 -5 0
75 39 0 0 -618 -12 0
75 41 0 0 -618 -20 0
75 43 0 0 -620 -27 0
75 45 0 0 -624 -33 0
75 47 0 0 -629 -39 0
75 49 0 0 -636 -46 0
75 51 0 1 -644 -52 0
75 52 0 7 0 0 0
75 53 0 23 -654 -58 0
75 54 0 61 0 0 0
75 55 0 124 -666 -64 0
75 56 0 216 0 0 0
75 57 0 502 -680 -70 0
75 58 0 1762 0 0 0
75 59 0 6457 -698 -75 0
75 60 0 17737 0 0 0
75 61 0 32969 -719 -80 0
75 62 0 44266 0 0 0
75 63 0 47354 -746 -84 0
75 64 0 38878 0 0 0
75 65 0 23283 -778 -90 0
75 66 0 10108 0 0 0
75 67 0 3015 -822 -89 0
75 68 0 588 0 0 0
75 69 0 77 -867 -92 -1
75 70 0 4 -940 -77 1
75 72 0 0 -987 -76 0
75 74 0 0 -1104 -28 -1
75 75 0 0 -1116 -38 -1
75 76 0 0 -1104 7 7
75 77 0 0 -1119 -3 -28
76 2 0 0 -713 14 -1
76 3 0 0 -715 -46 -4
76 10 0 0 -802 -62 -3
76 11 0 0 -839 -79 0
76 12 0 0 -906 66 -58
76 13 0 0 -555 71 -74
76 22 0 0 -557 -57 -81
76 23 0 0 -736 -82 15
76 24 0 0 -782 36 4
76 25 0 0 -734 37 -5
76 51 0 0 0 0 0
76 52 0 2 0 0 0
76 53 0 6 0 0 0
76 54 0 17 0 0 0
76 55 0 34 0 0 0
76 56 0 55 0 0 0
76 57 0 140 0 0 0
76 58 0 681 0 0 0
76 59 0 3190 0 0 0
76 60 0 10353 0 0 0
76 61 0 21073 0 0 0
76 62 0 27627 0 0 0
76 63 0 26554 0 0 0
76 64 0 21470 0 0 0
76 65 0 14521 0 0 0
76 66 0 7170 0 0 0
76 67 0 2270 0 0 0
76 68 0 436 0 0 0
76 69 0 51 0 0 0
76 70 0 1 0 0 0
76 74 0 0 -1143 -77 -4
76 75 0 0 -1126 -21 -5
76 76 0 0 -1023 128 9
76 77 0 0 -1101 -15 -28
77 2 0 0 -750 22 6
77 3 0 0 -704 4 1
77 5 0 0 -681 -36 -2
77 6 0 0 -696 -57 -1
77 8 0 0 -723 -90 -9
77 10 0 0 -767 -139 1
77 11 0 0 -794 -180 -17
77 12 0 0 -977 -441 -16
77 13 0 0 -275 -171 -221
77 14 0 0 -53 -469 -30
77 15 0 0 -3 -222 -6
77 21 0 0 0 277 1
77 22 0 0 -46 -17 4
77 23 0 0 -905 25 2
77 24 0 0 -788 145 -17
77 25 0 0 -723 118 0
77 27 0 0 -662 81 -6
77 29 0 0 -638 45 0
77 30 0 0 -623 38 0
77 33 0 0 -616 17 0
77 35 0 0 -612 8 0
77 37 0 0 -609 -4 0
77 39 0 0 -609 -12 0
77 41 0 0 -610 -22 0
77 43 0 0 -613 -30 0
77 45 0 0 -617 -38 0
77 47 0 0 -622 -45 0
77 49 0 0 -629 -53 0
77 51 0 0 -637 -61 0
77 52 0 0 0 0 0
77 53 0 1 -647 -69 0
77 54 0 3 0 0 0
77 55 0 6 -659 -77 0
77 56 0 8 0 0 0
77 57 0 26 -673 -86 0
77 58 0 214 0 0 0
77 59 0 1259 -691 -94 0
77 60 0 4723 0 0 0
77 61 0 10540 -712 -105 0
77 62 0 13940 0 0 0
77 63 0 12120 -739 -114 0
77 64 0 9071 0 0 0
77 65 0 6560 -771 -128 0
77 66 0 3568 0 0 0
77 67 0 1199 -816 -135 0
77 68 0 236 0 0 0
77 69 0 27 -869 -156 -1
77 70 0 0 -946 -146 1
77 72 0 0 -1041 -180 0
77 74 0 0 -1187 -127 -9
77 75 0 0 -1253 -107 -26
77 76 0 0 -992 203 6
77 77 0 0 -921 -5 -47
78 2 0 0 -681 14 0
78 3 0 0 -685 -50 -4
78 10 0 0 -680 -145 -19
78 11 0 0 -681 -215 -15
78 12 0 0 -619 -391 -26
78 13 0 0 -602 -489 -17
78 14 0 0 -188 -409 -13
78 15 0 0 -147 -335 -18
78 16 0 0 -67 -210 -8
78 17 0 0 -50 -110 -3
78 18 0 0 -59 17 -5
78 19 0 0 -67 42 -9
78 20 0 0 -108 207 -8
78 21 0 0 -124 270 -4
78 22 0 0 -385 495 -23
78 23 0 0 -516 416 -19
78 24 0 0 -647 212 -11
78 25 0 0 -637 136 -14
78 57 0 2 0 0 0
78 58 0 60 0 0 0
78 59 0 421 0 0 0
78 60 0 1720 0 0 0
78 61 0 4018 0 0 0
78 62 0 5334 0 0 0
78 63 0 4339 0 0 0
78 64 0 2903 0 0 0
78 65 0 2042 0 0 0
78 66 0 1147 0 0 0
78 67 0 397 0 0 0
78 68 0 79 0 0 0
78 69 0 9 0 0 0
78 70 0 0 0 0 0
78 74 0 0 -1262 -206 -7
78 75 0 0 -1486 -260 -36
78 76 0 0 -1485 -220 28
78 77 0 0 637 394 167
79 2 0 0 -717 22 7
79 3 0 0 -672 3 0
79 5 0 0 -650 -45 -1
79 6 0 0 -658 -80 -4
79 8 0 0 -656 -121 -11
79 10 0 0 -608 -212 -22
79 11 0 0 -586 -234 -23
79 12 0 0 -584 -332 -29
79 13 0 0 -489 -360 -19
79 14 0 0 -358 -365 -24
79 15 0 0 -224 -241 -11
79 16 0 0 -175 -185 -11
79 17 0 0 -145 -82 -5
79 18 0 0 -145 -27 -5
79 19 0 0 -162 69 -10
79 20 0 0 -182 135 -8
79 21 0 0 -273 237 -19
79 22 0 0 -367 293 -23
79 23 0 0 -520 336 -21
79 24 0 0 -528 225 -22
79 25 0 0 -555 203 -20
79 27 0 0 -602 109 -10
79 29 0 0 -608 77 -4
79 30 0 0 -604 47 0
79 32 0 0 -600 27 0
79 35 0 0 -599 11 0
79 37 0 0 -598 -2 0
79 39 0 0 -600 -13 0
79 41 0 0 -601 -24 0
79 43 0 0 -604 -33 0
79 45 0 0 -609 -42 0
79 47 0 0 -614 -51 0
79 49 0 0 -621 -60 0
79 51 0 0 -629 -70 0
79 53 0 0 -638 -80 0
79 55 0 0 -650 -90 0
79 57 0 0 -663 -101 0
79 58 0 14 0 0 0
79 59 0 110 -680 -113 0
79 60 0 464 0 0 0
79 61 0 1081 -700 -128 0
79 62 0 1403 0 0 0
79 63 0 1076 -725 -143 0
79 64 0 636 0 0 0
79 65 0 405 -757 -165 0
79 66 0 223 0 0 0
79 67 0 77 -796 -185 0
79 68 0 15 0 0 0
79 69 0 1 -852 -222 -1
79 70 0 0 -920 -254 2
79 72 0 0 -1045 -327 -12
79 74 0 0 -1108 -543 0
79 75 0 0 -1199 -761 -41
79 76 0 0 -1638 -1111 75
79 77 0 0 -34 -1438 -22
79 78 0 0 7 -1227 -15
79 79 0 0 3 -866 1
79 80 0 0 8 -842 -4
79 81 0 0 -9 -675 -10
79 82 0 0 5 -636 -8
79 83 0 0 -14 -557 -18
79 84 0 0 9 -510 -15
79 85 0 0 -14 -461 -18
79 86 0 0 13 -410 -20
79 87 0 0 -12 -378 -12
79 88 0 0 17 -323 -24
79 89 0 0 -9 -303 -3
79 90 0 0 16 -246 -23
79 91 0 0 -6 -229 4
79 92 0 0 14 -175 -20
79 93 0 0 -3 -154 10
79 94 0 0 10 -106 -16
79 95 0 0 -1 -79 11
79 96 0 0 6 -38 -8
79 97 0 0 -22 -7 0
80 2 0 0 -648 13 -1
80 3 0 0 -652 -50 -4
80 15 0 0 -356 -219 -12
80 17 0 0 -286 -100 -8
80 18 0 0 -270 10 -8
80 20 0 0 -314 139 -8
80 58 0 2 0 0 0
80 59 0 18 0 0 0
80 60 0 79 0 0 0
80 61 0 183 0 0 0
80 62 0 233 0 0 0
80 63 0 171 0 0 0
80 64 0 89 0 0 0
80 65 0 49 0 0 0
80 66 0 25 0 0 0
80 67 0 8 0 0 0
80 68 0 1 0 0 0
80 69 0 0 0 0 0
80 74 0 0 -911 -522 -24
80 75 0 0 -931 -718 -51
80 76 0 0 -933 -949 -55
80 77 0 0 -524 -1098 -12
80 78 0 0 -251 -935 -9
80 79 0 0 -191 -848 -6
80 80 0 0 -134 -706 -10
80 81 0 0 -95 -649 -6
80 82 0 0 -89 -561 -8
80 83 0 0 -62 -516 -1
80 84 0 0 -69 -457 -6
80 85 0 0 -47 -420 0
80 86 0 0 -59 -371 -6
80 87 0 0 -40 -338 1
80 88 0 0 -53 -295 -5
80 89 0 0 -36 -265 1
80 90 0 0 -49 -227 -5
80 91 0 0 -36 -197 2
80 92 0 0 -47 -164 -4
80 93 0 0 -35 -129 0
80 94 0 0 -44 -104 -2
80 95 0 0 -37 -67 0
80 96 0 0 -41 -43 0
80 97 0 0 -39 -6 10
81 2 0 0 -684 22 8
81 3 0 0 -642 6 1
81 5 0 0 -614 -44 0
81 6 0 0 -613 -73 0
81 8 0 0 -603 -123 -7
81 10 0 0 -589 -151 -9
81 12 0 0 -507 -218 -16
81 23 0 0 -435 178 -12
81 25 0 0 -539 128 -9
81 27 0 0 -555 101 -5
81 29 0 0 -570 66 -1
81 31 0 0 -577 45 0
81 32 0 0 -580 24 0
81 35 0 0 -583 10 0
81 37 0 0 -585 -4 0
81 39 0 0 -588 -15 0
81 41 0 0 -591 -27 -1
81 43 0 0 -594 -37 -1
81 45 0 0 -599 -47 -1
81 47 0 0 -604 -57 0
81 49 0 0 -611 -68 0
81 51 0 0 -618 -78 0
81 53 0 0 -627 -90 0
81 55 0 0 -638 -102 0
81 57 0 0 -650 -116 0
81 58 0 0 0 0 0
81 59 0 1 -665 -131 0
81 60 0 8 0 0 0
81 61 0 18 -683 -149 0
81 62 0 22 0 0 0
81 63 0 15 -703 -170 0
81 64 0 5 0 0 0
81 65 0 1 -729 -197 0
81 66 0 0 0 0 0
81 67 0 0 -759 -230 0
81 69 0 0 -799 -280 0
81 70 0 0 -840 -345 0
81 72 0 0 -875 -452 -9
81 74 0 0 -808 -618 -19
81 75 0 0 -765 -698 -29
81 76 0 0 -703 -860 -34
81 77 0 0 -551 -900 -7
81 78 0 0 -368 -847 -13
81 79 0 0 -245 -763 -4
81 80 0 0 -218 -699 -5
81 81 0 0 -141 -634 -2
81 82 0 0 -154 -581 -5
81 83 0 0 -103 -525 -6
81 84 0 0 -117 -479 -6
81 85 0 0 -79 -431 -7
81 86 0 0 -101 -392 -7
81 87 0 0 -68 -346 -8
81 88 0 0 -90 -315 -6
81 89 0 0 -61 -270 -8
81 90 0 0 -82 -244 -7
81 91 0 0 -58 -199 -9
81 92 0 0 -79 -176 -8
81 93 0 0 -57 -130 -4
81 94 0 0 -71 -113 -7
81 95 0 0 -59 -65 -2
81 96 0 0 -73 -50 1
81 97 0 0 -63 -7 -3
82 2 0 0 -619 11 0
82 3 0 0 -625 -47 -3
82 12 0 0 -484 -151 -1
82 15 0 0 -407 -137 -2
82 17 0 0 -360 -72 -2
82 18 0 0 -355 -2 -3
82 20 0 0 -376 75 -2
82 23 0 0 -449 111 -2
82 81 0 0 -286 -586 -9
82 83 0 0 -222 -507 -5
82 85 0 0 -180 -421 -3
82 87 0 0 -154 -349 -2
82 89 0 0 -139 -278 -1
82 91 0 0 -129 -214 -2
82 93 0 0 -124 -148 -1
82 95 0 0 -118 -92 0
82 96 0 0 -97 -34 0
82 97 0 0 -102 -6 19
83 2 0 0 -656 23 9
83 3 0 0 -618 9 1
83 5 0 0 -588 -35 -1
83 7 0 0 -582 -61 -2
83 8 0 0 -571 -89 -1
83 10 0 0 -529 -121 -3
83 25 0 0 -493 97 -4
83 27 0 0 -538 74 0
83 29 0 0 -552 55 -1
83 31 0 0 -562 37 0
83 33 0 0 -567 20 0
83 35 0 0 -571 6 0
83 37 0 0 -573 -7 0
83 39 0 0 -577 -19 0
83 41 0 0 -580 -30 0
83 43 0 0 -583 -41 0
83 45 0 0 -588 -52 0
83 47 0 0 -593 -63 0
83 49 0 0 -601 -75 0
83 51 0 0 -607 -86 0
83 53 0 0 -616 -99 0
83 55 0 0 -626 -113 0
83 57 0 0 -636 -128 0
83 59 0 0 -649 -146 0
83 61 0 0 -663 -166 0
83 63 0 0 -680 -189 0
83 65 0 0 -698 -219 0
83 67 0 0 -718 -254 0
83 69 0 0 -739 -305 0
83 70 0 0 -754 -367 0
83 72 0 0 -763 -465 -7
83 74 0 0 -732 -557 -11
83 76 0 0 -603 -687 -20
83 78 0 0 -399 -683 -14
83 96 0 0 -140 -57 5
83 97 0 0 -126 -8 0
84 2 0 0 -596 9 -1
84 3 0 0 -603 -44 -3
84 8 0 0 -542 -76 0
84 10 0 0 -520 -94 2
84 12 0 0 -486 -102 0
84 15 0 0 -435 -89 0
84 17 0 0 -415 -48 1
84 18 0 0 -415 -6 0
84 20 0 0 -425 35 1
84 23 0 0 -456 63 1
84 25 0 0 -493 61 2
84 27 0 0 -514 58 0
84 78 0 0 -411 -576 -1
84 81 0 0 -334 -519 -2
84 83 0 0 -275 -461 -1
84 85 0 0 -238 -396 -2
84 87 0 0 -213 -330 -1
84 89 0 0 -196 -266 -1
84 91 0 0 -186 -204 -2
84 93 0 0 -177 -142 0
84 95 0 0 -173 -88 0
84 96 0 0 -163 -24 1
84 97 0 0 -171 -7 24
85 2 0 0 -632 22 10
85 3 0 0 -599 12 2
85 5 0 0 -562 -30 0
85 7 0 0 -556 -49 0
85 29 0 0 -530 41 0
85 31 0 0 -542 28 -1
85 33 0 0 -548 14 -1
85 35 0 0 -554 1 -1
85 37 0 0 -559 -11 -1
85 39 0 0 -564 -22 -1
85 41 0 0 -567 -34 -1
85 43 0 0 -571 -46 -2
85 45 0 0 -576 -57 -1
85 46 0 0 -580 -69 -3
85 49 0 0 -588 -81 -2
85 51 0 0 -593 -92 -3
85 53 0 0 -601 -107 -3
85 55 0 0 -609 -122 -3
85 57 0 0 -617 -139 -3
85 59 0 0 -628 -158 -3
85 61 0 0 -639 -180 -3
85 63 0 0 -651 -204 -3
85 65 0 0 -665 -236 -2
85 67 0 0 -674 -269 -1
85 69 0 0 -687 -316 -1
85 70 0 0 -681 -364 -1
85 72 0 0 -677 -432 -2
85 74 0 0 -622 -508 -1
85 76 0 0 -547 -573 -2
85 96 0 0 -200 -58 7
85 97 0 0 -195 -5 -6
86 2 0 0 -579 7 -2
86 3 0 0 -586 -40 -3
86 10 0 0 -514 -62 0
86 12 0 0 -494 -69 0
86 14 0 0 -467 -59 0
86 16 0 0 -450 -35 2
86 18 0 0 -447 -9 1
86 20 0 0 -456 18 2
86 22 0 0 -480 35 1
86 24 0 0 -499 38 1
86 74 0 0 -595 -452 2
86 76 0 0 -534 -486 0
86 78 0 0 -455 -490 1
86 81 0 0 -393 -454 0
86 83 0 0 -346 -415 0
86 85 0 0 -309 -362 0
86 87 0 0 -284 -309 0
86 89 0 0 -264 -253 0
86 91 0 0 -253 -197 0
86 93 0 0 -243 -138 1
86 95 0 0 -235 -86 0
86 96 0 0 -225 -17 1
86 97 0 0 -237 -7 26
87 2 0 0 -614 23 10
87 3 0 0 -583 15 2
87 5 0 0 -549 -20 -1
87 7 0 0 -538 -37 0
87 8 0 0 -527 -50 0
87 26 0 0 -519 33 1
87 28 0 0 -528 25 0
87 31 0 0 -538 15 0
87 33 0 0 -543 5 0
87 35 0 0 -547 -5 0
87 37 0 0 -554 -17 0
87 39 0 0 -557 -27 0
87 41 0 0 -558 -38 0
87 43 0 0 -558 -50 0
87 45 0 0 -569 -62 0
87 46 0 0 -567 -74 0
87 49 0 0 -578 -87 0
87 51 0 0 -577 -99 0
87 53 0 0 -585 -114 0
87 55 0 0 -592 -129 0
87 57 0 0 -597 -146 0
87 59 0 0 -608 -166 -1
87 61 0 0 -615 -188 -1
87 63 0 0 -625 -212 -1
87 65 0 0 -634 -242 -1
87 67 0 0 -642 -275 -2
87 69 0 0 -646 -313 -1
87 70 0 0 -644 -357 -1
87 72 0 0 -621 -402 0
87 96 0 0 -261 -56 8
87 97 0 0 -261 -2 -6
88 2 0 0 -560 6 -2
88 3 0 0 -571 -38 -3
88 79 0 0 -450 -433 0
88 81 0 0 -409 -409 0
88 83 0 0 -371 -376 0
88 85 0 0 -344 -333 0
88 87 0 0 -323 -285 0
88 89 0 0 -308 -235 0
88 91 0 0 -301 -180 0
88 93 0 0 -291 -126 1
88 95 0 0 -285 -75 0
88 96 0 0 -282 -12 0
88 97 0 0 -298 -8 22
89 2 0 0 -594 21 10
89 3 0 0 -569 17 2
89 5 0 0 -526 -24 0
89 7 0 0 -524 -36 1
89 8 0 0 -515 -43 1
89 10 0 0 -500 -49 1
89 12 0 0 -486 -50 0
89 14 0 0 -467 -44 0
89 16 0 0 -465 -27 0
89 18 0 0 -466 -10 0
89 21 0 0 -471 4 0
89 23 0 0 -474 18 1
89 25 0 0 -489 20 1
89 27 0 0 -502 20 1
89 29 0 0 -509 15 1
89 31 0 0 -519 8 0
89 33 0 0 -523 0 0
89 35 0 0 -528 -9 0
89 37 0 0 -534 -20 0
89 39 0 0 -539 -31 0
89 41 0 0 -542 -41 0
89 43 0 0 -542 -53 1
89 45 0 0 -550 -66 0
89 46 0 0 -550 -78 0
89 49 0 0 -557 -91 1
89 51 0 0 -561 -104 0
89 53 0 0 -565 -119 1
89 55 0 0 -572 -134 0
89 57 0 0 -576 -152 1
89 59 0 0 -583 -172 0
89 61 0 0 -589 -194 0
89 63 0 0 -594 -220 -1
89 65 0 0 -599 -248 -1
89 67 0 0 -601 -279 -1
89 69 0 0 -601 -311 -1
89 71 0 0 -592 -347 -2
89 73 0 0 -578 -381 -1
89 75 0 0 -545 -411 -1
89 77 0 0 -507 -434 -1
89 96 0 0 -313 -56 9
89 97 0 0 -321 -1 -5
90 2 0 0 -545 0 -3
90 3 0 0 -558 -37 -6
90 96 0 0 -337 -7 0
90 97 0 0 -351 -7 20
91 2 0 0 -580 18 10
91 3 0 0 -551 15 -2
91 5 0 0 -524 -10 -5
91 7 0 0 -524 -21 0
91 8 0 0 -521 -29 1
91 10 0 0 -513 -34 2
91 12 0 0 -507 -35 1
91 14 0 0 -495 -30 2
91 16 0 0 -492 -21 0
91 18 0 0 -489 -11 1
91 21 0 0 -494 -1 1
91 23 0 0 -504 6 2
91 25 0 0 -510 9 1
91 27 0 0 -522 10 1
91 29 0 0 -523 6 1
91 31 0 0 -530 1 1
91 33 0 0 -530 -6 1
91 35 0 0 -532 -14 1
91 37 0 0 -536 -25 2
91 39 0 0 -543 -35 1
91 41 0 0 -545 -46 0
91 43 0 0 -542 -57 1
91 45 0 0 -549 -69 0
91 47 0 0 -550 -82 0
91 49 0 0 -557 -95 0
91 51 0 0 -558 -108 -1
91 53 0 0 -559 -123 0
91 55 0 0 -568 -140 -1
91 57 0 0 -563 -156 0
91 59 0 0 -573 -177 -1
91 61 0 0 -572 -196 0
91 63 0 0 -579 -221 0
91 65 0 0 -581 -244 -1
91 67 0 0 -585 -273 -1
91 69 0 0 -585 -301 -3
91 71 0 0 -578 -330 -2
91 73 0 0 -567 -357 -3
91 75 0 0 -548 -379 -4
91 77 0 0 -519 -393 -4
91 79 0 0 -485 -392 -5
91 81 0 0 -454 -374 -6
91 83 0 0 -426 -349 -5
91 85 0 0 -404 -313 -6
91 87 0 0 -387 -272 -5
91 89 0 0 -374 -226 -5
91 91 0 0 -363 -179 -6
91 93 0 0 -353 -127 -1
91 95 0 0 -344 -83 -3
91 96 0 0 -368 -51 9
91 97 0 0 -371 -1 1
92 2 0 0 -524 -10 -8
92 3 0 0 -541 -58 -11
92 96 0 0 -388 6 1
92 97 0 0 -401 -5 13
93 2 0 0 -554 11 0
93 3 0 0 -530 17 -2
93 5 0 0 -500 -24 5
93 7 0 0 -508 -26 16
93 8 0 0 -510 -35 16
93 10 0 0 -509 -35 13
93 12 0 0 -503 -33 15
93 14 0 0 -499 -35 18
93 16 0 0 -494 -21 9
93 19 0 0 -500 -15 15
93 21 0 0 -498 -5 8
93 23 0 0 -504 1 17
93 25 0 0 -504 3 8
93 27 0 0 -515 5 17
93 29 0 0 -511 2 12
93 31 0 0 -521 -3 15
93 33 0 0 -516 -9 9
93 35 0 0 -521 -16 17
93 37 0 0 -522 -27 10
93 39 0 0 -531 -38 16
93 41 0 0 -528 -47 7
93 43 0 0 -529 -58 14
93 45 0 0 -530 -70 8
93 47 0 0 -531 -78 16
93 49 0 0 -536 -98 12
93 51 0 0 -533 -110 5
93 53 0 0 -536 -126 13
93 55 0 0 -537 -142 4
93 57 0 0 -541 -161 12
93 59 0 0 -541 -179 5
93 61 0 0 -542 -199 6
93 63 0 0 -547 -223 13
93 65 0 0 -543 -244 5
93 67 0 0 -547 -269 13
93 69 0 0 -543 -293 8
93 71 0 0 -536 -318 14
93 73 0 0 -527 -340 12
93 75 0 0 -510 -357 12
93 77 0 0 -493 -366 11
93 79 0 0 -470 -362 10
93 81 0 0 -451 -347 10
93 83 0 0 -433 -322 10
93 85 0 0 -421 -290 9
93 87 0 0 -411 -250 9
93 89 0 0 -403 -208 9
93 91 0 0 -398 -163 7
93 93 0 0 -394 -114 3
93 95 0 0 -383 -62 8
93 96 0 0 -415 -50 11
93 97 0 0 -422 -2 8
94 2 0 0 -500 21 -16
94 3 0 0 -548 -25 0
94 96 0 0 -443 -11 6
94 97 0 0 -444 3 14
95 2 0 0 -572 -5 15
95 3 0 0 -539 22 27
95 5 0 0 -536 23 -11
95 7 0 0 -542 1 -3
95 8 0 0 -539 -10 2
95 10 0 0 -539 -16 3
95 12 0 0 -531 -20 10
95 14 0 0 -532 -21 22
95 17 0 0 -535 -18 20
95 19 0 0 -528 -10 19
95 21 0 0 -537 -5 24
95 23 0 0 -531 -1 17
95 25 0 0 -535 2 23
95 27 0 0 -545 1 21
95 29 0 0 -542 -2 25
95 31 0 0 -535 -5 6
95 33 0 0 -547 -11 26
95 35 0 0 -544 -20 24
95 37 0 0 -548 -28 16
95 39 0 0 -553 -38 17
95 41 0 0 -555 -50 16
95 43 0 0 -553 -61 18
95 45 0 0 -554 -73 14
95 47 0 0 -550 -87 12
95 49 0 0 -545 -101 0
95 51 0 0 -554 -115 11
95 53 0 0 -539 -136 -1
95 55 0 0 -553 -148 7
95 57 0 0 -541 -172 1
95 59 0 0 -552 -186 4
95 61 0 0 -544 -209 4
95 63 0 0 -551 -229 3
95 65 0 0 -547 -252 4
95 67 0 0 -551 -273 3
95 69 0 0 -548 -296 4
95 71 0 0 -547 -316 4
95 73 0 0 -543 -334 4
95 75 0 0 -536 -346 4
95 77 0 0 -527 -351 3
95 79 0 0 -515 -346 4
95 81 0 0 -505 -332 3
95 83 0 0 -494 -309 4
95 85 0 0 -485 -279 5
95 87 0 0 -477 -244 7
95 89 0 0 -471 -207 6
95 91 0 0 -464 -168 8
95 93 0 0 -464 -132 1
95 95 0 0 -461 -98 -7
95 96 0 0 -484 -64 28
95 97 0 0 -484 -6 21
96 2 0 0 -436 -30 21
96 3 0 0 -532 -52 10
96 4 0 0 -499 6 20
96 5 0 0 -513 -36 27
96 6 0 0 -532 0 23
96 7 0 0 -520 -47 30
96 8 0 0 -535 -7 21
96 9 0 0 -528 -49 26
96 10 0 0 -538 -9 19
96 11 0 0 -532 -48 23
96 12 0 0 -539 -5 18
96 13 0 0 -537 -42 29
96 14 0 0 -539 -1 19
96 15 0 0 -544 -36 20
96 16 0 0 -548 7 25
96 17 0 0 -543 -33 20
96 18 0 0 -547 14 27
96 19 0 0 -541 -25 21
96 20 0 0 -552 21 33
96 21 0 0 -542 -28 22
96 22 0 0 -549 20 22
96 23 0 0 -542 -24 34
96 24 0 0 -546 24 23
96 25 0 0 -546 -20 34
96 26 0 0 -549 21 24
96 27 0 0 -550 -23 35
96 28 0 0 -550 12 31
96 29 0 0 -546 -29 27
96 30 0 0 -546 6 30
96 31 0 0 -541 -25 21
96 32 0 0 -552 12 29
96 33 0 0 -546 -35 20
96 34 0 0 -548 3 26
96 35 0 0 -541 -42 20
96 36 0 0 -552 -8 29
96 37 0 0 -542 -51 4
96 38 0 0 -547 -6 15
96 39 0 0 -559 -59 22
96 40 0 0 -548 -24 14
96 41 0 0 -547 -68 15
96 42 0 0 -547 -33 15
96 43 0 0 -547 -79 17
96 44 0 0 -544 -43 17
96 45 0 0 -552 -93 25
96 46 0 0 -534 -61 19
96 47 0 0 -548 -109 27
96 48 0 0 -532 -78 19
96 49 0 0 -545 -122 27
96 50 0 0 -534 -92 20
96 51 0 0 -548 -142 26
96 52 0 0 -527 -113 19
96 53 0 0 -540 -154 25
96 54 0 0 -530 -125 19
96 55 0 0 -545 -177 25
96 56 0 0 -525 -148 19
96 57 0 0 -541 -192 25
96 58 0 0 -526 -165 19
96 59 0 0 -544 -214 24
96 60 0 0 -522 -189 18
96 61 0 0 -540 -231 24
96 62 0 0 -522 -208 18
96 63 0 0 -545 -254 23
96 64 0 0 -519 -232 17
96 65 0 0 -540 -273 23
96 66 0 0 -519 -254 18
96 67 0 0 -543 -295 22
96 68 0 0 -516 -276 17
96 69 0 0 -541 -314 22
96 70 0 0 -513 -296 17
96 71 0 0 -539 -332 22
96 72 0 0 -508 -314 17
96 73 0 0 -537 -345 21
96 74 0 0 -503 -327 17
96 75 0 0 -533 -353 21
96 76 0 0 -499 -333 16
96 77 0 0 -530 -354 21
96 78 0 0 -494 -331 16
96 79 0 0 -525 -346 21
96 80 0 0 -490 -320 16
96 81 0 0 -520 -331 21
96 82 0 0 -488 -300 16
96 83 0 0 -516 -307 21
96 84 0 0 -487 -273 16
96 85 0 0 -514 -278 21
96 86 0 0 -487 -239 16
96 87 0 0 -510 -243 22
96 88 0 0 -488 -200 17
96 89 0 0 -505 -204 23
96 90 0 0 -489 -156 18
96 91 0 0 -499 -163 26
96 92 0 0 -485 -110 22
96 93 0 0 -481 -117 23
96 94 0 0 -480 -58 12
96 95 0 0 -490 -58 12
96 96 0 0 -505 7 7
96 97 0 0 -421 55 46
97 2 0 0 -495 -16 -11
97 3 0 0 -474 -6 -55
97 4 0 0 -457 -10 42
97 5 0 0 -459 0 -23
97 6 0 0 -450 -8 56
97 7 0 0 -460 0 -23
97 8 0 0 -450 -8 54
97 9 0 0 -463 -2 -26
97 10 0 0 -450 -8 53
97 11 0 0 -464 -3 -27
97 12 0 0 -449 -9 57
97 13 0 0 -463 -2 -25
97 14 0 0 -449 -11 56
97 15 0 0 -459 0 -14
97 16 0 0 -451 -10 51
97 17 0 0 -459 0 -17
97 18 0 0 -451 -10 46
97 19 0 0 -459 0 -23
97 20 0 0 -454 -11 31
97 21 0 0 -459 0 -24
97 22 0 0 -454 -10 22
97 23 0 0 -459 -1 -9
97 24 0 0 -455 -4 19
97 25 0 0 -462 -1 -8
97 26 0 0 -454 -6 16
97 27 0 0 -461 -2 -7
97 28 0 0 -452 -9 24
97 29 0 0 -461 -2 -39
97 30 0 0 -451 -12 44
97 31 0 0 -461 -2 -38
97 32 0 0 -448 -14 61
97 33 0 0 -458 0 -28
97 34 0 0 -449 -13 60
97 35 0 0 -459 0 -26
97 36 0 0 -455 -10 47
97 37 0 0 -464 0 -35
97 38 0 0 -469 8 27
97 39 0 0 -464 2 -7
97 40 0 0 -477 4 12
97 41 0 0 -462 6 -6
97 42 0 0 -481 0 5
97 43 0 0 -466 10 -10
97 44 0 0 -478 8 17
97 45 0 0 -473 8 -14
97 46 0 0 -474 12 19
97 47 0 0 -479 2 -22
97 48 0 0 -466 3 0
97 49 0 0 -480 -4 -19
97 50 0 0 -461 0 0
97 51 0 0 -481 -6 -17
97 52 0 0 -465 -2 0
97 53 0 0 -482 -8 -15
97 54 0 0 -468 -3 -1
97 55 0 0 -483 -10 -16
97 56 0 0 -469 -5 -1
97 57 0 0 -484 -12 -16
97 58 0 0 -471 -6 -2
97 59 0 0 -484 -13 -17
97 60 0 0 -473 -9 -2
97 61 0 0 -484 -14 -17
97 62 0 0 -474 -10 -2
97 63 0 0 -484 -14 -17
97 64 0 0 -475 -13 -2
97 65 0 0 -484 -15 -15
97 66 0 0 -475 -15 -2
97 67 0 0 -484 -16 -15
97 68 0 0 -476 -17 -2
97 69 0 0 -484 -18 -15
97 70 0 0 -476 -19 -2
97 71 0 0 -484 -19 -15
97 72 0 0 -477 -21 -2
97 73 0 0 -483 -21 -15
97 74 0 0 -477 -22 -3
97 75 0 0 -483 -22 -15
97 76 0 0 -477 -23 -3
97 77 0 0 -483 -23 -15
97 78 0 0 -478 -23 -3
97 79 0 0 -484 -22 -15
97 80 0 0 -478 -22 -3
97 81 0 0 -484 -21 -14
97 82 0 0 -477 -20 -2
97 83 0 0 -484 -20 -14
97 84 0 0 -477 -18 -2
97 85 0 0 -485 -17 -15
97 86 0 0 -476 -15 -2
97 87 0 0 -486 -15 -16
97 88 0 0 -475 -11 -2
97 89 0 0 -484 -13 -16
97 90 0 0 -474 -7 -3
97 91 0 0 -483 -11 -16
97 92 0 0 -472 -2 -3
97 93 0 0 -485 -4 -17
97 94 0 0 -482 0 1
97 95 0 0 -473 0 3
97 96 0 0 -471 1 -52
97 97 0 0 -511 11 -37
