env_min(m) 0.0000 0.0000 0.0000
env_max(m) 10.0000 10.0000 3.0000
NumCells_XYZ 100 100 30
CellSizes_XYZ[m] 0.1000 0.1000 0.1000
GasSourceLocation_XYZ[m] 1.5000 7.4286 0.5000
GasType ethanol
Cell_x	 Cell_y	 Cell_z	 Gas_conc[10^⁻3ppm]	 Wind_u[10^⁻3m/s]	 Wind_v[10^⁻3m/s]	 Wind_w[10^⁻3m/s]
2 10 0 0 0 -4 0
2 11 0 0 1 -9 0
2 12 0 0 1 -16 4
2 13 0 0 1 -22 -3
2 14 0 0 1 -30 7
2 15 0 0 0 -36 -5
2 16 0 0 1 -44 9
2 17 0 0 0 -50 -7
2 18 0 0 1 -58 12
2 19 0 0 0 -64 -9
2 20 0 0 2 -72 15
2 21 0 0 0 -77 -11
2 22 0 0 2 -85 17
2 23 0 0 0 -90 -13
2 24 0 0 3 -99 19
2 25 0 0 0 -102 -14
2 26 0 0 3 -112 21
2 27 0 0 0 -115 -15
2 28 0 0 4 -126 22
2 29 0 0 0 -127 -15
2 30 0 0 4 -139 23
2 31 0 0 0 -140 -15
2 32 0 0 4 -153 24
2 33 0 0 0 -153 -15
2 34 0 0 5 -166 25
2 35 0 0 1 -166 -15
2 36 0 0 5 -180 25
2 37 0 0 1 -179 -15
2 38 0 0 5 -194 25
2 39 0 0 1 -193 -14
2 40 0 0 6 -209 25
2 41 0 0 1 -208 -12
2 42 0 0 6 -223 25
2 43 0 0 0 -223 -11
2 44 0 0 6 -237 26
2 45 0 0 0 -237 -11
2 46 0 0 6 -250 25
2 47 0 0 0 -249 -11
2 48 0 0 6 -262 25
2 49 0 0 0 -259 -11
2 50 0 0 6 -271 25
2 51 0 0 0 -269 -9
2 52 0 0 5 -295 -2
2 53 0 0 0 -277 -7
2 54 0 0 6 -286 25
2 55 0 0 0 -284 -6
2 56 0 0 6 -294 24
2 57 0 0 0 -292 -5
2 58 0 0 6 -302 24
2 59 0 0 0 -300 -4
2 60 0 0 6 -310 23
2 61 0 0 0 -309 -4
2 62 0 0 6 -320 22
2 63 0 0 0 -319 -3
2 64 0 0 6 -330 22
2 65 0 0 0 -330 -3
2 66 0 0 6 -341 21
2 67 0 0 0 -341 -2
2 68 0 0 6 -352 20
2 69 0 0 1 -353 -1
2 70 0 0 6 -364 19
2 71 0 0 1 -365 0
2 72 0 0 6 -376 18
2 73 0 0 1 -378 0
2 74 0 0 6 -388 16
2 75 0 0 1 -390 0
2 76 0 0 5 -401 15
2 77 0 0 1 -403 1
2 78 0 0 5 -413 14
2 79 0 0 1 -416 2
2 80 0 0 5 -426 12
2 81 0 0 1 -430 3
2 82 0 0 5 -439 11
2 83 0 0 1 -443 3
2 84 0 0 5 -451 10
2 85 0 0 1 -456 4
2 86 0 0 4 -464 8
2 87 0 0 1 -471 4
2 88 0 0 4 -476 8
2 89 0 0 1 -483 6
2 90 0 0 3 -488 10
2 91 0 0 0 -494 9
2 92 0 0 0 -491 13
2 93 0 0 1 -499 13
2 94 0 0 -6 -498 11
2 95 0 0 2 -523 25
2 96 0 0 -34 -444 34
2 97 0 0 -16 -492 -5
3 10 0 0 8 -2 0
3 11 0 0 11 -12 0
3 12 0 0 7 -15 0
3 13 0 0 12 -26 1
3 14 0 0 5 -29 0
3 15 0 0 15 -39 1
3 16 0 0 2 -42 0
3 17 0 0 15 -52 2
3 18 0 0 1 -56 0
3 19 0 0 16 -65 2
3 20 0 0 0 -69 0
3 21 0 0 18 -78 2
3 22 0 0 -1 -82 0
3 23 0 0 19 -91 2
3 24 0 0 -2 -95 0
3 25 0 0 20 -104 2
3 26 0 0 -4 -108 -1
3 27 0 0 21 -117 3
3 28 0 0 -5 -120 -1
3 29 0 0 22 -129 3
3 30 0 0 -5 -133 -1
3 31 0 0 24 -142 3
3 32 0 0 -6 -146 -2
3 33 0 0 25 -155 3
3 34 0 0 -7 -158 -2
3 35 0 0 26 -168 3
3 36 0 0 -8 -171 -2
3 37 0 0 27 -181 3
3 38 0 0 -8 -185 -2
3 39 0 0 28 -194 3
3 40 0 0 -9 -198 -2
3 41 0 0 28 -207 4
3 42 0 0 -10 -211 -2
3 43 0 0 28 -220 4
3 44 0 0 -11 -224 -2
3 45 0 0 28 -233 5
3 46 0 0 -13 -237 -3
3 47 0 0 28 -244 5
3 48 0 0 -14 -248 -3
3 49 0 0 27 -254 4
3 50 0 0 -16 -256 -3
3 51 0 0 27 -262 4
3 52 0 0 -17 -264 -3
3 53 0 0 26 -269 4
3 54 0 0 -17 -271 -3
3 55 0 0 27 -276 4
3 56 0 0 -17 -278 -3
3 57 0 0 27 -283 4
3 58 0 0 -17 -285 -3
3 59 0 0 28 -291 5
3 60 0 0 -17 -293 -3
3 61 0 0 29 -300 5
3 62 0 1 -16 -303 -3
3 63 0 3 29 -309 5
3 64 0 7 -16 -312 -3
3 65 0 12 30 -320 5
3 66 0 17 -16 -323 -3
3 67 0 21 31 -330 5
3 68 0 23 -16 -334 -3
3 69 0 20 31 -342 5
3 70 0 14 -16 -345 -3
3 71 0 8 32 -353 5
3 72 0 3 -16 -357 -3
3 73 0 1 32 -365 5
3 74 0 0 -17 -369 -3
3 75 0 0 32 -377 5
3 76 0 0 -17 -380 -4
3 77 0 0 33 -389 5
3 78 0 0 -17 -392 -4
3 79 0 0 33 -401 5
3 80 0 0 -17 -405 -4
3 81 0 0 33 -413 5
3 82 0 0 -17 -417 -4
3 83 0 0 33 -425 5
3 84 0 0 -17 -429 -4
3 85 0 0 34 -438 5
3 86 0 0 -17 -442 -4
3 87 0 0 34 -451 5
3 88 0 0 -17 -455 -4
3 89 0 0 34 -463 5
3 90 0 0 -18 -469 -4
3 91 0 0 26 -478 6
3 92 0 0 -39 -485 -1
3 93 0 0 29 -483 5
3 94 0 0 -11 -502 3
3 95 0 0 34 -514 25
3 96 0 0 -39 -516 6
3 97 0 0 1 -472 -40
4 10 0 0 16 -5 0
4 11 0 0 13 -8 0
4 12 0 0 19 -20 0
4 14 0 0 20 -33 0
4 16 0 0 19 -46 0
4 18 0 0 19 -59 0
4 20 0 0 19 -72 0
4 22 0 0 19 -85 0
4 24 0 0 18 -97 0
4 26 0 0 18 -109 0
4 29 0 0 18 -122 0
4 31 0 0 18 -134 0
4 33 0 0 18 -146 0
4 35 0 0 19 -159 0
4 37 0 0 19 -172 0
4 39 0 0 19 -185 0
4 41 0 0 19 -198 0
4 43 0 0 20 -212 0
4 45 0 0 18 -225 0
4 47 0 0 17 -237 0
4 49 0 0 14 -247 0
4 51 0 0 11 -255 0
4 52 0 0 10 -262 0
4 53 0 0 0 0 0
4 54 0 0 9 -268 0
4 55 0 1 0 0 0
4 56 0 3 10 -274 0
4 57 0 5 0 0 0
4 58 0 8 11 -281 0
4 59 0 10 0 0 0
4 60 0 11 0 0 0
4 61 0 10 12 -289 0
4 62 0 10 0 0 0
4 63 0 17 13 -298 0
4 64 0 30 0 0 0
4 65 0 51 14 -308 0
4 66 0 75 0 0 0
4 67 0 96 15 -318 0
4 68 0 106 0 0 0
4 69 0 96 16 -329 0
4 70 0 70 0 0 0
4 71 0 40 16 -340 0
4 72 0 18 0 0 0
4 73 0 6 16 -351 0
4 74 0 1 0 0 0
4 75 0 0 16 -362 0
4 77 0 0 17 -374 0
4 79 0 0 17 -386 0
4 81 0 0 17 -397 -1
4 83 0 0 18 -410 -1
4 85 0 0 17 -420 -1
4 87 0 0 20 -436 -1
4 89 0 0 12 -441 0
4 91 0 0 24 -464 -3
4 93 0 0 4 -464 9
4 95 0 0 52 -516 -15
4 96 0 0 27 -493 21
4 97 0 0 -5 -460 11
5 10 0 0 18 -6 -1
5 11 0 0 24 -14 -1
5 53 0 0 0 0 0
5 54 0 1 0 0 0
5 55 0 4 0 0 0
5 56 0 11 0 0 0
5 57 0 21 0 0 0
5 58 0 32 0 0 0
5 59 0 39 0 0 0
5 60 0 40 0 0 0
5 61 0 35 0 0 0
5 62 0 36 0 0 0
5 63 0 53 0 0 0
5 64 0 94 0 0 0
5 65 0 158 0 0 0
5 66 0 237 0 0 0
5 67 0 310 0 0 0
5 68 0 346 0 0 0
5 69 0 321 0 0 0
5 70 0 240 0 0 0
5 71 0 142 0 0 0
5 72 0 67 0 0 0
5 73 0 25 0 0 0
5 74 0 7 0 0 0
5 75 0 1 0 0 0
5 76 0 0 0 0 0
5 77 0 0 0 0 0
5 96 0 0 -7 -497 32
5 97 0 0 -1 -462 7
6 10 0 0 27 -1 -1
6 11 0 0 28 -7 0
6 12 0 0 32 -21 0
6 14 0 0 32 -33 0
6 16 0 0 32 -47 0
6 18 0 0 31 -60 0
6 20 0 0 31 -73 0
6 22 0 0 30 -86 0
6 24 0 0 30 -98 0
6 26 0 0 30 -111 0
6 28 0 0 30 -123 0
6 30 0 0 30 -135 0
6 33 0 0 30 -147 0
6 35 0 0 31 -160 0
6 37 0 0 31 -173 0
6 39 0 0 32 -186 0
6 41 0 0 32 -200 0
6 43 0 0 32 -214 0
6 45 0 0 30 -229 0
6 47 0 0 26 -242 0
6 48 0 0 22 -253 0
6 50 0 0 18 -260 0
6 52 0 0 14 -266 0
6 53 0 1 0 0 0
6 54 0 5 15 -270 0
6 55 0 16 0 0 0
6 56 0 38 16 -276 0
6 57 0 71 0 0 0
6 58 0 108 18 -283 0
6 59 0 131 0 0 0
6 60 0 133 21 -291 0
6 61 0 118 0 0 0
6 62 0 113 0 0 0
6 63 0 153 23 -300 0
6 64 0 260 0 0 0
6 65 0 435 24 -310 0
6 66 0 652 0 0 0
6 67 0 851 26 -320 0
6 68 0 946 0 0 0
6 69 0 872 27 -331 0
6 70 0 651 0 0 0
6 71 0 389 27 -342 0
6 72 0 186 0 0 0
6 73 0 72 28 -354 0
6 74 0 22 0 0 0
6 75 0 6 28 -365 0
6 76 0 0 0 0 0
6 77 0 0 28 -377 0
6 79 0 0 28 -388 0
6 81 0 0 28 -400 0
6 83 0 0 29 -411 0
6 85 0 0 28 -422 0
6 87 0 0 29 -434 0
6 89 0 0 27 -445 2
6 91 0 0 35 -473 -1
6 93 0 0 27 -476 10
6 95 0 0 54 -523 -5
6 96 0 0 45 -514 20
6 97 0 0 -4 -452 -14
7 10 0 0 33 -2 0
7 11 0 0 38 -16 -1
7 52 0 0 0 0 0
7 53 0 4 0 0 0
7 54 0 15 0 0 0
7 55 0 43 0 0 0
7 56 0 98 0 0 0
7 57 0 183 0 0 0
7 58 0 275 0 0 0
7 59 0 336 0 0 0
7 60 0 343 0 0 0
7 61 0 306 0 0 0
7 62 0 287 0 0 0
7 63 0 370 0 0 0
7 64 0 610 0 0 0
7 65 0 1009 0 0 0
7 66 0 1492 0 0 0
7 67 0 1921 0 0 0
7 68 0 2119 0 0 0
7 69 0 1964 0 0 0
7 70 0 1508 0 0 0
7 71 0 950 0 0 0
7 72 0 490 0 0 0
7 73 0 208 0 0 0
7 74 0 73 0 0 0
7 75 0 22 0 0 0
7 76 0 4 0 0 0
7 77 0 1 0 0 0
7 78 0 0 0 0 0
7 96 0 0 4 -525 26
7 97 0 0 -4 -462 36
8 10 0 0 41 0 0
8 11 0 0 42 -5 0
8 12 0 0 45 -21 0
8 14 0 0 46 -34 0
8 16 0 0 45 -47 0
8 18 0 0 45 -60 0
8 20 0 0 44 -73 0
8 22 0 0 43 -86 0
8 24 0 0 43 -99 0
8 26 0 0 42 -111 0
8 28 0 0 42 -123 0
8 30 0 0 42 -135 0
8 33 0 0 43 -147 0
8 35 0 0 43 -160 0
8 37 0 0 44 -172 0
8 39 0 0 46 -186 0
8 41 0 0 47 -200 0
8 42 0 0 49 -216 0
8 44 0 0 46 -233 0
8 46 0 0 42 -248 0
8 48 0 0 32 -258 0
8 50 0 0 24 -265 0
8 52 0 1 0 0 0
8 53 0 9 20 -267 0
8 54 0 33 19 -268 0
8 55 0 92 0 0 0
8 56 0 208 22 -273 0
8 57 0 384 0 0 0
8 58 0 578 25 -280 0
8 59 0 714 0 0 0
8 60 0 741 29 -288 0
8 61 0 678 0 0 0
8 62 0 649 32 -297 0
8 63 0 821 0 0 0
8 64 0 1309 0 0 0
8 65 0 2106 34 -308 0
8 66 0 3045 0 0 0
8 67 0 3839 36 -319 0
8 68 0 4201 0 0 0
8 69 0 3976 37 -330 0
8 70 0 3242 0 0 0
8 71 0 2243 38 -342 0
8 72 0 1284 0 0 0
8 73 0 602 39 -354 0
8 74 0 233 0 0 0
8 75 0 75 39 -365 0
8 76 0 18 0 0 0
8 77 0 4 39 -377 0
8 78 0 0 0 0 0
8 79 0 0 39 -389 0
8 81 0 0 39 -400 0
8 83 0 0 40 -413 0
8 85 0 0 40 -422 -1
8 87 0 0 43 -440 -1
8 89 0 0 41 -445 0
8 91 0 0 49 -472 -3
8 93 0 0 35 -469 14
8 95 0 0 56 -514 14
8 96 0 0 49 -528 10
8 97 0 0 -1 -468 -4
9 10 0 0 48 0 1
9 11 0 0 52 -18 -1
9 52 0 2 0 0 0
9 53 0 18 0 0 0
9 54 0 60 0 0 0
9 55 0 165 0 0 0
9 56 0 368 0 0 0
9 57 0 676 0 0 0
9 58 0 1022 0 0 0
9 59 0 1282 0 0 0
9 60 0 1371 0 0 0
9 61 0 1319 0 0 0
9 62 0 1332 0 0 0
9 63 0 1697 0 0 0
9 64 0 2626 0 0 0
9 65 0 4083 0 0 0
9 66 0 5726 0 0 0
9 67 0 7070 0 0 0
9 68 0 7773 0 0 0
9 69 0 7773 0 0 0
9 70 0 7083 0 0 0
9 71 0 5582 0 0 0
9 72 0 3589 0 0 0
9 73 0 1873 0 0 0
9 74 0 813 0 0 0
9 75 0 300 0 0 0
9 76 0 90 0 0 0
9 77 0 21 0 0 0
9 78 0 3 0 0 0
9 79 0 0 0 0 0
9 96 0 0 24 -533 11
9 97 0 0 -1 -478 14
10 10 0 0 54 1 0
10 11 0 0 57 -3 0
10 12 0 0 59 -21 0
10 14 0 0 59 -34 0
10 16 0 0 58 -48 0
10 18 0 0 58 -61 0
10 20 0 0 57 -74 0
10 22 0 0 56 -87 0
10 24 0 0 55 -99 0
10 26 0 0 54 -111 0
10 28 0 0 54 -123 0
10 30 0 0 54 -135 0
10 33 0 0 55 -146 0
10 35 0 0 56 -158 0
10 37 0 0 57 -170 0
10 39 0 0 60 -184 0
10 40 0 0 61 -197 0
10 42 0 0 65 -214 0
10 44 0 0 61 -236 0
10 46 0 0 51 -255 0
10 48 0 0 38 -270 0
10 51 0 0 28 -272 0
10 52 0 4 0 0 0
10 53 0 28 13 -271 -1
10 54 0 93 0 0 0
10 55 0 253 20 -267 0
10 56 0 558 0 0 0
10 57 0 1024 27 -270 0
10 58 0 1564 33 -276 0
10 59 0 2014 0 0 0
10 60 0 2258 38 -284 0
10 61 0 2336 0 0 0
10 62 0 2536 42 -294 0
10 63 0 3279 0 0 0
10 64 0 4890 46 -305 0
10 65 0 7278 0 0 0
10 66 0 9874 0 0 0
10 67 0 12014 48 -317 0
10 68 0 13524 0 0 0
10 69 0 14734 50 -329 0
10 70 0 15297 0 0 0
10 71 0 13652 50 -341 0
10 72 0 9775 0 0 0
10 73 0 5710 51 -353 0
10 74 0 2842 0 0 0
10 75 0 1218 51 -365 0
10 76 0 411 0 0 0
10 77 0 99 51 -376 0
10 78 0 16 0 0 0
10 79 0 1 51 -388 0
10 81 0 0 51 -398 -1
10 83 0 0 52 -409 0
10 85 0 0 53 -419 -2
10 87 0 0 53 -432 0
10 89 0 0 54 -439 -1
10 91 0 0 57 -462 0
10 93 0 0 50 -463 16
10 95 0 0 59 -516 24
10 96 0 0 72 -531 21
10 97 0 0 -5 -473 -12
11 10 0 0 62 0 2
11 11 0 0 67 -20 -2
11 52 0 7 0 0 0
11 53 0 38 0 0 0
11 54 0 124 0 0 0
11 55 0 333 0 0 0
11 56 0 732 0 0 0
11 57 0 1352 0 0 0
11 58 0 2105 0 0 0
11 59 0 2820 0 0 0
11 60 0 3373 0 0 0
11 61 0 3804 0 0 0
11 62 0 4448 0 0 0
11 63 0 5812 0 0 0
11 64 0 8314 0 0 0
11 65 0 11802 0 0 0
11 66 0 15490 0 0 0
11 67 0 18646 0 0 0
11 68 0 21539 0 0 0
11 69 0 25173 0 0 0
11 70 0 28647 0 0 0
11 71 0 28174 0 0 0
11 72 0 22680 0 0 0
11 73 0 15449 0 0 0
11 74 0 9414 0 0 0
11 75 0 4877 0 0 0
11 76 0 1793 0 0 0
11 77 0 426 0 0 0
11 78 0 67 0 0 0
11 79 0 5 0 0 0
11 96 0 0 38 -524 16
11 97 0 0 -9 -479 9
12 10 0 0 67 2 0
12 11 0 0 72 -2 0
12 12 0 0 73 -22 0
12 14 0 0 73 -35 0
12 16 0 0 72 -49 0
12 18 0 0 71 -62 0
12 20 0 0 70 -75 0
12 22 0 0 68 -88 0
12 24 0 0 67 -100 0
12 26 0 0 66 -112 0
12 28 0 0 66 -123 0
12 30 0 0 66 -135 0
12 33 0 0 66 -145 0
12 35 0 0 68 -157 0
12 37 0 0 69 -168 0
12 39 0 0 74 -182 0
12 40 0 0 76 -195 1
12 42 0 0 90 -217 0
12 44 0 0 87 -241 2
12 46 0 0 78 -269 -3
12 48 0 0 48 -279 -2
12 51 0 0 24 -277 -1
12 52 0 9 0 0 0
12 53 0 43 19 -264 -4
12 54 0 142 0 0 0
12 55 0 383 17 -256 -3
12 56 0 843 0 0 0
12 57 0 1581 33 -261 0
12 58 0 2539 38 -268 0
12 59 0 3588 0 0 0
12 60 0 4633 47 -279 0
12 61 0 5706 0 0 0
12 62 0 7106 53 -290 0
12 63 0 9347 0 0 0
12 64 0 12937 57 -302 0
12 65 0 17704 0 0 0
12 66 0 22616 0 0 0
12 67 0 26846 60 -315 0
12 68 0 31198 0 0 0
12 69 0 37349 62 -328 0
12 70 0 44203 0 0 0
12 71 0 46824 62 -341 0
12 72 0 42461 0 0 0
12 73 0 34436 62 -353 0
12 74 0 26279 0 0 0
12 75 0 15991 62 -365 0
12 76 0 6161 0 0 0
12 77 0 1431 61 -377 0
12 78 0 217 0 0 0
12 79 0 20 61 -388 0
12 80 0 0 0 0 0
12 81 0 0 61 -398 0
12 83 0 0 62 -410 0
12 85 0 0 63 -419 -1
12 87 0 0 64 -435 0
12 89 0 0 66 -440 0
12 91 0 0 67 -467 -1
12 93 0 0 67 -467 8
12 95 0 0 72 -513 2
12 96 0 0 89 -528 22
12 97 0 0 -3 -478 -14
13 10 0 0 76 1 2
13 11 0 0 81 -22 -2
13 52 0 9 0 0 0
13 53 0 44 0 0 0
13 54 0 144 0 0 0
13 55 0 390 0 0 0
13 56 0 868 0 0 0
13 57 0 1672 0 0 0
13 58 0 2798 0 0 0
13 59 0 4202 0 0 0
13 60 0 5852 0 0 0
13 61 0 7772 0 0 0
13 62 0 10153 0 0 0
13 63 0 13494 0 0 0
13 64 0 18476 0 0 0
13 65 0 24980 0 0 0
13 66 0 31523 0 0 0
13 67 0 36838 0 0 0
13 68 0 42109 0 0 0
13 69 0 49616 0 0 0
13 70 0 58808 0 0 0
13 71 0 65964 0 0 0
13 72 0 67295 0 0 0
13 73 0 64217 0 0 0
13 74 0 57274 0 0 0
13 75 0 37975 0 0 0
13 76 0 15213 0 0 0
13 77 0 3631 0 0 0
13 78 0 559 0 0 0
13 79 0 54 0 0 0
13 80 0 0 0 0 0
13 96 0 0 59 -521 14
13 97 0 0 -6 -472 4
14 10 0 0 81 3 0
14 11 0 0 87 0 0
14 12 0 0 87 -22 0
14 14 0 0 87 -36 0
14 16 0 0 85 -50 0
14 18 0 0 84 -63 0
14 20 0 0 82 -77 0
14 22 0 0 81 -89 0
14 24 0 0 79 -101 0
14 26 0 0 78 -113 0
14 28 0 0 77 -124 0
14 30 0 0 76 -134 0
14 33 0 0 77 -144 0
14 35 0 0 79 -155 0
14 37 0 0 81 -163 0
14 39 0 0 89 -177 -1
14 40 0 0 94 -184 1
14 42 0 0 113 -213 -2
14 44 0 0 120 -224 5
14 45 0 0 86 -258 -3
14 46 0 0 114 -299 -4
14 47 0 0 58 -308 0
14 48 0 0 69 -327 -5
14 49 0 0 21 -313 0
14 50 0 0 36 -310 -1
14 51 0 0 3 -299 -1
14 52 0 8 8 -282 -12
14 53 0 39 -34 -251 -10
14 54 0 131 0 0 0
14 55 0 364 19 -249 -6
14 56 0 828 0 0 0
14 57 0 1651 38 -243 0
14 58 0 2885 51 -257 0
14 59 0 4578 0 0 0
14 60 0 6766 59 -269 0
14 61 0 9473 0 0 0
14 62 0 12792 66 -284 0
14 63 0 17290 0 0 0
14 64 0 23986 71 -298 0
14 65 0 32859 0 0 0
14 66 0 41619 0 0 0
14 67 0 48069 73 -312 0
14 68 0 53524 0 0 0
14 69 0 60867 76 -326 0
14 70 0 70582 0 0 0
14 71 0 82546 76 -341 0
14 72 0 93754 0 0 0
14 73 0 98215 76 -354 0
14 74 0 89986 0 0 0
14 75 0 60425 74 -366 0
14 76 0 25449 0 0 0
14 77 0 6624 73 -377 0
14 78 0 1099 0 0 0
14 79 0 114 72 -388 0
14 80 0 1 0 0 0
14 81 0 0 73 -397 0
14 83 0 0 73 -409 0
14 85 0 0 75 -417 -1
14 87 0 0 77 -432 0
14 89 0 0 79 -439 0
14 91 0 0 79 -465 0
14 93 0 0 79 -472 15
14 95 0 0 88 -512 5
14 96 0 0 108 -534 23
14 97 0 0 1 -482 -23
15 10 0 0 91 1 2
15 11 0 0 96 -23 -2
15 44 0 0 131 -197 9
15 45 0 0 137 -250 -4
15 46 0 0 146 -300 -7
15 47 0 0 99 -336 -7
15 48 0 0 65 -328 -8
15 49 0 0 18 -316 0
15 50 0 0 11 -309 0
15 51 0 0 -11 -315 0
15 52 0 5 -12 -278 -10
15 53 0 34 -14 -229 -13
15 54 0 115 0 0 0
15 55 0 327 0 0 0
15 56 0 768 0 0 0
15 57 0 1582 0 0 0
15 58 0 2855 0 0 0
15 59 0 4686 0 0 0
15 60 0 7147 0 0 0
15 61 0 10270 0 0 0
15 62 0 14149 0 0 0
15 63 0 19552 0 0 0
15 64 0 27902 0 0 0
15 65 0 39152 0 0 0
15 66 0 49960 0 0 0
15 67 0 57118 0 0 0
15 68 0 62130 0 0 0
15 69 0 68454 0 0 0
15 70 0 77518 0 0 0
15 71 0 92195 0 0 0
15 72 0 109653 0 0 0
15 73 0 114739 0 0 0
15 74 0 98741 0 0 0
15 75 0 64248 0 0 0
15 76 0 28530 0 0 0
15 77 0 8241 0 0 0
15 78 0 1492 0 0 0
15 79 0 166 0 0 0
15 80 0 3 0 0 0
15 96 0 0 75 -520 16
15 97 0 0 -2 -469 0
16 10 0 0 96 5 0
16 11 0 0 102 0 0
16 12 0 0 101 -23 0
16 14 0 0 101 -37 0
16 16 0 0 99 -51 0
16 18 0 0 97 -65 0
16 20 0 0 95 -78 0
16 22 0 0 93 -91 0
16 24 0 0 91 -103 0
16 26 0 0 89 -114 0
16 28 0 0 87 -124 0
16 31 0 0 86 -135 0
16 33 0 0 86 -143 0
16 35 0 0 88 -152 0
16 37 0 0 91 -158 0
16 39 0 0 98 -167 0
16 40 0 0 108 -167 2
16 42 0 0 132 -183 4
16 44 0 0 183 -200 15
16 45 0 0 186 -238 3
16 46 0 0 215 -368 -9
16 47 0 0 171 -455 -3
16 48 0 0 8 -362 0
16 49 0 0 7 -346 0
16 50 0 0 8 -322 1
16 51 0 0 23 -346 1
16 52 0 3 -104 -184 -9
16 53 0 29 -48 -210 -15
16 54 0 101 0 0 0
16 55 0 296 16 -205 -5
16 56 0 716 0 0 0
16 57 0 1504 45 -224 -1
16 58 0 2753 62 -244 1
16 59 0 4549 0 0 0
16 60 0 6952 74 -260 0
16 61 0 10008 0 0 0
16 62 0 13914 80 -278 0
16 63 0 19673 0 0 0
16 64 0 28894 85 -293 0
16 65 0 41253 0 0 0
16 66 0 52606 0 0 0
16 67 0 59305 88 -310 0
16 68 0 63223 0 0 0
16 69 0 68483 90 -325 0
16 70 0 77239 0 0 0
16 71 0 91159 89 -341 0
16 72 0 103983 0 0 0
16 73 0 100740 88 -355 0
16 74 0 79260 0 0 0
16 75 0 49210 85 -368 0
16 76 0 22428 0 0 0
16 77 0 6927 82 -378 0
16 78 0 1344 0 0 0
16 79 0 164 81 -389 0
16 80 0 6 0 0 0
16 81 0 0 81 -397 0
16 83 0 0 84 -407 0
16 85 0 0 86 -416 -1
16 87 0 0 88 -432 0
16 89 0 0 92 -439 0
16 91 0 0 92 -464 -1
16 93 0 0 93 -471 10
16 95 0 0 100 -513 10
16 96 0 0 123 -534 25
16 97 0 0 4 -483 -22
17 10 0 0 101 -2 -2
17 11 0 0 112 -25 -2
17 44 0 0 166 -146 6
17 45 0 0 226 -164 -2
17 46 0 0 376 -239 -16
17 47 0 0 54 -504 3
17 48 0 0 -8 -408 -1
17 49 0 0 -11 -370 0
17 50 0 0 -5 -334 18
17 51 0 0 -12 -216 -31
17 52 0 0 -158 -200 -17
17 53 0 25 -29 -166 -11
17 54 0 88 0 0 0
17 55 0 267 0 0 0
17 56 0 659 0 0 0
17 57 0 1397 0 0 0
17 58 0 2565 0 0 0
17 59 0 4202 0 0 0
17 60 0 6330 0 0 0
17 61 0 9003 0 0 0
17 62 0 12541 0 0 0
17 63 0 18053 0 0 0
17 64 0 26991 0 0 0
17 65 0 38678 0 0 0
17 66 0 48974 0 0 0
17 67 0 54437 0 0 0
17 68 0 56658 0 0 0
17 69 0 60113 0 0 0
17 70 0 68160 0 0 0
17 71 0 79168 0 0 0
17 72 0 82314 0 0 0
17 73 0 70509 0 0 0
17 74 0 51049 0 0 0
17 75 0 30937 0 0 0
17 76 0 14223 0 0 0
17 77 0 4505 0 0 0
17 78 0 929 0 0 0
17 79 0 130 0 0 0
17 80 0 9 0 0 0
17 96 0 0 88 -519 17
17 97 0 0 0 -464 -1
18 10 0 0 110 7 0
18 11 0 0 118 1 0
18 16 0 0 114 -54 0
18 18 0 0 111 -67 0
18 20 0 0 108 -81 0
18 22 0 0 105 -94 0
18 24 0 0 102 -105 0
18 26 0 0 99 -116 0
18 28 0 0 97 -126 0
18 31 0 0 95 -135 0
18 33 0 0 94 -143 0
18 35 0 0 94 -150 0
18 37 0 0 96 -153 0
18 39 0 0 100 -158 0
18 41 0 0 107 -149 1
18 43 0 0 125 -149 5
18 44 0 0 174 -133 11
18 45 0 0 196 -123 5
18 46 0 0 206 -39 -3
18 47 0 0 142 5 -31
18 52 0 0 1 -55 -4
18 53 0 20 -6 -107 -9
18 54 0 71 0 0 0
18 55 0 225 53 -159 -4
18 56 0 567 0 0 0
18 57 0 1214 77 -196 -1
18 58 0 2251 86 -230 0
18 59 0 3679 0 0 0
18 60 0 5495 94 -251 0
18 61 0 7746 0 0 0
18 62 0 10796 98 -272 0
18 63 0 15670 0 0 0
18 64 0 23474 103 -290 0
18 65 0 33441 0 0 0
18 66 0 42216 0 0 0
18 67 0 46780 105 -307 0
18 68 0 47422 0 0 0
18 69 0 47898 0 0 0
18 70 0 52537 0 0 0
18 71 0 58768 0 0 0
18 72 0 55963 0 0 0
18 73 0 43019 0 0 0
18 74 0 29584 0 0 0
18 75 0 18344 0 0 0
18 76 0 8767 0 0 0
18 77 0 2873 0 0 0
18 78 0 636 0 0 0
18 79 0 103 0 0 0
18 80 0 12 0 0 0
18 87 0 0 101 -427 0
18 89 0 0 105 -434 0
18 91 0 0 107 -459 -1
18 96 0 0 134 -536 25
18 97 0 0 6 -484 -20
19 10 0 0 121 4 3
19 11 0 0 129 -28 -1
19 12 0 0 117 -24 0
19 14 0 0 116 -38 0
19 44 0 0 138 -101 8
19 45 0 0 148 -81 1
19 46 0 0 180 -15 -1
19 52 0 0 25 -46 -4
19 53 0 14 74 -104 -8
19 54 0 51 0 0 0
19 55 0 169 0 0 0
19 56 0 438 0 0 0
19 57 0 956 0 0 0
19 58 0 1818 0 0 0
19 59 0 3025 0 0 0
19 60 0 4582 0 0 0
19 61 0 6514 0 0 0
19 62 0 9123 0 0 0
19 63 0 13193 0 0 0
19 64 0 19468 0 0 0
19 65 0 27343 0 0 0
19 66 0 34454 0 0 0
19 67 0 38266 0 0 0
19 68 0 37927 0 0 0
19 69 0 35913 107 -325 0
19 70 0 36207 0 0 0
19 71 0 37513 105 -342 0
19 72 0 33542 0 0 0
19 73 0 24640 103 -358 0
19 74 0 16620 0 0 0
19 75 0 10417 97 -372 0
19 76 0 5129 0 0 0
19 77 0 1764 94 -381 0
19 78 0 424 0 0 0
19 79 0 78 92 -389 0
19 80 0 11 0 0 0
19 81 0 0 91 -395 0
19 83 0 0 94 -406 0
19 85 0 0 96 -413 -1
19 93 0 0 110 -465 6
19 95 0 0 112 -514 10
19 96 0 0 98 -518 19
19 97 0 0 0 -466 -1
20 10 0 0 133 8 5
20 11 0 0 134 2 0
20 12 0 0 132 -25 0
20 18 0 0 125 -71 0
20 20 0 0 121 -84 0
20 22 0 0 117 -97 0
20 24 0 0 113 -109 0
20 26 0 0 110 -119 0
20 28 0 0 106 -129 0
20 31 0 0 103 -137 0
20 33 0 0 101 -144 0
20 35 0 0 99 -150 0
20 37 0 0 97 -152 0
20 39 0 0 96 -153 0
20 41 0 0 96 -142 2
20 43 0 0 97 -139 4
20 44 0 0 113 -101 8
20 45 0 0 119 -76 2
20 46 0 0 105 -9 8
20 52 0 0 117 -22 -1
20 53 0 8 107 -77 -8
20 54 0 31 0 0 0
20 55 0 109 122 -151 -4
20 56 0 295 0 0 0
20 57 0 667 118 -192 -2
20 58 0 1331 116 -227 0
20 59 0 2306 0 0 0
20 60 0 3628 116 -248 0
20 61 0 5306 0 0 0
20 62 0 7527 118 -270 0
20 63 0 10756 0 0 0
20 64 0 15380 0 0 0
20 65 0 20960 0 0 0
20 66 0 25942 0 0 0
20 67 0 28478 0 0 0
20 68 0 27699 0 0 0
20 69 0 25208 0 0 0
20 70 0 23741 0 0 0
20 71 0 22899 0 0 0
20 72 0 19777 0 0 0
20 73 0 14456 0 0 0
20 74 0 9443 0 0 0
20 75 0 5566 0 0 0
20 76 0 2663 0 0 0
20 77 0 950 0 0 0
20 78 0 250 0 0 0
20 79 0 51 0 0 0
20 80 0 8 0 0 0
20 96 0 0 143 -528 24
20 97 0 0 7 -484 -18
21 10 0 0 127 5 -1
21 11 0 0 144 -30 -3
21 14 0 0 131 -41 0
21 16 0 0 128 -56 0
21 44 0 0 83 -88 8
21 45 0 0 74 -65 3
21 46 0 0 80 -4 2
21 52 0 0 162 -30 -2
21 53 0 4 164 -85 -7
21 54 0 15 0 0 0
21 55 0 61 0 0 0
21 56 0 173 0 0 0
21 57 0 413 0 0 0
21 58 0 880 0 0 0
21 59 0 1617 0 0 0
21 60 0 2691 0 0 0
21 61 0 4114 0 0 0
21 62 0 5952 0 0 0
21 63 0 8384 0 0 0
21 64 0 11480 120 -287 0
21 65 0 14912 0 0 0
21 66 0 17783 0 0 0
21 67 0 19057 123 -306 0
21 68 0 18337 0 0 0
21 69 0 16615 125 -325 0
21 70 0 15350 0 0 0
21 71 0 14379 121 -344 0
21 72 0 12318 0 0 0
21 73 0 9035 116 -362 0
21 74 0 5688 0 0 0
21 75 0 3088 106 -377 0
21 76 0 1387 0 0 0
21 77 0 496 99 -384 0
21 78 0 137 0 0 0
21 79 0 29 94 -391 0
21 80 0 4 0 0 0
21 81 0 0 97 -395 0
21 83 0 0 103 -401 0
21 85 0 0 107 -410 0
21 87 0 0 113 -425 0
21 89 0 0 117 -433 0
21 91 0 0 122 -454 0
21 93 0 0 128 -464 13
21 95 0 0 123 -500 2
21 96 0 0 116 -513 18
21 97 0 0 2 -469 -1
22 10 0 0 144 9 1
22 11 0 0 152 2 0
22 22 0 0 129 -101 0
22 24 0 0 124 -113 0
22 26 0 0 120 -123 0
22 28 0 0 115 -133 0
22 31 0 0 111 -141 0
22 33 0 0 107 -147 0
22 35 0 0 103 -154 0
22 37 0 0 98 -154 0
22 39 0 0 93 -159 0
22 44 0 0 72 -113 10
22 45 0 0 49 -88 5
22 46 0 0 2 -12 2
22 52 0 0 236 -62 -4
22 53 0 1 207 -97 0
22 54 0 6 0 0 0
22 55 0 29 0 0 0
22 56 0 88 0 0 0
22 57 0 230 0 0 0
22 58 0 535 142 -230 0
22 59 0 1063 0 0 0
22 60 0 1901 138 -249 0
22 61 0 3073 0 0 0
22 62 0 4555 136 -267 0
22 63 0 6306 0 0 0
22 64 0 8199 0 0 0
22 65 0 10026 0 0 0
22 66 0 11434 0 0 0
22 67 0 12036 0 0 0
22 68 0 11671 0 0 0
22 69 0 10733 0 0 0
22 70 0 9839 0 0 0
22 71 0 8993 0 0 0
22 72 0 7616 0 0 0
22 73 0 5580 0 0 0
22 74 0 3455 0 0 0
22 75 0 1796 0 0 0
22 76 0 767 0 0 0
22 77 0 267 0 0 0
22 78 0 73 0 0 0
22 79 0 15 0 0 0
22 80 0 2 0 0 0
22 96 0 0 160 -527 23
22 97 0 0 9 -484 -17
23 10 0 0 149 -1 -2
23 11 0 0 163 -32 -3
23 12 0 0 149 -28 0
23 14 0 0 148 -43 0
23 16 0 0 144 -60 0
23 18 0 0 139 -75 0
23 20 0 0 134 -89 0
23 41 0 0 86 -147 0
23 42 0 0 72 -148 4
23 44 0 0 30 -115 7
23 45 0 0 11 -106 3
23 46 0 0 -73 -33 0
23 47 0 0 -33 -59 -4
23 52 0 0 398 -192 8
23 53 0 0 283 -192 -15
23 54 0 2 0 0 0
23 55 0 12 186 -183 -7
23 56 0 40 0 0 0
23 57 0 121 158 -203 -1
23 58 0 315 0 0 0
23 59 0 694 0 0 0
23 60 0 1360 0 0 0
23 61 0 2339 0 0 0
23 62 0 3539 0 0 0
23 63 0 4768 0 0 0
23 64 0 5810 0 0 0
23 65 0 6591 140 -286 0
23 66 0 7139 0 0 0
23 67 0 7435 142 -304 0
23 68 0 7381 0 0 0
23 69 0 6989 146 -327 0
23 70 0 6428 0 0 0
23 71 0 5726 141 -348 0
23 72 0 4702 0 0 0
23 73 0 3360 138 -373 0
23 74 0 2028 0 0 0
23 75 0 1020 119 -389 1
23 76 0 420 0 0 0
23 77 0 141 108 -393 0
23 78 0 37 0 0 0
23 79 0 7 103 -392 1
23 80 0 0 0 0 0
23 81 0 0 102 -388 0
23 83 0 0 110 -397 0
23 85 0 0 116 -402 0
23 87 0 0 126 -418 0
23 89 0 0 131 -425 -1
23 91 0 0 136 -454 -1
23 93 0 0 138 -458 15
23 95 0 0 143 -503 3
23 96 0 0 134 -512 18
23 97 0 0 10 -481 -11
24 10 0 0 163 11 2
24 11 0 0 171 2 0
24 22 0 0 141 -107 0
24 24 0 0 135 -118 0
24 26 0 0 129 -129 0
24 28 0 0 124 -138 0
24 30 0 0 118 -146 0
24 33 0 0 113 -152 0
24 35 0 0 107 -158 0
24 37 0 0 101 -161 0
24 39 0 0 91 -164 0
24 44 0 0 38 -156 10
24 45 0 0 6 -167 5
24 46 0 0 -30 -219 5
24 47 0 0 -50 -288 10
24 48 0 0 -33 -194 19
24 49 0 0 6 -351 -5
24 50 0 0 -15 -347 -1
24 51 0 0 -9 38 20
24 52 0 0 356 -251 -16
24 53 0 0 283 -245 -12
24 54 0 0 0 0 0
24 55 0 4 0 0 0
24 56 0 15 0 0 0
24 57 0 65 0 0 0
24 58 0 195 159 -247 0
24 59 0 487 0 0 0
24 60 0 1045 153 -256 0
24 61 0 1892 0 0 0
24 62 0 2886 154 -268 0
24 63 0 3741 0 0 0
24 64 0 4223 0 0 0
24 65 0 4363 157 -283 0
24 66 0 4396 162 -299 0
24 67 0 4482 0 0 0
24 68 0 4588 171 -324 -1
24 69 0 4622 0 0 0
24 70 0 4512 163 -353 0
24 71 0 4108 0 0 0
24 72 0 3281 159 -386 -1
24 73 0 2196 0 0 0
24 74 0 1217 0 0 0
24 75 0 562 0 0 0
24 76 0 214 0 0 0
24 77 0 68 0 0 0
24 78 0 16 0 0 0
24 79 0 3 0 0 0
24 80 0 0 0 0 0
24 81 0 0 100 -388 -1
24 83 0 0 118 -385 0
24 96 0 0 176 -530 22
24 97 0 0 10 -484 -17
25 10 0 0 178 3 3
25 11 0 0 183 -35 -3
25 12 0 0 167 -30 0
25 14 0 0 165 -47 0
25 16 0 0 159 -65 0
25 18 0 0 154 -80 0
25 20 0 0 148 -94 0
25 40 0 0 84 -162 1
25 42 0 0 59 -172 5
25 44 0 0 18 -162 11
25 45 0 0 36 -195 10
25 46 0 0 -7 -214 0
25 47 0 0 47 -279 4
25 48 0 0 19 -310 -2
25 49 0 0 52 -337 9
25 50 0 0 30 -378 0
25 51 0 0 79 -446 -5
25 52 0 0 195 -343 -1
25 53 0 0 234 -251 -3
25 54 0 0 0 0 0
25 55 0 1 206 -249 -3
25 56 0 5 0 0 0
25 57 0 38 167 -238 0
25 58 0 131 0 0 0
25 59 0 364 0 0 0
25 60 0 831 0 0 0
25 61 0 1548 0 0 0
25 62 0 2355 0 0 0
25 63 0 2943 0 0 0
25 64 0 3101 0 0 0
25 65 0 2913 0 0 0
25 66 0 2684 0 0 0
25 67 0 2629 0 0 0
25 68 0 2783 0 0 0
25 69 0 3074 0 0 0
25 70 0 3329 0 0 0
25 71 0 3221 0 0 0
25 72 0 2561 0 0 0
25 73 0 1601 0 0 0
25 74 0 785 0 0 0
25 75 0 311 123 -406 0
25 76 0 102 0 0 0
25 77 0 29 101 -399 -1
25 78 0 6 0 0 0
25 79 0 1 83 -398 -2
25 80 0 0 0 0 0
25 85 0 0 126 -396 0
25 87 0 0 138 -412 0
25 89 0 0 147 -423 -1
25 91 0 0 153 -447 -1
25 93 0 0 157 -457 5
25 95 0 0 160 -507 9
25 96 0 0 150 -512 18
25 97 0 0 4 -472 -2
26 10 0 0 184 12 3
26 11 0 0 192 2 0
26 22 0 0 154 -113 0
26 24 0 0 146 -125 0
26 26 0 0 139 -135 0
26 28 0 0 132 -144 0
26 30 0 0 126 -152 0
26 33 0 0 119 -159 0
26 35 0 0 112 -166 0
26 37 0 0 105 -170 0
26 39 0 0 96 -177 0
26 46 0 0 44 -247 0
26 49 0 0 62 -270 1
26 50 0 0 98 -322 -1
26 53 0 0 176 -311 0
26 55 0 0 0 0 0
26 56 0 1 0 0 0
26 57 0 24 0 0 0
26 58 0 89 159 -248 0
26 59 0 262 0 0 0
26 60 0 616 160 -255 0
26 61 0 1160 0 0 0
26 62 0 1754 0 0 0
26 63 0 2137 163 -261 0
26 64 0 2148 0 0 0
26 65 0 1875 174 -278 0
26 66 0 1587 182 -293 0
26 67 0 1477 0 0 0
26 68 0 1601 204 -325 0
26 69 0 1921 0 0 0
26 70 0 2265 202 -357 0
26 71 0 2300 0 0 0
26 72 0 1836 0 0 0
26 73 0 1102 191 -408 -6
26 74 0 495 0 0 0
26 75 0 170 0 0 0
26 76 0 46 0 0 0
26 77 0 10 0 0 0
26 78 0 1 0 0 0
26 79 0 0 97 -375 -8
26 81 0 0 90 -361 -5
26 83 0 0 122 -371 0
26 96 0 0 192 -527 22
26 97 0 0 11 -484 -17
27 10 0 0 200 3 3
27 11 0 0 203 -39 -3
27 12 0 0 186 -34 0
27 14 0 0 183 -52 0
27 16 0 0 176 -71 0
27 18 0 0 169 -86 0
27 20 0 0 161 -101 0
27 40 0 0 90 -182 0
27 42 0 0 69 -190 4
27 44 0 0 60 -208 3
27 55 0 0 169 -253 -1
27 56 0 0 0 0 0
27 57 0 14 160 -251 0
27 58 0 55 0 0 0
27 59 0 165 0 0 0
27 60 0 392 0 0 0
27 61 0 738 0 0 0
27 62 0 1109 0 0 0
27 63 0 1330 0 0 0
27 64 0 1299 0 0 0
27 65 0 1081 0 0 0
27 66 0 856 0 0 0
27 67 0 753 0 0 0
27 68 0 813 0 0 0
27 69 0 1014 0 0 0
27 70 0 1246 0 0 0
27 71 0 1293 0 0 0
27 72 0 1035 0 0 0
27 73 0 611 0 0 0
27 74 0 263 0 0 0
27 75 0 83 129 -437 -3
27 76 0 19 0 0 0
27 77 0 3 100 -415 -4
27 78 0 0 0 0 0
27 79 0 0 0 0 0
27 84 0 0 138 -378 0
27 87 0 0 154 -400 -1
27 89 0 0 162 -407 -1
27 91 0 0 171 -441 0
27 93 0 0 178 -449 15
27 95 0 0 179 -498 10
27 96 0 0 172 -507 18
27 97 0 0 6 -474 -3
28 10 0 0 209 14 4
28 11 0 0 214 0 0
28 24 0 0 157 -133 0
28 26 0 0 149 -142 0
28 28 0 0 141 -151 0
28 30 0 0 133 -159 0
28 33 0 0 126 -166 0
28 35 0 0 119 -172 0
28 37 0 0 112 -178 0
28 39 0 0 103 -184 0
28 44 0 0 77 -216 1
28 46 0 0 76 -238 0
28 48 0 0 90 -263 0
28 50 0 0 101 -283 0
28 53 0 0 152 -277 0
28 55 0 0 154 -251 0
28 57 0 7 159 -251 0
28 58 0 28 162 -246 0
28 59 0 84 0 0 0
28 60 0 202 167 -251 0
28 61 0 382 0 0 0
28 62 0 572 0 0 0
28 63 0 680 175 -254 0
28 64 0 653 0 0 0
28 65 0 527 189 -266 -1
28 66 0 397 205 -274 2
28 67 0 329 0 0 0
28 68 0 343 239 -308 -5
28 69 0 424 0 0 0
28 70 0 520 242 -341 0
28 71 0 540 206 -390 -11
28 72 0 430 235 -444 -15
28 73 0 251 215 -498 -8
28 74 0 106 158 -504 -8
28 75 0 32 75 -470 0
28 76 0 7 84 -466 -7
28 77 0 1 35 -435 -4
28 78 0 0 50 -403 -18
28 79 0 0 5 -342 -13
28 81 0 0 96 -346 -9
28 83 0 0 134 -343 -1
28 96 0 0 212 -531 21
28 97 0 0 12 -485 -18
29 10 0 0 225 2 3
29 11 0 0 228 -44 -3
29 12 0 0 208 -40 0
29 14 0 0 203 -59 0
29 16 0 0 193 -79 0
29 18 0 0 184 -95 0
29 20 0 0 174 -109 0
29 22 0 0 165 -122 0
29 40 0 0 96 -190 0
29 42 0 0 84 -199 0
29 57 0 3 0 0 0
29 58 0 11 0 0 0
29 59 0 35 0 0 0
29 60 0 84 0 0 0
29 61 0 159 0 0 0
29 62 0 237 0 0 0
29 63 0 281 0 0 0
29 64 0 267 0 0 0
29 65 0 211 0 0 0
29 66 0 152 0 0 0
29 67 0 118 0 0 0
29 68 0 115 0 0 0
29 69 0 135 0 0 0
29 70 0 160 273 -286 8
29 71 0 163 284 -368 -8
29 72 0 128 331 -439 -12
29 73 0 74 264 -535 -3
29 74 0 30 94 -539 -5
29 75 0 9 72 -529 0
29 76 0 1 60 -478 -5
29 77 0 0 9 -431 -6
29 78 0 0 9 -385 -8
29 79 0 0 27 -314 -16
29 84 0 0 153 -364 0
29 87 0 0 172 -389 0
29 89 0 0 183 -407 -1
29 91 0 0 192 -441 -3
29 93 0 0 196 -450 6
29 95 0 0 199 -501 12
29 96 0 0 191 -506 18
29 97 0 0 7 -475 -3
30 10 0 0 241 14 3
30 11 0 0 240 -2 0
30 26 0 0 158 -151 0
30 28 0 0 149 -159 0
30 30 0 0 140 -167 0
30 32 0 0 133 -173 0
30 35 0 0 125 -180 0
30 37 0 0 117 -185 0
30 39 0 0 110 -192 0
30 41 0 0 104 -199 0
30 42 0 0 96 -208 0
30 44 0 0 95 -219 0
30 46 0 0 92 -234 0
30 48 0 0 103 -244 0
30 50 0 0 116 -258 0
30 52 0 0 139 -254 0
30 54 0 0 146 -246 0
30 56 0 0 154 -244 0
30 57 0 1 0 0 0
30 58 0 3 160 -240 0
30 59 0 11 0 0 0
30 60 0 27 169 -242 0
30 61 0 52 0 0 0
30 62 0 77 0 0 0
30 63 0 91 179 -239 0
30 64 0 86 0 0 0
30 65 0 67 197 -246 0
30 66 0 47 219 -242 2
30 67 0 35 0 0 0
30 68 0 31 262 -260 5
30 69 0 34 0 0 0
30 70 0 37 344 -285 17
30 71 0 36 357 -326 0
30 72 0 27 568 -464 -8
30 73 0 0 715 -971 -36
30 74 0 0 25 -542 -32
30 75 0 0 39 -574 7
30 76 0 0 -6 -412 -61
30 77 0 0 -111 -413 -8
30 78 0 0 -83 -205 -7
30 79 0 0 -15 -255 -17
30 81 0 0 103 -273 -7
30 82 0 0 145 -307 -1
30 96 0 0 231 -522 22
30 97 0 0 13 -485 -17
31 10 0 0 256 3 3
31 11 0 0 255 -50 -4
31 12 0 0 232 -49 -1
31 14 0 0 224 -69 -1
31 16 0 0 211 -90 0
31 18 0 0 199 -105 0
31 20 0 0 188 -119 0
31 22 0 0 177 -131 0
31 24 0 0 167 -142 0
31 57 0 0 0 0 0
31 58 0 1 0 0 0
31 59 0 3 0 0 0
31 60 0 7 0 0 0
31 61 0 13 0 0 0
31 62 0 20 0 0 0
31 63 0 23 0 0 0
31 64 0 22 0 0 0
31 65 0 17 0 0 0
31 66 0 11 0 0 0
31 67 0 8 0 0 0
31 68 0 6 0 0 0
31 69 0 6 0 0 0
31 70 0 6 330 -198 10
31 71 0 6 398 -206 6
31 72 0 4 624 -206 -35
31 73 0 0 127 4 -111
31 77 0 0 -112 -18 3
31 78 0 0 -76 -176 -15
31 79 0 0 55 -223 -20
31 84 0 0 178 -340 0
31 86 0 0 197 -373 0
31 89 0 0 207 -395 0
31 91 0 0 215 -432 -2
31 93 0 0 221 -446 11
31 95 0 0 220 -491 5
31 96 0 0 219 -499 17
31 97 0 0 10 -475 -3
32 10 0 0 279 13 2
32 11 0 0 270 -8 -1
32 30 0 0 147 -175 0
32 32 0 0 139 -181 0
32 35 0 0 131 -187 0
32 37 0 0 124 -193 0
32 39 0 0 117 -199 0
32 41 0 0 112 -204 0
32 43 0 0 106 -211 0
32 45 0 0 104 -220 0
32 47 0 0 105 -228 0
32 48 0 0 112 -237 0
32 50 0 0 117 -245 0
32 52 0 0 137 -245 0
32 54 0 0 143 -239 0
32 56 0 0 152 -238 0
32 57 0 0 0 0 0
32 58 0 0 158 -233 0
32 59 0 0 0 0 0
32 60 0 1 0 0 0
32 61 0 1 167 -231 0
32 62 0 2 0 0 0
32 63 0 3 179 -225 0
32 64 0 2 0 0 0
32 65 0 2 193 -222 0
32 66 0 1 214 -207 4
32 67 0 0 0 0 0
32 68 0 0 243 -207 2
32 69 0 0 0 0 0
32 70 0 0 303 -176 11
32 71 0 0 332 -161 5
32 72 0 0 366 -30 -3
32 73 0 0 369 1 4
32 77 0 0 46 3 -8
32 78 0 0 97 -80 -5
32 79 0 0 94 -124 -8
32 96 0 0 256 -525 22
32 97 0 0 13 -485 -16
33 10 0 0 295 2 3
33 11 0 0 292 -65 -2
33 12 0 0 261 -63 -1
33 14 0 0 246 -83 -1
33 16 0 0 229 -104 0
33 18 0 0 214 -118 0
33 20 0 0 200 -131 0
33 22 0 0 188 -142 0
33 24 0 0 177 -152 0
33 26 0 0 166 -161 0
33 28 0 0 157 -168 0
33 70 0 0 272 -129 11
33 71 0 0 286 -106 6
33 72 0 0 330 -37 1
33 73 0 0 340 -5 4
33 78 0 0 116 -71 -11
33 79 0 0 171 -155 -18
33 80 0 0 166 -207 -7
33 82 0 0 201 -270 -2
33 84 0 0 215 -322 0
33 86 0 0 230 -360 0
33 89 0 0 235 -388 -1
33 91 0 0 241 -427 -3
33 93 0 0 243 -441 7
33 95 0 0 245 -497 10
33 96 0 0 242 -497 17
33 97 0 0 12 -476 -3
34 10 0 0 337 10 4
34 11 0 0 307 -22 0
34 35 0 0 136 -195 0
34 37 0 0 129 -200 0
34 39 0 0 122 -205 0
34 41 0 0 117 -209 0
34 43 0 0 113 -215 0
34 45 0 0 111 -221 0
34 47 0 0 111 -227 0
34 49 0 0 118 -232 0
34 50 0 0 124 -234 0
34 52 0 0 133 -235 0
34 54 0 0 140 -232 0
34 56 0 0 147 -230 0
34 58 0 0 154 -225 0
34 61 0 0 162 -221 0
34 63 0 0 170 -213 0
34 64 0 0 182 -204 0
34 66 0 0 195 -185 4
34 68 0 0 207 -175 2
34 70 0 0 253 -131 9
34 71 0 0 255 -112 4
34 72 0 0 255 -28 5
34 73 0 0 262 0 1
34 78 0 0 234 -53 -2
34 79 0 0 223 -88 -11
34 96 0 0 278 -521 22
34 97 0 0 14 -484 -14
35 10 0 0 360 -3 2
35 11 0 0 325 -95 0
35 13 0 0 291 -89 -2
35 14 0 0 268 -103 -2
35 16 0 0 244 -121 0
35 18 0 0 227 -133 0
35 20 0 0 211 -145 0
35 22 0 0 198 -155 0
35 24 0 0 185 -163 0
35 26 0 0 174 -171 0
35 28 0 0 163 -178 0
35 30 0 0 154 -184 0
35 32 0 0 145 -190 0
35 70 0 0 216 -103 10
35 71 0 0 206 -81 3
35 72 0 0 231 -38 3
35 73 0 0 236 -5 3
35 78 0 0 250 -49 -10
35 79 0 0 273 -142 -10
35 80 0 0 256 -190 -8
35 82 0 0 263 -258 -3
35 84 0 0 263 -307 0
35 86 0 0 266 -354 -1
35 89 0 0 267 -378 0
35 91 0 0 270 -425 -4
35 93 0 0 273 -438 11
35 95 0 0 271 -490 8
35 96 0 0 270 -491 17
35 97 0 0 15 -476 -3
36 10 0 0 450 -26 0
36 11 0 0 373 -70 0
36 37 0 0 133 -207 0
36 39 0 0 127 -211 0
36 41 0 0 122 -214 0
36 43 0 0 118 -218 0
36 45 0 0 116 -222 0
36 47 0 0 116 -226 0
36 49 0 0 119 -228 0
36 51 0 0 123 -230 0
36 52 0 0 132 -229 0
36 54 0 0 137 -226 0
36 56 0 0 144 -223 0
36 58 0 0 150 -218 0
36 61 0 0 156 -214 0
36 70 0 0 194 -120 10
36 71 0 0 184 -98 4
36 72 0 0 160 -28 6
36 73 0 0 166 -1 0
36 78 0 0 385 -58 0
36 79 0 0 330 -92 -1
36 80 0 0 345 -208 -8
36 82 0 0 321 -263 -1
36 84 0 0 308 -309 0
36 96 0 0 305 -523 21
36 97 0 0 15 -484 -14
37 2 0 0 0 -13 0
37 3 0 0 -1 -46 3
37 4 0 0 15 -87 -14
37 5 0 0 -2 -114 8
37 6 0 0 19 -176 -16
37 7 0 0 6 -210 3
37 8 0 0 -6 -264 -38
37 9 0 0 34 -218 -13
37 10 0 0 536 -136 12
37 11 0 0 375 -193 -14
37 13 0 0 318 -139 -7
37 15 0 0 283 -133 0
37 16 0 0 258 -146 0
37 18 0 0 238 -151 0
37 20 0 0 221 -161 0
37 22 0 0 206 -168 0
37 24 0 0 193 -176 0
37 26 0 0 181 -182 0
37 28 0 0 170 -189 0
37 30 0 0 159 -194 0
37 32 0 0 150 -199 0
37 35 0 0 141 -203 0
37 63 0 0 163 -204 0
37 65 0 0 168 -201 -1
37 66 0 0 173 -177 4
37 68 0 0 173 -171 0
37 70 0 0 158 -104 9
37 71 0 0 139 -89 4
37 72 0 0 141 -40 5
37 73 0 0 135 -5 3
37 78 0 0 417 -66 -1
37 79 0 0 394 -174 -9
37 86 0 0 303 -354 -1
37 89 0 0 299 -378 0
37 91 0 0 299 -426 -5
37 93 0 0 297 -435 9
37 95 0 0 297 -495 11
37 96 0 0 295 -490 17
37 97 0 0 17 -477 -3
38 2 0 0 29 -1 -4
38 3 0 0 32 -31 3
38 4 0 0 40 -93 4
38 5 0 0 41 -108 4
38 6 0 0 52 -172 3
38 7 0 0 62 -197 3
38 8 0 0 96 -290 6
38 9 0 0 115 -356 8
38 10 0 0 334 -214 -11
38 11 0 0 351 -176 -8
38 41 0 0 125 -218 0
38 43 0 0 121 -221 0
38 45 0 0 119 -222 0
38 47 0 0 118 -224 0
38 49 0 0 121 -225 0
38 51 0 0 124 -225 0
38 52 0 0 129 -224 0
38 54 0 0 134 -220 0
38 56 0 0 140 -217 0
38 70 0 0 144 -138 19
38 71 0 0 121 -121 5
38 72 0 0 53 -46 2
38 73 0 0 58 -2 2
38 77 0 0 497 -34 2
38 78 0 0 538 -103 0
38 79 0 0 442 -156 -12
38 84 0 0 347 -323 0
38 86 0 0 337 -361 -1
38 96 0 0 329 -520 21
38 97 0 0 17 -483 -13
39 2 0 0 52 -5 10
39 3 0 0 67 -54 1
39 4 0 0 55 -76 3
39 5 0 0 77 -125 9
39 6 0 0 68 -154 6
39 7 0 0 110 -207 10
39 8 0 0 115 -251 8
39 9 0 0 187 -326 15
39 10 0 0 254 -282 3
39 11 0 0 317 -222 1
39 13 0 0 304 -185 -2
39 15 0 0 277 -168 0
39 16 0 0 261 -168 0
39 18 0 0 243 -170 0
39 20 0 0 228 -176 0
39 22 0 0 213 -182 0
39 24 0 0 200 -189 0
39 26 0 0 187 -195 0
39 28 0 0 175 -200 0
39 30 0 0 164 -204 0
39 32 0 0 154 -208 0
39 35 0 0 144 -211 0
39 37 0 0 137 -214 0
39 39 0 0 130 -216 0
39 59 0 0 145 -212 0
39 61 0 0 150 -208 0
39 63 0 0 155 -200 0
39 65 0 0 157 -193 0
39 66 0 0 156 -177 2
39 68 0 0 144 -177 6
39 70 0 0 101 -133 9
39 71 0 0 88 -145 7
39 72 0 0 30 -86 4
39 73 0 0 -15 -5 4
39 77 0 0 662 -25 1
39 78 0 0 589 -168 -11
39 79 0 0 535 -315 -21
39 80 0 0 417 -266 -12
39 82 0 0 370 -296 0
39 89 0 0 330 -377 0
39 91 0 0 328 -426 -5
39 93 0 0 327 -434 10
39 95 0 0 325 -488 8
39 96 0 0 324 -485 16
39 97 0 0 20 -477 -3
40 2 0 0 87 -5 -13
40 3 0 0 84 -33 0
40 4 0 0 120 -92 2
40 6 0 0 144 -150 6
40 47 0 0 119 -224 0
40 49 0 0 120 -223 0
40 51 0 0 123 -221 0
40 70 0 0 118 -177 21
40 71 0 0 84 -218 11
40 72 0 0 50 -211 3
40 73 0 0 38 -353 6
40 74 0 0 43 -401 12
40 75 0 0 32 -463 6
40 76 0 0 -52 -548 -5
40 77 0 0 747 -924 119
40 78 0 0 541 -402 -6
40 79 0 0 507 -341 -18
40 86 0 0 360 -369 -1
40 96 0 0 357 -523 20
40 97 0 0 19 -483 -13
41 2 0 0 120 -2 20
41 3 0 0 129 -61 -5
41 8 0 0 191 -216 6
41 11 0 0 257 -213 2
41 13 0 0 278 -188 0
41 15 0 0 269 -181 0
41 16 0 0 260 -181 0
41 18 0 0 247 -184 0
41 20 0 0 233 -190 0
41 22 0 0 219 -196 0
41 24 0 0 206 -202 0
41 26 0 0 192 -207 0
41 28 0 0 179 -212 0
41 30 0 0 167 -215 0
41 32 0 0 157 -218 0
41 35 0 0 147 -220 0
41 37 0 0 138 -221 0
41 39 0 0 131 -222 0
41 41 0 0 126 -223 0
41 43 0 0 122 -224 0
41 45 0 0 120 -224 0
41 53 0 0 127 -219 0
41 54 0 0 131 -216 0
41 56 0 0 136 -212 0
41 59 0 0 141 -208 0
41 61 0 0 145 -205 0
41 63 0 0 149 -199 0
41 65 0 0 149 -200 -1
41 66 0 0 150 -188 3
41 68 0 0 129 -206 0
41 70 0 0 91 -177 18
41 71 0 0 105 -223 17
41 72 0 0 68 -258 7
41 73 0 0 103 -320 9
41 74 0 0 75 -359 0
41 75 0 0 150 -420 5
41 76 0 0 154 -499 -7
41 77 0 0 297 -565 4
41 78 0 0 352 -475 -6
41 79 0 0 437 -392 -6
41 81 0 0 409 -342 -5
41 83 0 0 378 -331 0
41 84 0 0 367 -343 0
41 89 0 0 356 -381 0
41 91 0 0 355 -428 -5
41 93 0 0 351 -434 9
41 95 0 0 351 -493 10
41 96 0 0 350 -484 16
41 97 0 0 22 -478 -3
42 2 0 0 154 -3 -13
42 3 0 0 148 -18 0
42 4 0 0 171 -78 0
42 6 0 0 186 -124 1
42 87 0 0 378 -372 -1
42 96 0 0 381 -523 20
42 97 0 0 21 -482 -13
43 2 0 0 183 0 28
43 3 0 0 181 -56 -7
43 8 0 0 214 -168 2
43 11 0 0 258 -184 1
43 13 0 0 272 -182 0
43 15 0 0 270 -185 0
43 16 0 0 264 -190 0
43 18 0 0 252 -196 0
43 20 0 0 240 -204 0
43 22 0 0 225 -210 0
43 24 0 0 211 -216 0
43 26 0 0 196 -221 0
43 28 0 0 183 -225 0
43 30 0 0 170 -227 0
43 32 0 0 158 -229 0
43 35 0 0 148 -229 0
43 37 0 0 139 -229 0
43 39 0 0 131 -229 0
43 41 0 0 126 -228 0
43 43 0 0 121 -227 0
43 45 0 0 119 -225 0
43 47 0 0 118 -224 0
43 49 0 0 119 -221 0
43 51 0 0 120 -218 0
43 53 0 0 124 -215 0
43 54 0 0 128 -211 0
43 56 0 0 132 -208 0
43 59 0 0 137 -203 0
43 61 0 0 142 -201 0
43 63 0 0 148 -197 0
43 65 0 0 150 -197 0
43 66 0 0 154 -197 0
43 68 0 0 143 -205 3
43 70 0 0 150 -228 6
43 73 0 0 145 -278 2
43 75 0 0 180 -344 4
43 77 0 0 259 -413 2
43 79 0 0 352 -391 0
43 81 0 0 374 -347 -2
43 83 0 0 375 -343 0
43 84 0 0 379 -347 0
43 89 0 0 379 -380 0
43 91 0 0 381 -426 -6
43 93 0 0 381 -432 9
43 95 0 0 378 -491 7
43 96 0 0 376 -479 16
43 97 0 0 24 -478 -3
44 2 0 0 209 -2 -15
44 3 0 0 199 -10 0
44 4 0 0 219 -65 0
44 6 0 0 232 -106 0
44 8 0 0 248 -145 0
44 10 0 0 270 -168 0
44 12 0 0 278 -178 0
44 63 0 0 146 -193 0
44 87 0 0 398 -369 -1
44 96 0 0 408 -524 20
44 97 0 0 24 -482 -14
45 2 0 0 228 3 20
45 3 0 0 225 -52 -7
45 14 0 0 277 -188 0
45 16 0 0 271 -198 0
45 18 0 0 260 -208 0
45 20 0 0 247 -217 0
45 22 0 0 232 -225 0
45 24 0 0 216 -231 0
45 26 0 0 200 -236 0
45 28 0 0 185 -238 0
45 30 0 0 171 -240 0
45 33 0 0 159 -240 0
45 35 0 0 148 -239 0
45 37 0 0 138 -238 0
45 39 0 0 130 -236 0
45 41 0 0 124 -233 0
45 43 0 0 119 -230 0
45 45 0 0 116 -227 0
45 47 0 0 115 -224 0
45 49 0 0 115 -220 0
45 51 0 0 117 -216 0
45 53 0 0 120 -212 0
45 54 0 0 124 -207 0
45 56 0 0 128 -203 0
45 59 0 0 134 -198 0
45 61 0 0 140 -195 0
45 65 0 0 152 -194 -1
45 66 0 0 159 -195 0
45 68 0 0 161 -208 0
45 70 0 0 170 -227 3
45 72 0 0 184 -260 1
45 75 0 0 217 -301 2
45 77 0 0 269 -334 1
45 79 0 0 336 -337 1
45 81 0 0 364 -325 0
45 83 0 0 380 -335 0
45 85 0 0 391 -340 0
45 89 0 0 402 -378 0
45 91 0 0 407 -424 -6
45 93 0 0 406 -429 9
45 95 0 0 406 -490 7
45 96 0 0 403 -476 16
45 97 0 0 33 -485 -8
46 2 0 0 256 -1 -14
46 3 0 0 242 -4 0
46 4 0 0 259 -60 0
46 6 0 0 268 -95 0
46 8 0 0 278 -131 0
46 10 0 0 289 -156 0
46 12 0 0 293 -175 0
46 14 0 0 291 -192 0
46 16 0 0 284 -207 0
46 31 0 0 172 -254 0
46 33 0 0 158 -252 0
46 35 0 0 146 -250 0
46 37 0 0 135 -247 0
46 39 0 0 127 -243 0
46 41 0 0 120 -239 0
46 43 0 0 115 -234 0
46 45 0 0 112 -230 0
46 47 0 0 111 -225 0
46 49 0 0 111 -219 0
46 51 0 0 112 -214 0
46 53 0 0 115 -208 0
46 54 0 0 119 -203 0
46 56 0 0 124 -197 0
46 59 0 0 130 -192 0
46 61 0 0 137 -188 0
46 63 0 0 146 -185 0
46 65 0 0 154 -186 0
46 67 0 0 166 -188 0
46 69 0 0 177 -196 -1
46 71 0 0 195 -211 -1
46 73 0 0 217 -234 0
46 75 0 0 250 -261 0
46 77 0 0 293 -287 -1
46 79 0 0 341 -300 0
46 81 0 0 370 -302 0
46 83 0 0 392 -320 0
46 85 0 0 407 -329 0
46 87 0 0 419 -361 -1
46 89 0 0 426 -372 0
46 96 0 0 435 -524 19
46 97 0 0 27 -482 -14
47 2 0 0 281 2 27
47 3 0 0 266 -50 -7
47 18 0 0 271 -220 0
47 20 0 0 257 -232 0
47 22 0 0 239 -241 0
47 24 0 0 222 -248 0
47 26 0 0 204 -252 0
47 28 0 0 187 -254 0
47 91 0 0 433 -420 -6
47 93 0 0 435 -426 9
47 95 0 0 435 -489 6
47 96 0 0 432 -473 15
47 97 0 0 30 -479 -3
48 2 0 0 299 -1 -9
48 3 0 0 282 0 0
48 4 0 0 297 -55 0
48 6 0 0 304 -90 0
48 8 0 0 309 -124 0
48 10 0 0 314 -152 0
48 12 0 0 314 -176 0
48 14 0 0 309 -198 0
48 16 0 0 300 -217 0
48 18 0 0 285 -234 0
48 20 0 0 269 -249 0
48 22 0 0 247 -260 0
48 24 0 0 227 -266 0
48 26 0 0 206 -270 0
48 28 0 0 188 -270 0
48 31 0 0 170 -269 0
48 33 0 0 155 -266 0
48 35 0 0 142 -262 0
48 37 0 0 131 -256 0
48 39 0 0 122 -251 0
48 41 0 0 115 -245 0
48 43 0 0 110 -239 0
48 45 0 0 107 -232 0
48 47 0 0 105 -226 0
48 49 0 0 105 -219 0
48 51 0 0 106 -212 0
48 53 0 0 108 -205 0
48 54 0 0 113 -198 0
48 56 0 0 118 -191 0
48 59 0 0 125 -185 0
48 61 0 0 133 -180 0
48 63 0 0 143 -176 0
48 65 0 0 155 -174 0
48 67 0 0 170 -175 0
48 69 0 0 187 -180 0
48 71 0 0 209 -190 0
48 73 0 0 236 -206 0
48 75 0 0 270 -225 0
48 77 0 0 311 -246 0
48 79 0 0 352 -263 0
48 81 0 0 383 -276 0
48 83 0 0 409 -298 0
48 85 0 0 428 -313 0
48 87 0 0 443 -349 -1
48 89 0 0 453 -363 0
48 91 0 0 462 -414 -6
48 96 0 0 464 -523 19
48 97 0 0 29 -481 -13
49 2 0 0 322 1 26
49 3 0 0 303 -49 -7
49 93 0 0 465 -421 9
49 95 0 0 465 -488 5
49 96 0 0 461 -469 15
49 97 0 0 33 -479 -4
50 2 0 0 340 -1 -3
50 3 0 0 319 1 1
50 4 0 0 333 -53 0
50 6 0 0 338 -87 0
50 8 0 0 340 -121 0
50 10 0 0 341 -151 0
50 12 0 0 339 -180 0
50 14 0 0 331 -206 0
50 16 0 0 321 -231 0
50 26 0 0 208 -292 0
50 28 0 0 186 -290 0
50 31 0 0 167 -286 0
50 33 0 0 150 -280 0
50 35 0 0 136 -274 0
50 37 0 0 125 -267 0
50 39 0 0 115 -259 0
50 41 0 0 108 -251 0
50 43 0 0 103 -243 0
50 45 0 0 99 -235 0
50 47 0 0 97 -227 0
50 49 0 0 97 -218 0
50 51 0 0 98 -210 0
50 53 0 0 101 -202 0
50 54 0 0 105 -193 0
50 56 0 0 111 -185 0
50 59 0 0 118 -177 0
50 61 0 0 128 -170 0
50 63 0 0 139 -163 0
50 65 0 0 154 -159 0
50 67 0 0 172 -157 0
50 69 0 0 193 -158 0
50 71 0 0 220 -163 0
50 73 0 0 252 -173 0
50 75 0 0 290 -189 0
50 77 0 0 330 -207 0
50 79 0 0 371 -227 0
50 81 0 0 404 -245 0
50 83 0 0 432 -275 0
50 85 0 0 454 -295 0
50 87 0 0 471 -335 -1
50 89 0 0 483 -352 0
50 91 0 0 493 -406 -7
50 96 0 0 494 -521 19
50 97 0 0 32 -481 -13
51 2 0 0 361 1 23
51 3 0 0 339 -50 -7
51 18 0 0 302 -251 0
51 20 0 0 283 -270 0
51 22 0 0 256 -283 0
51 24 0 0 233 -288 0
51 93 0 0 497 -416 9
51 95 0 0 497 -486 4
51 96 0 0 493 -466 15
51 97 0 0 36 -479 -4
52 2 0 0 383 -1 2
52 3 0 0 354 2 2
52 4 0 0 368 -52 0
52 6 0 0 372 -85 0
52 8 0 0 373 -121 0
52 10 0 0 372 -153 0
52 12 0 0 369 -186 0
52 33 0 0 143 -296 0
52 35 0 0 128 -287 0
52 37 0 0 116 -277 0
52 39 0 0 107 -267 0
52 41 0 0 99 -257 0
52 43 0 0 94 -247 0
52 45 0 0 90 -238 0
52 47 0 0 88 -228 0
52 49 0 0 88 -218 0
52 51 0 0 89 -208 0
52 53 0 0 92 -198 0
52 54 0 0 96 -188 0
52 56 0 0 102 -178 0
52 59 0 0 110 -168 0
52 61 0 0 120 -159 0
52 63 0 0 133 -149 0
52 65 0 0 149 -142 0
52 67 0 0 169 -135 0
52 69 0 0 194 -132 0
52 79 0 0 393 -189 0
52 81 0 0 430 -213 0
52 83 0 0 461 -249 0
52 85 0 0 485 -274 0
52 87 0 0 504 -320 -1
52 89 0 0 517 -340 0
52 96 0 0 525 -519 19
52 97 0 0 36 -480 -13
53 2 0 0 398 1 20
53 3 0 0 373 -50 -7
53 14 0 0 359 -216 0
53 16 0 0 346 -247 0
53 18 0 0 323 -272 0
53 20 0 0 302 -295 0
53 22 0 0 265 -310 0
53 24 0 0 237 -315 0
53 26 0 0 207 -316 0
53 28 0 0 183 -311 0
53 31 0 0 161 -305 0
53 71 0 0 223 -132 0
53 73 0 0 262 -137 0
53 75 0 0 301 -147 0
53 77 0 0 352 -164 0
53 91 0 0 527 -398 -7
53 93 0 0 531 -410 9
53 95 0 0 532 -483 4
53 96 0 0 527 -463 15
53 97 0 0 40 -479 -4
54 2 0 0 421 0 6
54 3 0 0 389 3 2
54 8 0 0 408 -121 0
54 96 0 0 560 -517 18
54 97 0 0 39 -480 -12
55 2 0 0 435 0 16
55 3 0 0 407 -51 -7
55 4 0 0 403 -51 1
55 6 0 0 407 -85 0
55 10 0 0 406 -156 0
55 12 0 0 402 -193 0
55 14 0 0 391 -228 0
55 16 0 0 377 -266 0
55 18 0 0 350 -296 0
55 20 0 0 322 -328 0
55 22 0 0 274 -345 0
55 24 0 0 240 -346 0
55 26 0 0 204 -345 0
55 28 0 0 176 -336 0
55 31 0 0 152 -326 0
55 33 0 0 132 -313 0
55 35 0 0 117 -301 0
55 37 0 0 105 -288 0
55 39 0 0 95 -276 0
55 41 0 0 88 -264 0
55 43 0 0 83 -252 0
55 45 0 0 79 -240 0
55 47 0 0 78 -229 0
55 49 0 0 77 -218 0
55 51 0 0 78 -206 0
55 53 0 0 81 -195 0
55 54 0 0 85 -183 0
55 56 0 0 91 -171 0
55 59 0 0 99 -159 0
55 61 0 0 109 -147 0
55 63 0 0 123 -134 0
55 65 0 0 140 -123 0
55 67 0 0 162 -112 0
55 69 0 0 190 -104 0
55 71 0 0 225 -96 0
55 73 0 0 268 -97 0
55 75 0 0 317 -105 0
55 77 0 0 372 -122 0
55 79 0 0 419 -150 0
55 81 0 0 462 -178 0
55 83 0 0 496 -221 0
55 85 0 0 521 -252 0
55 87 0 0 541 -303 -1
55 89 0 0 554 -327 0
55 91 0 0 565 -390 -7
55 93 0 0 569 -404 9
55 95 0 0 569 -481 3
55 96 0 0 563 -460 14
55 97 0 0 43 -479 -4
56 2 0 0 460 0 9
56 3 0 0 423 3 2
56 96 0 0 596 -515 18
56 97 0 0 43 -479 -12
57 2 0 0 472 0 13
57 3 0 0 441 -51 -7
57 4 0 0 439 -51 1
57 6 0 0 443 -84 0
57 8 0 0 445 -122 0
57 10 0 0 443 -159 0
57 12 0 0 441 -201 0
57 14 0 0 430 -241 0
57 16 0 0 417 -288 0
57 18 0 0 383 -327 0
57 20 0 0 355 -371 0
57 22 0 0 280 -390 0
57 24 0 0 237 -386 0
57 26 0 0 194 -380 0
57 28 0 0 164 -364 0
57 30 0 0 138 -348 0
57 33 0 0 118 -331 0
57 35 0 0 103 -315 0
57 37 0 0 91 -299 0
57 39 0 0 82 -284 0
57 41 0 0 76 -270 0
57 43 0 0 71 -256 0
57 45 0 0 68 -243 0
57 47 0 0 66 -230 0
57 49 0 0 65 -217 0
57 51 0 0 66 -205 0
57 53 0 0 69 -191 0
57 54 0 0 72 -178 0
57 56 0 0 78 -164 0
57 59 0 0 85 -150 0
57 61 0 0 95 -135 0
57 63 0 0 108 -119 0
57 65 0 0 126 -103 0
57 67 0 0 148 -85 0
57 69 0 0 178 -70 0
57 71 0 0 215 -53 0
57 73 0 0 269 -48 0
57 74 0 0 320 -43 1
57 76 0 0 402 -62 0
57 78 0 0 450 -102 1
57 81 0 0 502 -138 0
57 83 0 0 537 -191 0
57 85 0 0 564 -229 0
57 87 0 0 583 -286 -1
57 89 0 0 596 -315 0
57 91 0 0 606 -381 -7
57 93 0 0 609 -398 9
57 95 0 0 609 -479 3
57 96 0 0 601 -458 14
57 97 0 0 47 -479 -4
58 2 0 0 497 0 10
58 3 0 0 458 4 2
58 83 0 0 589 -161 0
58 96 0 0 635 -513 18
58 97 0 0 48 -479 -12
59 2 0 0 508 0 9
59 3 0 0 475 -51 -7
59 4 0 0 473 -50 1
59 6 0 0 479 -83 0
59 8 0 0 483 -121 0
59 10 0 0 484 -160 0
59 12 0 0 484 -206 0
59 14 0 0 477 -252 0
59 16 0 0 464 -312 0
59 18 0 0 432 -358 1
59 20 0 0 384 -426 1
59 22 0 0 286 -445 2
59 24 0 0 232 -433 3
59 26 0 0 181 -418 1
59 28 0 0 145 -392 1
59 30 0 0 118 -371 1
59 33 0 0 99 -348 0
59 35 0 0 84 -328 0
59 37 0 0 74 -309 0
59 39 0 0 66 -292 0
59 41 0 0 60 -275 0
59 43 0 0 56 -260 0
59 45 0 0 53 -245 0
59 47 0 0 51 -231 0
59 49 0 0 51 -217 0
59 51 0 0 52 -203 0
59 53 0 0 54 -189 0
59 55 0 0 57 -174 0
59 57 0 0 62 -158 0
59 59 0 0 69 -141 0
59 61 0 0 78 -124 0
59 63 0 0 90 -104 0
59 65 0 0 107 -83 0
59 67 0 0 129 -59 0
59 69 0 0 159 -36 0
59 71 0 0 202 -10 0
59 72 0 0 261 7 1
59 74 0 0 331 21 1
59 76 0 0 428 3 0
59 78 0 0 495 -53 1
59 81 0 0 549 -94 0
59 85 0 0 613 -205 0
59 87 0 0 631 -270 -1
59 89 0 0 642 -303 0
59 91 0 0 651 -374 -7
59 93 0 0 652 -393 9
59 95 0 0 651 -477 3
59 96 0 0 641 -456 14
59 97 0 0 51 -479 -4
60 2 0 0 535 0 11
60 3 0 0 491 4 2
60 12 0 0 536 -207 0
60 14 0 0 535 -261 0
60 16 0 0 527 -329 -1
60 18 0 0 489 -406 -1
60 20 0 0 453 -509 -2
60 22 0 0 276 -541 -3
60 24 0 0 208 -499 -1
60 26 0 0 150 -467 0
60 28 0 0 117 -427 0
60 31 0 0 92 -395 0
60 33 0 0 75 -365 0
60 35 0 0 63 -340 0
60 37 0 0 55 -318 0
60 39 0 0 49 -298 0
60 41 0 0 44 -280 0
60 43 0 0 41 -263 0
60 45 0 0 39 -247 0
60 47 0 0 38 -232 0
60 49 0 0 37 -217 0
60 51 0 0 38 -202 0
60 53 0 0 39 -186 0
60 55 0 0 42 -170 0
60 57 0 0 45 -153 0
60 59 0 0 50 -134 0
60 61 0 0 58 -114 0
60 63 0 0 68 -90 0
60 65 0 0 81 -64 0
60 67 0 0 100 -32 0
60 69 0 0 129 1 0
60 71 0 0 168 44 0
60 74 0 0 315 131 -2
60 77 0 0 482 105 -1
60 79 0 0 544 14 0
60 81 0 0 611 -54 0
60 83 0 0 649 -130 0
60 85 0 0 671 -187 0
60 96 0 0 675 -511 18
60 97 0 0 52 -478 -11
61 2 0 0 543 -1 6
61 3 0 0 507 -50 -7
61 4 0 0 508 -48 1
61 6 0 0 516 -80 0
61 8 0 0 522 -118 0
61 10 0 0 528 -158 0
61 73 0 0 231 87 -1
61 87 0 0 685 -256 -1
61 89 0 0 693 -294 0
61 91 0 0 698 -367 -7
61 93 0 0 698 -389 9
61 95 0 0 695 -476 3
61 96 0 0 683 -454 14
61 97 0 0 55 -479 -4
62 2 0 0 570 0 12
62 3 0 0 523 5 2
62 12 0 0 587 -199 0
62 14 0 0 600 -254 0
62 16 0 0 605 -349 -3
62 18 0 0 618 -426 -12
62 20 0 0 515 -628 -14
62 76 0 0 548 240 -20
62 79 0 0 655 70 -15
62 81 0 0 689 5 -6
62 83 0 0 728 -103 0
62 85 0 0 733 -170 0
62 96 0 0 718 -510 17
62 97 0 0 57 -478 -10
63 2 0 0 576 -2 3
63 3 0 0 538 -48 -7
63 4 0 0 540 -44 1
63 6 0 0 550 -73 0
63 8 0 0 560 -110 0
63 10 0 0 571 -147 0
63 22 0 0 280 -652 -15
63 24 0 0 166 -559 -2
63 26 0 0 111 -506 0
63 28 0 0 75 -447 1
63 31 0 0 57 -409 2
63 33 0 0 44 -373 2
63 35 0 0 36 -345 2
63 37 0 0 31 -320 1
63 39 0 0 27 -299 1
63 41 0 0 24 -280 1
63 43 0 0 22 -262 1
63 45 0 0 21 -246 1
63 47 0 0 20 -230 1
63 49 0 0 20 -215 0
63 51 0 0 21 -199 0
63 53 0 0 22 -183 0
63 55 0 0 24 -166 0
63 57 0 0 26 -148 0
63 59 0 0 30 -128 0
63 61 0 0 34 -106 0
63 63 0 0 41 -79 0
63 65 0 0 49 -50 0
63 67 0 0 64 -12 -1
63 69 0 0 83 30 -1
63 71 0 0 120 90 -3
63 73 0 0 179 155 -4
63 74 0 0 313 246 -12
63 87 0 0 743 -249 -1
63 89 0 0 745 -289 0
63 91 0 0 748 -364 -7
63 93 0 0 745 -386 10
63 95 0 0 741 -475 3
63 96 0 0 725 -454 13
63 97 0 0 59 -479 -4
64 2 0 0 602 0 12
64 3 0 0 553 7 2
64 12 0 0 646 -178 0
64 14 0 0 684 -232 -1
64 16 0 0 709 -318 -6
64 18 0 0 729 -469 -13
64 19 0 0 663 -551 -24
64 20 0 0 659 -712 -36
64 21 0 0 552 -862 -31
64 22 0 0 288 -859 -17
64 23 0 0 132 -706 3
64 24 0 0 127 -631 -6
64 25 0 0 46 -609 11
64 26 0 0 88 -546 -9
64 27 0 0 15 -510 0
64 28 0 0 63 -474 -9
64 29 0 0 0 -451 0
64 30 0 0 53 -426 -8
64 31 0 0 -6 -407 1
64 32 0 0 47 -388 -8
64 33 0 0 -9 -372 2
64 34 0 0 43 -357 -7
64 35 0 0 -10 -343 2
64 36 0 0 40 -330 -7
64 37 0 0 -11 -318 3
64 38 0 0 37 -308 -6
64 39 0 0 -12 -297 3
64 40 0 0 35 -287 -6
64 41 0 0 -12 -277 3
64 42 0 0 33 -269 -6
64 43 0 0 -12 -259 3
64 44 0 0 32 -251 -6
64 45 0 0 -11 -242 3
64 46 0 0 31 -235 -5
64 47 0 0 -11 -226 3
64 48 0 0 30 -219 -5
64 49 0 0 -11 -211 2
64 50 0 0 29 -203 -5
64 51 0 0 -10 -194 2
64 52 0 0 29 -186 -5
64 53 0 0 -8 -176 2
64 54 0 0 28 -169 -5
64 55 0 0 -7 -159 1
64 56 0 0 28 -150 -5
64 57 0 0 -4 -139 1
64 58 0 0 28 -130 -5
64 59 0 0 -1 -118 0
64 60 0 0 28 -107 -4
64 61 0 0 2 -95 1
64 62 0 0 29 -80 -4
64 63 0 0 9 -65 0
64 64 0 0 29 -49 -4
64 65 0 0 17 -32 1
64 66 0 0 33 -20 -3
64 67 0 0 33 11 0
64 68 0 0 36 24 -1
64 69 0 0 53 66 0
64 70 0 0 51 88 0
64 71 0 0 86 145 -2
64 72 0 0 74 186 -1
64 73 0 0 137 262 -6
64 74 0 0 175 333 -3
64 75 0 0 292 496 -17
64 76 0 0 534 454 -17
64 77 0 0 654 330 -32
64 78 0 0 688 217 -25
64 79 0 0 745 160 -22
64 81 0 0 788 -9 -14
64 83 0 0 827 -80 -2
64 85 0 0 813 -171 1
64 87 0 0 807 -245 -1
64 89 0 0 802 -289 0
64 96 0 0 761 -509 17
64 97 0 0 61 -477 -10
65 2 0 0 605 -2 0
65 3 0 0 566 -46 -7
65 4 0 0 569 -39 1
65 6 0 0 582 -65 0
65 8 0 0 597 -97 0
65 10 0 0 617 -131 0
65 18 0 0 882 -367 -19
65 19 0 0 916 -467 -23
65 20 0 0 804 -684 -59
65 21 0 0 130 -1335 -7
65 22 0 0 16 -1042 -35
65 23 0 0 -1 -900 -10
65 24 0 0 4 -742 -12
65 25 0 0 -6 -681 -6
65 26 0 0 3 -595 0
65 27 0 0 0 -560 5
65 28 0 0 2 -513 0
65 29 0 0 0 -483 9
65 30 0 0 2 -457 0
65 31 0 0 1 -429 11
65 32 0 0 2 -416 0
65 33 0 0 2 -389 12
65 34 0 0 3 -383 0
65 35 0 0 3 -360 13
65 36 0 0 5 -357 0
65 37 0 0 3 -335 14
65 38 0 0 5 -333 0
65 39 0 0 3 -313 14
65 40 0 0 5 -311 0
65 41 0 0 2 -293 14
65 42 0 0 5 -291 0
65 43 0 0 1 -276 14
65 44 0 0 6 -272 0
65 45 0 0 0 -260 14
65 46 0 0 6 -254 -1
65 47 0 0 -2 -245 12
65 48 0 0 6 -236 -1
65 49 0 0 -4 -228 11
65 50 0 0 6 -218 -2
65 51 0 0 -6 -211 9
65 52 0 0 3 -203 9
65 53 0 0 -6 -192 9
65 54 0 0 7 -180 -3
65 55 0 0 -6 -173 7
65 56 0 0 7 -159 -4
65 57 0 0 -7 -151 7
65 58 0 0 8 -137 -5
65 59 0 0 -7 -128 6
65 60 0 0 8 -111 -5
65 61 0 0 -6 -98 1
65 62 0 0 8 -82 -5
65 63 0 0 -5 -67 2
65 64 0 0 7 -47 -4
65 65 0 0 -3 -31 1
65 66 0 0 -2 -13 -1
65 67 0 0 4 15 -3
65 68 0 0 -5 45 -5
65 69 0 0 10 78 -6
65 70 0 0 -10 118 -11
65 71 0 0 10 166 -5
65 72 0 0 -14 236 -20
65 73 0 0 11 311 -5
65 74 0 0 -10 494 -10
65 75 0 0 16 707 -15
65 76 0 0 1421 1577 49
65 77 0 0 756 301 -38
65 78 0 0 889 186 -35
65 79 0 0 923 92 -35
65 91 0 0 799 -364 -7
65 93 0 0 793 -385 10
65 95 0 0 787 -476 3
65 96 0 0 769 -454 13
65 97 0 0 64 -479 -5
66 2 0 0 630 0 12
66 3 0 0 579 10 3
66 13 0 0 684 -128 0
66 14 0 0 735 -140 3
66 16 0 0 807 -191 3
66 18 0 0 915 -231 -8
66 19 0 0 1044 -277 -4
66 20 0 0 1149 21 -81
66 21 0 0 70 66 -157
66 76 0 0 278 -22 -171
66 77 0 0 1134 36 -81
66 78 0 0 1029 105 -11
66 79 0 0 982 19 -20
66 81 0 0 900 -46 -6
66 83 0 0 901 -143 1
66 85 0 0 884 -189 0
66 87 0 0 866 -261 -1
66 89 0 0 855 -297 0
66 96 0 0 804 -508 16
66 97 0 0 65 -477 -9
67 2 0 0 629 -2 -1
67 3 0 0 590 -42 -6
67 4 0 0 593 -31 2
67 6 0 0 608 -51 0
67 8 0 0 625 -76 0
67 10 0 0 649 -95 0
67 18 0 0 894 -135 11
67 19 0 0 957 -140 -2
67 20 0 0 979 130 -73
67 21 0 0 658 88 -4
67 76 0 0 809 -82 -20
67 77 0 0 1013 -64 -62
67 78 0 0 1014 18 -4
67 79 0 0 997 -42 -8
67 91 0 0 848 -369 -7
67 93 0 0 840 -388 10
67 95 0 0 832 -479 2
67 96 0 0 813 -455 12
67 97 0 0 68 -479 -5
68 2 0 0 652 0 11
68 3 0 0 601 13 3
68 14 0 0 743 -96 -1
68 18 0 0 864 -99 7
68 19 0 0 889 -78 -9
68 20 0 0 919 -3 -8
68 21 0 0 926 0 4
68 76 0 0 1039 -4 3
68 77 0 0 1056 -24 2
68 78 0 0 1026 -25 -6
68 79 0 0 1022 -50 -10
68 81 0 0 963 -99 -9
68 83 0 0 960 -167 -2
68 85 0 0 934 -208 0
68 87 0 0 918 -273 -1
68 89 0 0 904 -306 0
68 96 0 0 846 -508 16
68 97 0 0 69 -477 -9
69 2 0 0 648 -2 -2
69 3 0 0 609 -38 -6
69 4 0 0 611 -24 1
69 6 0 0 627 -38 0
69 8 0 0 643 -57 0
69 10 0 0 668 -70 0
69 13 0 0 697 -90 0
69 16 0 0 777 -103 4
69 18 0 0 874 -53 5
69 19 0 0 882 -52 -7
69 20 0 0 879 -13 -9
69 21 0 0 927 0 4
69 76 0 0 1065 -2 3
69 77 0 0 1046 -25 0
69 78 0 0 1047 -40 -2
69 79 0 0 1053 -83 -9
69 91 0 0 895 -376 -7
69 93 0 0 885 -392 11
69 95 0 0 876 -481 2
69 96 0 0 855 -457 12
69 97 0 0 72 -479 -5
70 2 0 0 668 0 10
70 3 0 0 617 16 4
70 14 0 0 749 -51 0
70 16 0 0 780 -56 4
70 18 0 0 868 -51 9
70 19 0 0 871 -49 -5
70 20 0 0 886 -20 0
70 21 0 0 928 -3 -2
70 76 0 0 1120 2 0
70 77 0 0 1109 -16 2
70 78 0 0 1079 -39 -4
70 79 0 0 1091 -67 -7
70 81 0 0 1024 -134 0
70 83 0 0 1016 -190 -1
70 85 0 0 986 -232 1
70 87 0 0 967 -291 -1
70 96 0 0 887 -508 16
70 97 0 0 73 -476 -9
71 2 0 0 662 -2 -3
71 3 0 0 623 -34 -5
71 4 0 0 624 -15 1
71 6 0 0 641 -24 0
71 8 0 0 656 -36 0
71 10 0 0 681 -42 0
71 13 0 0 709 -52 0
71 18 0 0 856 -19 1
71 19 0 0 862 -25 0
71 20 0 0 858 -21 2
71 21 0 0 897 -2 -1
71 76 0 0 1133 -1 3
71 77 0 0 1106 -16 1
71 78 0 0 1094 -57 -3
71 79 0 0 1116 -85 -5
71 89 0 0 950 -319 0
71 91 0 0 939 -385 -7
71 93 0 0 928 -397 11
71 95 0 0 918 -485 1
71 96 0 0 895 -459 12
71 97 0 0 76 -479 -5
72 2 0 0 679 0 10
72 3 0 0 628 19 4
72 18 0 0 852 -18 5
72 19 0 0 852 -27 -2
72 20 0 0 869 -15 3
72 21 0 0 902 -3 -5
72 76 0 0 1185 0 1
72 77 0 0 1163 -25 -2
72 78 0 0 1115 -50 -2
72 79 0 0 1155 -82 -5
72 81 0 0 1080 -171 -1
72 83 0 0 1065 -214 -3
72 96 0 0 925 -508 16
72 97 0 0 76 -476 -8
73 2 0 0 670 -1 -4
73 3 0 0 631 -30 -5
73 4 0 0 631 -7 1
73 6 0 0 648 -11 0
73 8 0 0 662 -16 0
73 10 0 0 685 -18 0
73 13 0 0 708 -21 0
73 14 0 0 747 -17 0
73 16 0 0 767 -17 2
73 18 0 0 844 15 -1
73 19 0 0 849 0 0
73 20 0 0 844 -14 6
73 21 0 0 883 0 -1
73 76 0 0 1206 -2 4
73 77 0 0 1165 -24 -2
73 78 0 0 1142 -80 -3
73 79 0 0 1185 -119 -7
73 85 0 0 1031 -258 1
73 87 0 0 1010 -309 -2
73 89 0 0 991 -334 0
73 91 0 0 979 -395 -8
73 93 0 0 967 -403 11
73 95 0 0 957 -489 1
73 96 0 0 933 -460 12
73 97 0 0 79 -479 -5
74 2 0 0 684 -1 10
74 3 0 0 634 23 4
74 18 0 0 848 2 1
74 19 0 0 855 -6 -3
74 20 0 0 871 -7 5
74 21 0 0 901 -1 -5
74 76 0 0 1272 -1 0
74 77 0 0 1237 -33 -5
74 78 0 0 1179 -78 -5
74 79 0 0 1229 -119 -7
74 96 0 0 961 -508 15
74 97 0 0 79 -476 -8
75 2 0 0 672 -1 -4
75 3 0 0 634 -26 -5
75 4 0 0 633 0 0
75 6 0 0 650 0 0
75 8 0 0 663 1 0
75 10 0 0 685 4 0
75 13 0 0 708 9 0
75 15 0 0 746 11 0
75 16 0 0 767 19 0
75 18 0 0 845 28 -1
75 19 0 0 848 17 -1
75 20 0 0 865 -6 -15
75 21 0 0 892 2 -1
75 76 0 0 1305 -2 3
75 77 0 0 1249 -32 -4
75 78 0 0 1209 -107 -5
75 79 0 0 1259 -161 -6
75 81 0 0 1141 -213 -1
75 83 0 0 1115 -249 -4
75 85 0 0 1073 -288 1
75 87 0 0 1049 -331 -2
75 89 0 0 1028 -350 0
75 91 0 0 1015 -406 -7
75 93 0 0 1003 -410 11
75 95 0 0 992 -492 1
75 96 0 0 968 -462 12
75 97 0 0 82 -479 -6
76 2 0 0 682 -1 9
76 3 0 0 635 26 5
76 16 0 0 765 64 0
76 18 0 0 861 26 1
76 19 0 0 862 18 -5
76 20 0 0 917 7 -16
76 21 0 0 930 1 -4
76 76 0 0 1389 -5 0
76 77 0 0 1348 -57 -8
76 78 0 0 1273 -127 -13
76 79 0 0 1305 -178 -6
76 96 0 0 994 -509 15
76 97 0 0 81 -476 -8
77 2 0 0 668 0 -4
77 3 0 0 632 -23 -4
77 4 0 0 630 6 0
77 6 0 0 646 11 0
77 8 0 0 658 18 0
77 10 0 0 678 26 0
77 13 0 0 700 38 0
77 15 0 0 738 46 -1
77 18 0 0 857 75 -1
77 19 0 0 858 54 -2
77 20 0 0 878 5 4
77 21 0 0 937 3 0
77 76 0 0 1458 -5 1
77 77 0 0 1378 -60 -8
77 78 0 0 1298 -161 -8
77 79 0 0 1326 -238 -6
77 81 0 0 1192 -272 -4
77 83 0 0 1151 -292 -4
77 85 0 0 1105 -323 1
77 87 0 0 1077 -355 -2
77 89 0 0 1058 -367 0
77 91 0 0 1045 -416 -7
77 93 0 0 1035 -417 12
77 95 0 0 1025 -496 1
77 96 0 0 1000 -464 12
77 97 0 0 84 -479 -6
78 2 0 0 677 -1 8
78 3 0 0 631 29 5
78 13 0 0 686 69 0
78 14 0 0 726 83 -1
78 16 0 0 758 125 -6
78 18 0 0 875 89 -1
78 19 0 0 897 86 -5
78 20 0 0 956 44 0
78 21 0 0 1029 5 -3
78 76 0 0 1605 -16 -1
78 77 0 0 1550 -133 -12
78 78 0 0 1384 -225 -26
78 79 0 0 1372 -282 -7
78 96 0 0 1025 -509 15
78 97 0 0 84 -476 -8
79 2 0 0 661 0 -5
79 3 0 0 625 -20 -4
79 4 0 0 624 12 0
79 6 0 0 637 21 0
79 8 0 0 648 34 0
79 10 0 0 667 46 0
79 18 0 0 848 152 -3
79 19 0 0 870 150 -2
79 20 0 0 985 76 -5
79 21 0 0 1093 11 -3
79 76 0 0 1786 -30 -2
79 77 0 0 1629 -185 -22
79 78 0 0 1425 -324 -19
79 79 0 0 1382 -365 -10
79 81 0 0 1235 -369 -5
79 83 0 0 1177 -348 -7
79 85 0 0 1129 -362 2
79 87 0 0 1100 -379 -2
79 89 0 0 1081 -381 0
79 91 0 0 1072 -425 -7
79 93 0 0 1063 -422 12
79 95 0 0 1054 -498 1
79 96 0 0 1031 -466 12
79 97 0 0 87 -479 -6
80 2 0 0 670 -2 3
80 3 0 0 623 31 5
80 18 0 0 838 189 -3
80 19 0 0 893 277 -12
80 20 0 0 1120 494 -33
80 21 0 0 1671 1069 0
80 22 0 0 -41 -364 96
80 23 0 0 -14 534 -2
80 24 0 0 12 546 -2
80 25 0 0 12 440 0
80 26 0 0 13 413 0
80 27 0 0 8 325 0
80 28 0 0 9 313 0
80 29 0 0 6 251 0
80 30 0 0 5 244 0
80 31 0 0 6 197 0
80 32 0 0 3 189 0
80 33 0 0 5 153 0
80 34 0 0 1 147 0
80 35 0 0 6 118 -1
80 36 0 0 0 112 0
80 37 0 0 5 89 -1
80 38 0 0 0 81 0
80 39 0 0 5 62 -1
80 40 0 0 0 55 0
80 41 0 0 3 38 0
80 42 0 0 0 31 0
80 43 0 0 0 15 0
80 44 0 0 0 8 0
80 45 0 0 1 -2 0
80 46 0 0 1 -10 0
80 47 0 0 0 -24 0
80 48 0 0 3 -32 0
80 49 0 0 0 -47 0
80 50 0 0 4 -55 -1
80 51 0 0 0 -72 0
80 52 0 0 8 -92 0
80 53 0 0 0 -100 0
80 54 0 0 6 -107 -1
80 55 0 0 0 -132 0
80 56 0 0 6 -139 -1
80 57 0 0 2 -169 0
80 58 0 0 6 -176 -1
80 59 0 0 4 -212 -1
80 60 0 0 5 -219 -1
80 61 0 0 6 -265 -1
80 62 0 0 5 -271 -1
80 63 0 0 8 -329 -1
80 64 0 0 6 -336 -1
80 65 0 0 10 -406 -1
80 66 0 0 8 -416 -1
80 67 0 0 13 -499 0
80 68 0 0 10 -518 0
80 69 0 0 14 -619 0
80 70 0 0 13 -656 0
80 71 0 0 13 -781 3
80 72 0 0 11 -833 2
80 73 0 0 -13 -812 3
80 74 0 0 -190 -454 44
80 75 0 0 -298 1150 112
80 76 0 0 2753 -1207 115
80 77 0 0 1871 -771 -62
80 78 0 0 1477 -545 -36
80 79 0 0 1381 -446 -12
80 96 0 0 1055 -509 15
80 97 0 0 57 -483 -6
81 2 0 0 650 0 -4
81 3 0 0 615 -18 -4
81 4 0 0 613 17 -1
81 6 0 0 624 30 0
81 8 0 0 632 47 0
81 10 0 0 644 65 0
81 13 0 0 661 99 0
81 14 0 0 685 126 0
81 16 0 0 715 194 -10
81 18 0 0 782 269 -12
81 19 0 0 783 362 -20
81 20 0 0 983 525 -28
81 21 0 0 1192 883 -45
81 22 0 0 -122 622 -22
81 23 0 0 -65 525 -2
81 24 0 0 28 432 5
81 25 0 0 30 387 4
81 26 0 0 22 324 3
81 27 0 0 25 291 2
81 28 0 0 14 245 1
81 29 0 0 19 225 1
81 30 0 0 9 191 0
81 31 0 0 16 176 0
81 32 0 0 7 150 0
81 33 0 0 13 139 0
81 34 0 0 5 117 0
81 35 0 0 11 108 0
81 36 0 0 4 88 0
81 37 0 0 9 81 0
81 38 0 0 3 64 0
81 39 0 0 7 58 0
81 40 0 0 3 42 0
81 41 0 0 6 38 0
81 42 0 0 3 22 1
81 43 0 0 5 19 0
81 44 0 0 4 3 0
81 45 0 0 4 0 0
81 46 0 0 5 -15 0
81 47 0 0 3 -18 0
81 48 0 0 6 -34 0
81 49 0 0 3 -37 0
81 50 0 0 7 -53 0
81 51 0 0 3 -58 0
81 52 0 0 9 -75 0
81 53 0 0 4 -82 0
81 54 0 0 10 -100 0
81 55 0 0 4 -108 0
81 56 0 0 12 -128 0
81 57 0 0 5 -138 0
81 58 0 0 14 -161 0
81 59 0 0 7 -173 1
81 60 0 0 16 -199 0
81 61 0 0 9 -215 1
81 62 0 0 19 -247 0
81 63 0 0 12 -266 1
81 64 0 0 23 -306 1
81 65 0 0 16 -329 1
81 66 0 0 27 -381 2
81 67 0 0 21 -408 1
81 68 0 0 33 -467 2
81 69 0 0 28 -512 3
81 70 0 0 35 -581 3
81 71 0 0 30 -636 5
81 72 0 0 7 -713 7
81 73 0 0 -28 -746 6
81 74 0 0 -367 -615 -65
81 75 0 0 -171 -668 -85
81 76 0 0 1947 -1568 -48
81 77 0 0 1693 -887 -77
81 78 0 0 1353 -680 -51
81 79 0 0 1321 -554 -16
81 81 0 0 1201 -485 -18
81 83 0 0 1157 -408 -6
81 85 0 0 1127 -400 0
81 87 0 0 1099 -389 -2
81 89 0 0 1097 -395 0
81 91 0 0 1091 -428 -7
81 93 0 0 1089 -425 12
81 95 0 0 1082 -499 2
81 96 0 0 1061 -467 13
81 97 0 0 89 -479 -6
82 2 0 0 653 0 8
82 3 0 0 611 33 5
82 18 0 0 700 233 -10
82 19 0 0 680 358 -17
82 20 0 0 649 446 0
82 21 0 0 552 668 -1
82 22 0 0 276 668 12
82 23 0 0 186 511 7
82 24 0 0 132 431 3
82 25 0 0 86 372 5
82 26 0 0 93 335 3
82 27 0 0 58 290 5
82 28 0 0 65 260 2
82 29 0 0 41 232 3
82 30 0 0 50 206 2
82 31 0 0 31 183 3
82 32 0 0 40 162 2
82 33 0 0 25 144 2
82 34 0 0 33 126 1
82 35 0 0 20 111 2
82 36 0 0 28 96 1
82 37 0 0 18 82 1
82 38 0 0 24 70 1
82 39 0 0 14 56 1
82 40 0 0 21 47 1
82 41 0 0 14 34 1
82 42 0 0 19 27 0
82 43 0 0 15 14 0
82 44 0 0 18 9 0
82 45 0 0 18 -4 0
82 46 0 0 15 -10 1
82 47 0 0 18 -22 0
82 48 0 0 14 -30 0
82 49 0 0 20 -41 1
82 50 0 0 14 -50 1
82 51 0 0 23 -63 1
82 52 0 0 17 -74 1
82 53 0 0 27 -88 1
82 54 0 0 19 -102 2
82 55 0 0 31 -115 1
82 56 0 0 21 -132 2
82 57 0 0 36 -147 1
82 58 0 0 25 -166 3
82 59 0 0 41 -184 2
82 60 0 0 30 -207 3
82 61 0 0 49 -229 2
82 62 0 0 38 -256 4
82 63 0 0 60 -284 3
82 64 0 0 50 -316 4
82 65 0 0 73 -350 3
82 66 0 0 63 -389 5
82 67 0 0 90 -431 4
82 68 0 0 82 -477 6
82 69 0 0 113 -530 4
82 70 0 0 105 -579 6
82 71 0 0 140 -658 5
82 72 0 0 131 -726 5
82 73 0 0 176 -832 1
82 74 0 0 271 -1078 -6
82 75 0 0 576 -1429 -5
82 76 0 0 1155 -1259 -18
82 77 0 0 1175 -846 -21
82 78 0 0 1214 -710 -47
82 79 0 0 1227 -535 -18
82 96 0 0 1083 -506 15
82 97 0 0 87 -477 -8
83 2 0 0 636 0 -3
83 3 0 0 602 -17 -4
83 4 0 0 599 20 -1
83 6 0 0 607 35 0
83 8 0 0 612 54 0
83 10 0 0 617 76 0
83 12 0 0 625 110 0
83 14 0 0 633 146 0
83 16 0 0 639 215 4
83 18 0 0 611 274 5
83 19 0 0 550 345 9
83 20 0 0 516 441 29
83 21 0 0 434 498 15
83 22 0 0 297 515 16
83 23 0 0 227 442 13
83 24 0 0 176 390 6
83 25 0 0 124 346 10
83 26 0 0 123 320 7
83 27 0 0 87 279 9
83 28 0 0 89 256 6
83 29 0 0 60 225 6
83 30 0 0 72 208 5
83 31 0 0 46 179 5
83 32 0 0 59 166 4
83 33 0 0 36 141 4
83 34 0 0 50 132 3
83 35 0 0 30 109 3
83 36 0 0 42 101 3
83 37 0 0 26 81 3
83 38 0 0 37 76 2
83 39 0 0 24 57 2
83 40 0 0 32 52 2
83 41 0 0 24 35 2
83 42 0 0 28 31 2
83 43 0 0 25 14 3
83 44 0 0 26 11 3
83 45 0 0 26 -6 3
83 46 0 0 24 -8 2
83 47 0 0 28 -26 3
83 48 0 0 24 -29 2
83 49 0 0 30 -48 2
83 50 0 0 24 -50 2
83 51 0 0 34 -70 2
83 52 0 0 24 -74 2
83 53 0 0 39 -94 3
83 54 0 0 27 -99 3
83 55 0 0 45 -121 3
83 56 0 0 31 -128 3
83 57 0 0 52 -153 4
83 58 0 0 36 -162 4
83 59 0 0 61 -191 4
83 60 0 0 44 -203 5
83 61 0 0 72 -235 5
83 62 0 0 55 -251 7
83 63 0 0 85 -288 7
83 64 0 0 70 -309 9
83 65 0 0 102 -350 9
83 66 0 0 91 -379 11
83 67 0 0 124 -428 11
83 68 0 0 118 -464 14
83 69 0 0 153 -517 13
83 70 0 0 160 -565 14
83 71 0 0 202 -635 12
83 72 0 0 222 -697 11
83 73 0 0 286 -785 8
83 74 0 0 393 -923 19
83 75 0 0 607 -1067 22
83 76 0 0 873 -980 17
83 77 0 0 958 -807 23
83 78 0 0 1048 -695 -8
83 79 0 0 1119 -559 -2
83 81 0 0 1120 -511 -2
83 83 0 0 1109 -435 -3
83 85 0 0 1107 -405 2
83 87 0 0 1103 -406 -1
83 89 0 0 1109 -396 0
83 91 0 0 1111 -429 -7
83 93 0 0 1113 -423 12
83 95 0 0 1110 -498 2
83 96 0 0 1091 -467 13
83 97 0 0 91 -479 -6
84 2 0 0 638 0 8
84 3 0 0 597 34 5
84 96 0 0 1113 -507 15
84 97 0 0 89 -477 -8
85 2 0 0 621 0 -2
85 3 0 0 587 -16 -4
85 4 0 0 584 21 -1
85 6 0 0 590 37 0
85 8 0 0 590 57 0
85 10 0 0 589 79 0
85 12 0 0 589 114 0
85 14 0 0 580 147 0
85 16 0 0 575 213 3
85 18 0 0 538 267 -1
85 20 0 0 452 352 7
85 22 0 0 323 365 8
85 24 0 0 223 299 2
85 26 0 0 171 257 3
85 28 0 0 127 203 1
85 31 0 0 102 168 1
85 33 0 0 82 133 0
85 35 0 0 69 105 0
85 37 0 0 59 80 1
85 39 0 0 52 58 0
85 41 0 0 48 38 0
85 43 0 0 45 20 0
85 45 0 0 45 1 1
85 47 0 0 44 -15 0
85 49 0 0 47 -35 0
85 51 0 0 50 -54 0
85 53 0 0 56 -76 0
85 55 0 0 63 -100 0
85 57 0 0 73 -127 0
85 59 0 0 86 -158 0
85 61 0 0 102 -195 0
85 63 0 0 122 -237 0
85 65 0 0 149 -288 0
85 67 0 0 184 -349 0
85 69 0 0 230 -421 0
85 71 0 0 302 -518 1
85 72 0 0 403 -619 4
85 74 0 0 597 -771 13
85 77 0 0 834 -736 5
85 79 0 0 979 -578 -7
85 81 0 0 1046 -502 0
85 83 0 0 1061 -433 -4
85 85 0 0 1084 -403 -2
85 87 0 0 1091 -383 -1
85 89 0 0 1116 -386 0
85 91 0 0 1124 -414 -5
85 93 0 0 1138 -416 14
85 95 0 0 1137 -491 5
85 96 0 0 1123 -465 13
85 97 0 0 94 -479 -6
86 2 0 0 622 0 8
86 3 0 0 583 34 5
86 96 0 0 1146 -498 15
86 97 0 0 92 -477 -8
87 2 0 0 606 0 -1
87 3 0 0 573 -16 -4
87 4 0 0 569 20 -1
87 6 0 0 572 35 0
87 8 0 0 570 53 0
87 10 0 0 564 74 0
87 12 0 0 557 101 0
87 14 0 0 539 131 0
87 16 0 0 518 171 3
87 18 0 0 474 215 5
87 20 0 0 407 260 4
87 22 0 0 310 268 7
87 24 0 0 246 242 4
87 26 0 0 194 212 3
87 28 0 0 154 178 3
87 30 0 0 126 148 2
87 33 0 0 105 120 2
87 35 0 0 90 95 2
87 37 0 0 77 73 1
87 39 0 0 70 54 1
87 41 0 0 63 35 1
87 43 0 0 60 17 1
87 45 0 0 57 2 0
87 47 0 0 59 -14 1
87 49 0 0 62 -32 1
87 51 0 0 67 -50 1
87 53 0 0 74 -70 1
87 55 0 0 83 -92 1
87 57 0 0 96 -117 1
87 59 0 0 112 -146 2
87 61 0 0 132 -179 2
87 63 0 0 157 -218 2
87 65 0 0 191 -262 3
87 67 0 0 234 -315 4
87 69 0 0 290 -373 5
87 71 0 0 359 -441 7
87 72 0 0 470 -507 8
87 74 0 0 592 -568 14
87 77 0 0 773 -561 7
87 79 0 0 897 -493 3
87 81 0 0 981 -437 4
87 83 0 0 1022 -398 0
87 85 0 0 1060 -368 0
87 87 0 0 1094 -372 -1
87 89 0 0 1128 -367 0
87 91 0 0 1147 -403 -7
87 93 0 0 1169 -404 12
87 95 0 0 1172 -485 3
87 96 0 0 1162 -461 13
87 97 0 0 98 -479 -6
88 2 0 0 607 0 8
88 3 0 0 568 34 5
88 96 0 0 1188 -498 15
88 97 0 0 95 -478 -9
89 2 0 0 592 0 0
89 3 0 0 559 -17 -4
89 4 0 0 554 19 -1
89 6 0 0 556 32 0
89 8 0 0 550 48 0
89 10 0 0 541 65 0
89 12 0 0 530 88 0
89 14 0 0 509 110 0
89 16 0 0 486 141 0
89 18 0 0 443 166 0
89 20 0 0 393 194 -1
89 22 0 0 326 196 0
89 24 0 0 270 184 -1
89 26 0 0 222 166 0
89 28 0 0 184 143 -1
89 30 0 0 152 120 0
89 33 0 0 130 98 0
89 35 0 0 111 79 0
89 37 0 0 97 61 0
89 39 0 0 87 45 0
89 41 0 0 80 29 0
89 43 0 0 76 15 0
89 45 0 0 74 1 0
89 47 0 0 76 -13 0
89 49 0 0 79 -27 0
89 51 0 0 86 -43 0
89 53 0 0 95 -60 0
89 55 0 0 107 -79 0
89 57 0 0 123 -100 0
89 59 0 0 143 -124 0
89 61 0 0 168 -152 0
89 63 0 0 199 -184 0
89 65 0 0 237 -220 0
89 67 0 0 285 -262 0
89 69 0 0 345 -305 0
89 71 0 0 419 -356 0
89 72 0 0 514 -397 0
89 74 0 0 625 -431 1
89 77 0 0 756 -436 -1
89 79 0 0 861 -403 0
89 81 0 0 942 -371 0
89 83 0 0 996 -343 0
89 85 0 0 1053 -331 -1
89 87 0 0 1092 -334 -1
89 89 0 0 1139 -333 0
89 91 0 0 1165 -370 -4
89 93 0 0 1202 -380 14
89 95 0 0 1207 -468 10
89 96 0 0 1208 -458 14
89 97 0 0 103 -479 -6
90 2 0 0 592 0 9
90 3 0 0 555 33 5
90 96 0 0 1238 -479 14
90 97 0 0 101 -478 -8
91 2 0 0 578 0 2
91 3 0 0 547 -19 -4
91 4 0 0 545 14 -1
91 6 0 0 544 27 1
91 8 0 0 537 39 0
91 10 0 0 525 53 0
91 12 0 0 511 70 0
91 14 0 0 489 87 0
91 16 0 0 462 107 0
91 18 0 0 424 126 0
91 20 0 0 380 140 0
91 22 0 0 326 145 0
91 24 0 0 280 137 0
91 26 0 0 237 126 0
91 28 0 0 201 110 0
91 30 0 0 172 95 0
91 33 0 0 148 78 0
91 35 0 0 128 64 0
91 37 0 0 113 49 0
91 39 0 0 102 36 0
91 41 0 0 94 23 0
91 43 0 0 89 12 0
91 45 0 0 87 0 0
91 47 0 0 89 -10 0
91 49 0 0 93 -22 0
91 51 0 0 101 -35 0
91 53 0 0 111 -49 0
91 55 0 0 125 -64 0
91 57 0 0 143 -82 0
91 59 0 0 166 -101 0
91 61 0 0 194 -123 0
91 63 0 0 228 -149 0
91 65 0 0 270 -177 0
91 67 0 0 321 -209 0
91 69 0 0 382 -240 1
91 71 0 0 454 -276 1
91 73 0 0 542 -303 0
91 74 0 0 636 -327 1
91 76 0 0 746 -330 0
91 78 0 0 840 -317 0
91 81 0 0 919 -297 0
91 83 0 0 988 -288 0
91 85 0 0 1050 -279 0
91 87 0 0 1103 -290 -1
91 89 0 0 1159 -294 1
91 91 0 0 1198 -337 -5
91 93 0 0 1251 -357 11
91 95 0 0 1261 -455 -1
91 96 0 0 1270 -445 13
91 97 0 0 110 -479 -6
92 2 0 0 579 3 12
92 3 0 0 544 32 6
92 96 0 0 1314 -470 16
92 97 0 0 109 -480 -9
93 2 0 0 565 1 1
93 3 0 0 532 -18 -4
93 4 0 0 533 13 -2
93 6 0 0 531 21 -1
93 8 0 0 522 30 -2
93 10 0 0 509 40 -2
93 12 0 0 494 52 -2
93 14 0 0 472 64 -2
93 16 0 0 445 77 -2
93 18 0 0 411 89 -2
93 21 0 0 373 97 -2
93 22 0 0 328 99 -1
93 24 0 0 287 95 -1
93 26 0 0 248 88 -1
93 29 0 0 214 77 -1
93 31 0 0 184 67 -1
93 33 0 0 160 56 0
93 35 0 0 140 45 0
93 37 0 0 125 35 0
93 39 0 0 113 26 0
93 41 0 0 105 17 0
93 43 0 0 99 8 0
93 45 0 0 98 0 0
93 47 0 0 99 -8 0
93 49 0 0 104 -16 0
93 51 0 0 112 -26 0
93 53 0 0 123 -36 0
93 55 0 0 138 -47 0
93 57 0 0 158 -59 0
93 59 0 0 183 -74 0
93 61 0 0 213 -90 0
93 63 0 0 250 -108 0
93 65 0 0 294 -128 -1
93 67 0 0 346 -151 0
93 69 0 0 408 -174 -1
93 71 0 0 478 -198 -1
93 73 0 0 560 -217 -1
93 75 0 0 646 -233 -1
93 77 0 0 742 -239 -2
93 79 0 0 828 -234 -2
93 81 0 0 909 -225 -2
93 83 0 0 980 -224 -2
93 85 0 0 1049 -220 -2
93 87 0 0 1110 -236 -3
93 89 0 0 1179 -242 -2
93 91 0 0 1231 -290 -10
93 93 0 0 1302 -313 7
93 95 0 0 1316 -424 4
93 96 0 0 1347 -438 17
93 97 0 0 119 -479 -6
94 2 0 0 562 7 13
94 3 0 0 545 33 6
94 96 0 0 1416 -439 25
94 97 0 0 125 -484 -9
95 2 0 0 556 2 2
95 3 0 0 518 -20 -8
95 4 0 0 532 7 -14
95 6 0 0 531 12 -16
95 8 0 0 521 18 -20
95 10 0 0 508 25 -18
95 12 0 0 491 32 -18
95 14 0 0 469 39 -17
95 16 0 0 442 46 -17
95 19 0 0 409 52 -15
95 21 0 0 373 56 -15
95 23 0 0 332 57 -13
95 25 0 0 294 55 -12
95 27 0 0 257 51 -10
95 29 0 0 224 45 -9
95 31 0 0 195 39 -8
95 33 0 0 170 33 -7
95 35 0 0 150 27 -6
95 37 0 0 134 21 -6
95 39 0 0 121 15 -5
95 41 0 0 112 10 -5
95 43 0 0 107 5 -5
95 45 0 0 105 0 -5
95 47 0 0 107 -4 -5
95 49 0 0 112 -10 -5
95 51 0 0 121 -15 -5
95 53 0 0 133 -22 -6
95 55 0 0 150 -28 -7
95 57 0 0 171 -36 -8
95 59 0 0 197 -45 -9
95 61 0 0 230 -55 -10
95 63 0 0 268 -66 -12
95 65 0 0 315 -78 -14
95 67 0 0 368 -91 -15
95 69 0 0 431 -105 -18
95 71 0 0 501 -119 -19
95 73 0 0 580 -130 -22
95 75 0 0 662 -139 -23
95 77 0 0 751 -143 -26
95 79 0 0 834 -143 -26
95 81 0 0 915 -142 -29
95 83 0 0 992 -144 -29
95 85 0 0 1067 -145 -32
95 87 0 0 1135 -160 -33
95 89 0 0 1219 -169 -34
95 91 0 0 1279 -209 -43
95 93 0 0 1386 -237 -23
95 95 0 0 1406 -352 -21
95 96 0 0 1468 -421 24
95 97 0 0 136 -481 -8
96 2 0 0 560 10 -5
96 3 0 0 549 -8 -16
96 4 0 0 536 -18 -24
96 5 0 0 531 13 -25
96 6 0 0 528 -12 -28
96 7 0 0 525 22 -27
96 8 0 0 519 -8 -28
96 9 0 0 518 29 -27
96 10 0 0 505 -5 -27
96 11 0 0 504 33 -27
96 12 0 0 488 -2 -27
96 13 0 0 486 37 -27
96 14 0 0 466 2 -26
96 15 0 0 463 40 -26
96 16 0 0 441 6 -26
96 17 0 0 437 44 -25
96 18 0 0 408 11 -25
96 19 0 0 404 45 -24
96 20 0 0 374 14 -23
96 21 0 0 369 46 -23
96 22 0 0 336 18 -21
96 23 0 0 328 45 -22
96 24 0 0 299 18 -20
96 25 0 0 292 42 -20
96 26 0 0 263 18 -18
96 27 0 0 255 38 -18
96 28 0 0 231 16 -16
96 29 0 0 223 34 -16
96 30 0 0 202 14 -14
96 31 0 0 194 29 -14
96 32 0 0 177 11 -12
96 33 0 0 171 24 -13
96 34 0 0 156 9 -11
96 35 0 0 151 20 -11
96 36 0 0 140 6 -10
96 37 0 0 135 16 -10
96 38 0 0 127 4 -9
96 39 0 0 123 13 -9
96 40 0 0 118 1 -9
96 41 0 0 114 10 -8
96 42 0 0 112 -1 -8
96 43 0 0 110 7 -8
96 44 0 0 109 -3 -8
96 45 0 0 109 4 -8
96 46 0 0 110 -6 -8
96 47 0 0 111 1 -8
96 48 0 0 114 -9 -8
96 49 0 0 117 -1 -9
96 50 0 0 123 -13 -9
96 51 0 0 126 -4 -9
96 52 0 0 135 -17 -10
96 53 0 0 139 -7 -10
96 54 0 0 152 -21 -11
96 55 0 0 156 -10 -11
96 56 0 0 173 -26 -12
96 57 0 0 178 -13 -12
96 58 0 0 199 -32 -14
96 59 0 0 206 -17 -14
96 60 0 0 232 -38 -16
96 61 0 0 239 -22 -16
96 62 0 0 270 -46 -18
96 63 0 0 279 -27 -18
96 64 0 0 316 -55 -20
96 65 0 0 326 -33 -21
96 66 0 0 368 -65 -23
96 67 0 0 380 -39 -23
96 68 0 0 431 -75 -25
96 69 0 0 442 -45 -26
96 70 0 0 497 -85 -29
96 71 0 0 511 -51 -28
96 72 0 0 577 -96 -30
96 73 0 0 588 -56 -30
96 74 0 0 653 -103 -35
96 75 0 0 667 -58 -31
96 76 0 0 747 -109 -33
96 77 0 0 753 -58 -33
96 78 0 0 827 -111 -36
96 79 0 0 835 -57 -33
96 80 0 0 915 -114 -34
96 81 0 0 916 -56 -34
96 82 0 0 985 -115 -39
96 83 0 0 991 -58 -33
96 84 0 0 1071 -120 -37
96 85 0 0 1072 -61 -34
96 86 0 0 1135 -127 -42
96 87 0 0 1141 -73 -33
96 88 0 0 1233 -142 -39
96 89 0 0 1235 -85 -34
96 90 0 0 1290 -164 -49
96 91 0 0 1305 -117 -35
96 92 0 0 1423 -198 -36
96 93 0 0 1440 -166 -30
96 94 0 0 1453 -273 -50
96 95 0 0 1527 -267 -25
96 96 0 0 1566 -339 -7
96 97 0 0 158 -484 0
97 2 0 0 532 6 -7
97 3 0 0 521 7 12
97 4 0 0 498 0 9
97 5 0 0 499 9 2
97 6 0 0 485 -2 3
97 7 0 0 483 8 2
97 8 0 0 477 -1 1
97 9 0 0 473 10 2
97 10 0 0 466 0 1
97 11 0 0 460 11 2
97 12 0 0 449 0 1
97 13 0 0 443 12 2
97 14 0 0 429 2 1
97 15 0 0 422 12 2
97 16 0 0 404 3 1
97 17 0 0 396 12 2
97 18 0 0 374 4 1
97 19 0 0 366 12 2
97 20 0 0 341 5 2
97 21 0 0 333 11 2
97 22 0 0 305 4 1
97 23 0 0 297 10 2
97 24 0 0 270 3 1
97 25 0 0 262 8 2
97 26 0 0 237 2 0
97 27 0 0 229 7 2
97 28 0 0 207 1 0
97 29 0 0 200 5 2
97 30 0 0 180 1 0
97 31 0 0 173 4 2
97 32 0 0 157 0 0
97 33 0 0 151 3 2
97 34 0 0 138 0 0
97 35 0 0 133 3 2
97 36 0 0 123 0 0
97 37 0 0 119 2 1
97 38 0 0 111 0 0
97 39 0 0 108 2 1
97 40 0 0 103 0 0
97 41 0 0 100 1 1
97 42 0 0 97 -1 0
97 43 0 0 96 1 1
97 44 0 0 95 -1 0
97 45 0 0 95 2 0
97 46 0 0 96 -1 0
97 47 0 0 97 1 0
97 48 0 0 100 -1 1
97 49 0 0 103 1 0
97 50 0 0 108 -1 1
97 51 0 0 111 0 0
97 52 0 0 126 -1 0
97 53 0 0 123 0 0
97 54 0 0 134 -2 1
97 55 0 0 139 0 0
97 56 0 0 153 -3 2
97 57 0 0 160 0 0
97 58 0 0 177 -4 2
97 59 0 0 185 -1 0
97 60 0 0 207 -6 2
97 61 0 0 217 -2 0
97 62 0 0 243 -8 2
97 63 0 0 254 -3 0
97 64 0 0 286 -11 2
97 65 0 0 299 -6 0
97 66 0 0 337 -15 2
97 67 0 0 351 -10 0
97 68 0 0 395 -20 1
97 69 0 0 411 -15 0
97 70 0 0 461 -27 0
97 71 0 0 478 -21 0
97 72 0 0 535 -36 0
97 73 0 0 552 -26 0
97 74 0 0 612 -44 -2
97 75 0 0 631 -31 0
97 76 0 0 697 -53 -4
97 77 0 0 713 -33 -3
97 78 0 0 778 -60 -7
97 79 0 0 793 -34 -5
97 80 0 0 861 -66 -9
97 81 0 0 874 -34 -7
97 82 0 0 938 -72 -12
97 83 0 0 951 -36 -8
97 84 0 0 1019 -79 -16
97 85 0 0 1033 -38 -9
97 86 0 0 1095 -87 -19
97 87 0 0 1108 -48 -12
97 88 0 0 1188 -102 -26
97 89 0 0 1207 -57 -15
97 90 0 0 1267 -119 -29
97 91 0 0 1292 -89 -16
97 92 0 0 1403 -156 -35
97 93 0 0 1443 -126 -21
97 94 0 0 1486 -240 -49
97 95 0 0 1554 -232 -12
97 96 0 0 1767 -372 0
97 97 0 0 88 -510 -21
