env_min(m) 0.0000 0.0000 0.0000
env_max(m) 10.0000 10.0000 3.0000
NumCells_XYZ 100 100 30
CellSizes_XYZ[m] 0.1000 0.1000 0.1000
GasSourceLocation_XYZ[m] 6.2143 7.0714 0.5000
GasType ethanol
Cell_x	 Cell_y	 Cell_z	 Gas_conc[10^⁻3ppm]	 Wind_u[10^⁻3m/s]	 Wind_v[10^⁻3m/s]	 Wind_w[10^⁻3m/s]
2 2 0 0 -618 7 -7
2 3 0 0 -608 7 12
2 4 0 0 -585 -2 12
2 5 0 0 -585 10 4
2 6 0 0 -576 -7 2
2 7 0 0 -576 6 2
2 8 0 0 -577 -7 2
2 9 0 0 -577 7 2
2 10 0 0 -578 -8 2
2 11 0 0 -579 7 2
2 12 0 0 -580 -8 2
2 13 0 0 -580 7 2
2 14 0 0 -581 -8 1
2 15 0 0 -582 7 2
2 16 0 0 -583 -8 1
2 17 0 0 -583 7 2
2 18 0 0 -585 -8 1
2 19 0 0 -585 7 2
2 20 0 0 -586 -8 1
2 21 0 0 -587 7 2
2 22 0 0 -588 -8 1
2 23 0 0 -588 7 1
2 24 0 0 -589 -8 1
2 25 0 0 -590 7 1
2 26 0 0 -591 -8 1
2 27 0 0 -591 7 1
2 28 0 0 -592 -8 1
2 29 0 0 -593 7 1
2 30 0 0 -594 -8 1
2 31 0 0 -594 7 1
2 32 0 0 -595 -8 1
2 33 0 0 -596 7 1
2 34 0 0 -597 -8 1
2 35 0 0 -598 6 1
2 36 0 0 -599 -8 1
2 37 0 0 -600 6 1
2 38 0 0 -602 -9 1
2 39 0 0 -604 5 1
2 40 0 0 -606 -10 0
2 41 0 0 -609 5 0
2 42 0 0 -612 -11 0
2 43 0 0 -615 4 0
2 44 0 0 -619 -12 0
2 45 0 0 -623 3 0
2 46 0 0 -629 -13 0
2 47 0 0 -633 2 0
2 48 0 0 -641 -15 0
2 49 0 0 -646 1 0
2 50 0 0 -657 -18 0
2 51 0 0 -663 0 0
2 52 0 0 -677 -21 -1
2 53 0 0 -684 -1 0
2 54 0 0 -701 -25 -1
2 55 0 0 -709 -4 0
2 56 0 0 -733 -31 -3
2 57 0 0 -741 -7 -1
2 58 0 0 -769 -37 -4
2 59 0 0 -778 -10 0
2 60 0 0 -816 -44 -5
2 61 0 0 -822 -15 0
2 62 0 0 -869 -51 -7
2 63 0 0 -872 -18 -3
2 64 0 0 -933 -54 -8
2 65 0 0 -940 -15 -9
2 66 0 0 -999 -54 -7
2 67 0 0 -951 -23 7
2 68 0 0 -1003 -29 2
2 69 0 0 -1018 -17 -4
2 70 0 0 -1066 15 20
2 76 0 0 2 -2 1
2 77 0 0 3 -26 -4
2 78 0 0 4 -53 15
2 79 0 0 4 -72 -18
2 80 0 0 3 -95 23
2 81 0 0 1 -99 -22
2 82 0 0 1 -110 27
2 83 0 0 0 -109 -22
2 84 0 0 1 -115 25
2 85 0 0 -1 -110 -19
2 86 0 0 0 -108 24
2 87 0 0 -1 -99 -18
2 88 0 0 0 -95 22
2 89 0 0 0 -84 -17
2 90 0 0 0 -78 16
2 91 0 0 -1 -66 -13
2 92 0 0 -1 -56 11
2 93 0 0 -1 -44 -11
2 94 0 0 -1 -33 6
2 95 0 0 -1 -23 -6
2 96 0 0 -1 -13 2
2 97 0 0 -4 -1 0
3 2 0 0 -648 11 -6
3 3 0 0 -632 -11 -18
3 4 0 0 -620 -22 -26
3 5 0 0 -614 7 -28
3 6 0 0 -619 -20 -31
3 7 0 0 -618 15 -29
3 8 0 0 -620 -19 -30
3 9 0 0 -620 17 -30
3 10 0 0 -621 -20 -30
3 11 0 0 -622 17 -29
3 12 0 0 -622 -19 -30
3 13 0 0 -623 17 -30
3 14 0 0 -624 -20 -30
3 15 0 0 -624 17 -30
3 16 0 0 -626 -20 -30
3 17 0 0 -626 17 -30
3 18 0 0 -627 -20 -30
3 19 0 0 -628 17 -30
3 20 0 0 -629 -20 -30
3 21 0 0 -629 17 -30
3 22 0 0 -631 -20 -30
3 23 0 0 -631 17 -30
3 24 0 0 -632 -20 -30
3 25 0 0 -633 17 -30
3 26 0 0 -634 -20 -30
3 27 0 0 -634 17 -30
3 28 0 0 -635 -20 -30
3 29 0 0 -636 17 -30
3 30 0 0 -637 -20 -30
3 31 0 0 -637 17 -30
3 32 0 0 -639 -20 -30
3 33 0 0 -639 17 -30
3 34 0 0 -640 -21 -30
3 35 0 0 -641 16 -30
3 36 0 0 -643 -21 -30
3 37 0 0 -643 16 -30
3 38 0 0 -646 -23 -30
3 39 0 0 -646 15 -30
3 40 0 0 -650 -24 -30
3 41 0 0 -651 13 -31
3 42 0 0 -655 -26 -30
3 43 0 0 -657 11 -31
3 44 0 0 -662 -28 -31
3 45 0 0 -664 9 -32
3 46 0 0 -672 -31 -31
3 47 0 0 -674 7 -32
3 48 0 0 -685 -34 -31
3 49 0 0 -686 4 -32
3 50 0 0 -701 -39 -31
3 51 0 0 -702 0 -32
3 52 0 0 -722 -44 -32
3 53 0 0 -723 -2 -32
3 54 0 0 -746 -50 -32
3 55 0 0 -747 -8 -32
3 56 0 0 -778 -58 -33
3 57 0 0 -779 -13 -33
3 58 0 0 -813 -65 -32
3 59 0 0 -812 -19 -33
3 60 0 0 -858 -73 -33
3 61 0 0 -856 -24 -34
3 62 0 0 -905 -78 -34
3 63 0 0 -900 -26 -36
3 64 0 0 -962 -76 -35
3 65 0 0 -953 -18 -38
3 66 0 0 -1009 -54 -31
3 67 0 0 -1010 -6 -25
3 68 0 0 -1017 -8 -26
3 69 0 0 -1030 -8 -6
3 70 0 0 -1161 0 2
3 76 0 0 21 -4 1
3 77 0 0 40 -37 2
3 78 0 0 24 -55 1
3 79 0 0 38 -90 4
3 80 0 0 1 -99 0
3 81 0 0 25 -108 4
3 82 0 0 -9 -116 -2
3 83 0 0 15 -119 2
3 84 0 0 -17 -118 -3
3 85 0 0 9 -113 1
3 86 0 0 -21 -110 -3
3 87 0 0 3 -102 1
3 88 0 0 -22 -97 -3
3 89 0 0 0 -85 0
3 90 0 0 -23 -79 -3
3 91 0 0 -3 -66 0
3 92 0 0 -23 -60 -2
3 93 0 0 -8 -45 0
3 94 0 0 -19 -39 -1
3 95 0 0 -11 -22 0
3 96 0 0 -16 -16 0
3 97 0 0 -13 -1 -1
4 2 0 0 -640 2 -3
4 3 0 0 -600 -21 -8
4 4 0 0 -612 0 -16
4 6 0 0 -620 0 -17
4 8 0 0 -617 -2 -22
4 10 0 0 -620 -1 -20
4 12 0 0 -621 -2 -21
4 14 0 0 -622 -2 -21
4 16 0 0 -624 -2 -21
4 19 0 0 -626 -2 -21
4 21 0 0 -627 -2 -22
4 23 0 0 -629 -2 -22
4 25 0 0 -630 -2 -22
4 27 0 0 -632 -2 -22
4 29 0 0 -633 -2 -22
4 31 0 0 -634 -2 -22
4 33 0 0 -636 -2 -22
4 35 0 0 -637 -3 -22
4 37 0 0 -639 -4 -22
4 39 0 0 -642 -5 -22
4 41 0 0 -646 -7 -22
4 43 0 0 -651 -10 -22
4 45 0 0 -658 -14 -23
4 47 0 0 -668 -19 -23
4 49 0 0 -680 -24 -23
4 51 0 0 -696 -31 -24
4 53 0 0 -716 -39 -24
4 55 0 0 -740 -49 -25
4 57 0 0 -770 -58 -27
4 59 0 0 -805 -70 -26
4 61 0 0 -850 -79 -29
4 63 0 0 -897 -88 -30
4 64 0 0 -958 -88 -30
4 66 0 0 -1024 -84 -15
4 68 0 0 -1027 -26 -5
4 69 0 0 -1017 -11 -7
4 70 0 0 -1183 2 13
4 76 0 0 81 -15 -3
4 77 0 0 64 -28 0
4 78 0 0 64 -86 -1
4 81 0 0 24 -107 -1
4 83 0 0 12 -116 0
4 84 0 0 -10 -114 0
4 87 0 0 -16 -102 0
4 89 0 0 -24 -89 0
4 91 0 0 -26 -70 0
4 93 0 0 -30 -51 0
4 95 0 0 -30 -32 0
4 96 0 0 -23 -12 0
4 97 0 0 -24 -2 6
5 2 0 0 -646 6 11
5 3 0 0 -627 27 7
5 68 0 0 -1044 -74 6
5 69 0 0 -1055 4 -10
5 70 0 0 -1216 -8 5
5 76 0 0 97 -2 0
5 77 0 0 104 -48 -2
5 96 0 0 -39 -20 2
5 97 0 0 -33 -2 -3
6 2 0 0 -642 0 -3
6 3 0 0 -613 -22 -4
6 4 0 0 -603 0 -1
6 6 0 0 -609 -1 -1
6 8 0 0 -606 -1 -2
6 10 0 0 -610 -3 -1
6 12 0 0 -609 -3 -2
6 14 0 0 -611 -4 -2
6 16 0 0 -612 -4 -2
6 18 0 0 -614 -4 -2
6 21 0 0 -616 -4 -2
6 23 0 0 -618 -4 -2
6 25 0 0 -619 -3 -2
6 27 0 0 -621 -3 -2
6 29 0 0 -622 -3 -2
6 31 0 0 -623 -3 -2
6 33 0 0 -625 -4 -2
6 35 0 0 -626 -4 -2
6 37 0 0 -628 -6 -2
6 39 0 0 -630 -8 -2
6 41 0 0 -633 -12 -2
6 43 0 0 -637 -16 -2
6 45 0 0 -643 -22 -2
6 47 0 0 -651 -30 -2
6 49 0 0 -662 -39 -2
6 51 0 0 -677 -50 -2
6 53 0 0 -695 -62 -2
6 55 0 0 -719 -77 -2
6 57 0 0 -747 -93 -1
6 59 0 0 -783 -113 0
6 61 0 0 -829 -131 -1
6 63 0 0 -885 -153 0
6 64 0 0 -957 -158 -1
6 66 0 0 -1066 -164 5
6 68 0 0 -1132 -122 1
6 69 0 0 -1111 21 -23
6 70 0 0 -1203 -4 -22
6 76 0 0 173 -25 -8
6 77 0 0 138 -60 -7
6 78 0 0 101 -97 -8
6 79 0 0 66 -118 -11
6 81 0 0 37 -159 -4
6 83 0 0 10 -138 -3
6 84 0 0 -17 -134 0
6 87 0 0 -30 -113 0
6 89 0 0 -40 -96 0
6 91 0 0 -45 -75 0
6 93 0 0 -49 -54 0
6 95 0 0 -50 -33 0
6 96 0 0 -47 -10 0
6 97 0 0 -47 -2 11
7 2 0 0 -656 2 12
7 3 0 0 -621 27 5
7 68 0 0 -1161 -123 -3
7 69 0 0 -1242 34 -43
7 70 0 0 -489 64 -36
7 76 0 0 235 -13 -5
7 77 0 0 214 -111 -7
7 78 0 0 133 -121 -11
7 79 0 0 101 -146 -7
7 96 0 0 -62 -24 2
7 97 0 0 -57 -2 -6
8 2 0 0 -644 -1 -1
8 3 0 0 -618 -26 -4
8 4 0 0 -606 -3 0
8 6 0 0 -612 -3 1
8 8 0 0 -611 -4 0
8 10 0 0 -614 -5 0
8 12 0 0 -614 -5 1
8 14 0 0 -615 -6 1
8 16 0 0 -617 -6 1
8 18 0 0 -619 -6 1
8 20 0 0 -621 -6 1
8 23 0 0 -622 -5 1
8 25 0 0 -624 -5 1
8 27 0 0 -626 -4 1
8 29 0 0 -627 -4 1
8 31 0 0 -628 -4 1
8 33 0 0 -628 -4 1
8 35 0 0 -629 -5 1
8 37 0 0 -629 -7 0
8 39 0 0 -630 -10 0
8 41 0 0 -632 -14 0
8 43 0 0 -635 -21 0
8 45 0 0 -639 -28 0
8 47 0 0 -645 -38 0
8 49 0 0 -654 -50 0
8 51 0 0 -667 -65 0
8 53 0 0 -683 -82 0
8 55 0 0 -704 -102 0
8 57 0 0 -729 -125 0
8 59 0 0 -763 -153 0
8 61 0 0 -804 -185 0
8 63 0 0 -862 -226 -1
8 64 0 0 -935 -281 -5
8 66 0 0 -1054 -329 -9
8 68 0 0 -1337 -164 -10
8 69 0 0 -1506 -129 -38
8 70 0 0 1020 174 492
8 76 0 0 429 -147 -44
8 77 0 0 328 -193 -22
8 78 0 0 168 -216 -16
8 79 0 0 96 -186 -13
8 81 0 0 27 -222 -10
8 83 0 0 -7 -170 -1
8 84 0 0 -36 -156 1
8 87 0 0 -51 -126 0
8 89 0 0 -62 -105 0
8 91 0 0 -68 -80 0
8 93 0 0 -72 -57 0
8 95 0 0 -74 -35 0
8 96 0 0 -70 -7 0
8 97 0 0 -72 -2 15
9 2 0 0 -658 0 10
9 3 0 0 -619 24 5
9 68 0 0 -1149 -691 -3
9 69 0 0 -1178 -991 -41
9 70 0 0 -855 -1985 81
9 71 0 0 -5 -1445 -41
9 72 0 0 -39 -982 24
9 73 0 0 -42 -915 20
9 74 0 0 2 -762 7
9 75 0 0 95 -326 -30
9 76 0 0 922 -816 -115
9 77 0 0 343 -406 -26
9 78 0 0 133 -314 -11
9 79 0 0 105 -242 -13
9 96 0 0 -86 -26 3
9 97 0 0 -82 -2 -8
10 2 0 0 -644 0 -1
10 3 0 0 -617 -27 -4
10 4 0 0 -601 -1 1
10 6 0 0 -609 -4 0
10 8 0 0 -607 -5 0
10 10 0 0 -610 -6 0
10 12 0 0 -611 -7 0
10 14 0 0 -613 -8 0
10 16 0 0 -616 -8 0
10 18 0 0 -618 -8 0
10 20 0 0 -620 -7 0
10 22 0 0 -622 -7 0
10 25 0 0 -623 -6 0
10 27 0 0 -625 -5 0
10 29 0 0 -625 -5 0
10 31 0 0 -626 -4 0
10 33 0 0 -626 -4 0
10 35 0 0 -626 -5 0
10 37 0 0 -625 -7 0
10 39 0 0 -624 -11 0
10 41 0 0 -624 -16 0
10 43 0 0 -625 -23 0
10 45 0 0 -627 -33 0
10 47 0 0 -631 -45 0
10 49 0 0 -637 -60 0
10 51 0 0 -647 -78 0
10 53 0 0 -660 -99 0
10 55 0 0 -677 -123 0
10 57 0 0 -698 -151 0
10 59 0 0 -724 -185 0
10 61 0 0 -755 -226 0
10 63 0 0 -791 -282 0
10 68 0 0 -834 -596 -24
10 69 0 0 -852 -795 -44
10 70 0 0 -831 -1074 -24
10 71 0 0 -332 -1148 -20
10 72 0 0 -203 -933 -6
10 73 0 0 -130 -858 -6
10 74 0 0 -95 -749 -8
10 75 0 0 -55 -741 -7
10 76 0 0 144 -585 -6
10 77 0 0 130 -444 -6
10 78 0 0 58 -338 -15
10 79 0 0 36 -269 -13
10 84 0 0 -66 -178 1
10 87 0 0 -81 -140 0
10 89 0 0 -88 -113 0
10 91 0 0 -93 -85 0
10 93 0 0 -96 -60 0
10 95 0 0 -97 -36 0
10 96 0 0 -96 -5 0
10 97 0 0 -98 -2 20
11 2 0 0 -656 0 10
11 3 0 0 -619 24 4
11 64 0 0 -836 -361 -3
11 66 0 0 -864 -471 4
11 68 0 0 -788 -659 -16
11 69 0 0 -704 -721 -32
11 70 0 0 -633 -875 -40
11 71 0 0 -356 -832 -8
11 72 0 0 -326 -814 2
11 73 0 0 -178 -754 -7
11 74 0 0 -160 -695 -8
11 75 0 0 -112 -692 -3
11 76 0 0 -26 -602 -10
11 77 0 0 24 -468 -1
11 78 0 0 -20 -384 -13
11 79 0 0 30 -289 -18
11 81 0 0 -17 -282 -2
11 83 0 0 -52 -205 -4
11 96 0 0 -111 -29 4
11 97 0 0 -109 -1 -9
12 2 0 0 -642 0 -2
12 3 0 0 -616 -27 -5
12 4 0 0 -601 -3 1
12 6 0 0 -607 -5 0
12 8 0 0 -608 -7 0
12 10 0 0 -611 -8 0
12 12 0 0 -612 -10 0
12 14 0 0 -615 -10 0
12 16 0 0 -617 -10 0
12 18 0 0 -620 -10 0
12 20 0 0 -622 -10 0
12 22 0 0 -624 -9 0
12 25 0 0 -626 -7 0
12 27 0 0 -627 -6 0
12 29 0 0 -628 -5 0
12 31 0 0 -628 -4 0
12 33 0 0 -627 -4 0
12 35 0 0 -626 -4 0
12 37 0 0 -624 -6 0
12 39 0 0 -622 -10 0
12 41 0 0 -619 -15 0
12 43 0 0 -617 -24 0
12 45 0 0 -617 -35 0
12 47 0 0 -618 -49 0
12 49 0 0 -621 -67 0
12 51 0 0 -628 -88 0
12 53 0 0 -638 -112 0
12 55 0 0 -651 -140 0
12 57 0 0 -667 -172 0
12 59 0 0 -687 -209 0
12 61 0 0 -706 -252 0
12 63 0 0 -726 -308 0
12 70 0 0 -544 -694 -18
12 72 0 0 -329 -662 -6
12 74 0 0 -202 -581 -1
12 85 0 0 -106 -186 0
12 87 0 0 -114 -148 0
12 89 0 0 -117 -118 0
12 91 0 0 -121 -88 0
12 93 0 0 -122 -62 0
12 95 0 0 -122 -37 0
12 96 0 0 -122 -3 0
12 97 0 0 -125 -3 23
13 2 0 0 -654 0 10
13 3 0 0 -617 23 4
13 64 0 0 -736 -379 -1
13 66 0 0 -732 -479 -11
13 68 0 0 -673 -589 -14
13 76 0 0 -120 -479 -6
13 79 0 0 -90 -360 -5
13 81 0 0 -78 -284 -5
13 83 0 0 -103 -226 0
13 96 0 0 -137 -32 4
13 97 0 0 -137 -1 -11
14 2 0 0 -640 0 -2
14 3 0 0 -614 -28 -5
14 4 0 0 -598 -3 1
14 6 0 0 -605 -6 0
14 8 0 0 -606 -8 0
14 10 0 0 -608 -10 0
14 12 0 0 -611 -12 0
14 14 0 0 -614 -13 0
14 16 0 0 -617 -13 0
14 18 0 0 -620 -13 0
14 20 0 0 -622 -12 0
14 22 0 0 -625 -11 0
14 24 0 0 -627 -9 0
14 27 0 0 -628 -7 0
14 29 0 0 -629 -5 0
14 31 0 0 -629 -4 0
14 33 0 0 -627 -2 0
14 35 0 0 -625 -2 0
14 37 0 0 -621 -3 0
14 39 0 0 -617 -6 0
14 41 0 0 -611 -12 0
14 43 0 0 -606 -21 0
14 45 0 0 -602 -33 0
14 47 0 0 -600 -50 0
14 49 0 0 -600 -71 0
14 51 0 0 -603 -95 0
14 53 0 0 -609 -122 0
14 55 0 0 -619 -153 0
14 57 0 0 -631 -186 0
14 59 0 0 -644 -224 0
14 61 0 0 -657 -266 0
14 63 0 0 -665 -314 0
14 68 0 0 -583 -505 -2
14 70 0 0 -475 -553 -1
14 72 0 0 -356 -555 0
14 74 0 0 -277 -504 -1
14 77 0 0 -190 -437 -1
14 85 0 0 -147 -190 0
14 87 0 0 -149 -152 0
14 89 0 0 -148 -120 0
14 91 0 0 -149 -90 0
14 93 0 0 -149 -62 0
14 95 0 0 -148 -38 0
14 96 0 0 -149 -1 0
14 97 0 0 -154 -4 25
15 2 0 0 -651 0 10
15 3 0 0 -615 23 4
15 64 0 0 -663 -370 0
15 66 0 0 -644 -435 -2
15 79 0 0 -163 -355 -4
15 81 0 0 -150 -287 1
15 83 0 0 -150 -231 -1
15 96 0 0 -164 -34 5
15 97 0 0 -163 -1 -13
16 2 0 0 -636 0 -2
16 3 0 0 -611 -28 -5
16 6 0 0 -602 -8 0
16 8 0 0 -604 -11 0
16 10 0 0 -607 -13 0
16 12 0 0 -610 -15 0
16 14 0 0 -614 -16 0
16 16 0 0 -617 -16 0
16 18 0 0 -621 -16 0
16 20 0 0 -624 -15 0
16 22 0 0 -627 -13 0
16 24 0 0 -630 -11 0
16 27 0 0 -631 -8 0
16 29 0 0 -632 -5 0
16 31 0 0 -631 -2 0
16 33 0 0 -629 0 0
16 35 0 0 -625 1 0
16 37 0 0 -620 1 0
16 39 0 0 -613 0 0
16 41 0 0 -604 -5 0
16 43 0 0 -596 -14 0
16 45 0 0 -587 -28 0
16 59 0 0 -606 -234 0
16 61 0 0 -614 -273 0
16 63 0 0 -619 -315 0
16 65 0 0 -612 -359 0
16 66 0 0 -591 -406 0
16 68 0 0 -550 -449 2
16 71 0 0 -483 -476 1
16 72 0 0 -390 -464 2
16 74 0 0 -324 -430 2
16 76 0 0 -265 -381 0
16 78 0 0 -229 -322 1
16 81 0 0 -205 -271 0
16 83 0 0 -196 -224 0
16 85 0 0 -187 -186 0
16 87 0 0 -183 -150 0
16 89 0 0 -179 -118 0
16 91 0 0 -178 -89 0
16 93 0 0 -176 -62 0
16 96 0 0 -176 0 0
16 97 0 0 -181 -5 26
17 2 0 0 -647 0 10
17 3 0 0 -611 22 4
17 4 0 0 -595 -5 1
17 47 0 0 -580 -47 0
17 49 0 0 -576 -71 0
17 51 0 0 -576 -98 0
17 53 0 0 -580 -128 0
17 55 0 0 -586 -162 0
17 57 0 0 -596 -197 0
17 95 0 0 -173 -37 0
17 96 0 0 -190 -36 5
17 97 0 0 -190 -1 -14
18 2 0 0 -632 0 -1
18 3 0 0 -608 -29 -5
18 6 0 0 -599 -10 0
18 8 0 0 -601 -13 0
18 10 0 0 -604 -16 0
18 12 0 0 -608 -18 0
18 14 0 0 -613 -20 0
18 16 0 0 -617 -20 0
18 18 0 0 -622 -20 0
18 20 0 0 -626 -19 0
18 22 0 0 -630 -16 0
18 24 0 0 -633 -13 0
18 27 0 0 -635 -9 0
18 29 0 0 -635 -5 0
18 31 0 0 -635 -1 0
18 33 0 0 -632 3 0
18 35 0 0 -627 6 0
18 37 0 0 -620 8 0
18 63 0 0 -580 -312 0
18 65 0 0 -573 -343 0
18 67 0 0 -554 -373 0
18 69 0 0 -518 -396 0
18 71 0 0 -467 -412 0
18 72 0 0 -407 -403 0
18 74 0 0 -356 -377 0
18 76 0 0 -305 -342 0
18 78 0 0 -274 -297 0
18 80 0 0 -250 -254 0
18 83 0 0 -235 -214 0
18 85 0 0 -223 -178 0
18 87 0 0 -215 -144 0
18 89 0 0 -209 -115 0
18 91 0 0 -205 -86 0
18 96 0 0 -202 2 -1
18 97 0 0 -208 -6 26
19 2 0 0 -643 0 10
19 3 0 0 -607 22 4
19 4 0 0 -591 -6 1
19 39 0 0 -610 8 0
19 41 0 0 -597 4 0
19 43 0 0 -585 -3 0
19 45 0 0 -569 -18 0
19 47 0 0 -558 -40 0
19 49 0 0 -549 -66 0
19 51 0 0 -546 -98 0
19 53 0 0 -546 -132 0
19 55 0 0 -551 -169 0
19 57 0 0 -559 -206 0
19 59 0 0 -569 -243 0
19 61 0 0 -577 -278 0
19 93 0 0 -202 -60 0
19 95 0 0 -199 -36 0
19 96 0 0 -216 -37 4
19 97 0 0 -215 -1 -14
20 2 0 0 -627 0 -1
20 3 0 0 -603 -30 -5
20 8 0 0 -598 -16 0
20 10 0 0 -602 -20 0
20 12 0 0 -606 -23 0
20 14 0 0 -612 -25 0
20 16 0 0 -617 -25 0
20 18 0 0 -623 -25 0
20 20 0 0 -628 -23 0
20 22 0 0 -633 -20 0
20 24 0 0 -637 -16 0
20 27 0 0 -640 -11 0
20 29 0 0 -641 -5 0
20 31 0 0 -640 0 0
20 33 0 0 -637 7 0
20 66 0 0 -536 -351 0
20 68 0 0 -509 -362 0
20 70 0 0 -473 -365 0
20 72 0 0 -426 -353 0
20 74 0 0 -385 -332 0
20 76 0 0 -345 -303 0
20 78 0 0 -314 -267 0
20 81 0 0 -289 -232 0
20 83 0 0 -271 -198 0
20 85 0 0 -256 -166 0
20 87 0 0 -246 -136 0
20 89 0 0 -237 -108 0
20 96 0 0 -228 4 -2
20 97 0 0 -234 -6 26
21 2 0 0 -637 0 10
21 3 0 0 -602 21 4
21 4 0 0 -587 -7 1
21 6 0 0 -594 -12 0
21 35 0 0 -631 13 0
21 37 0 0 -622 18 0
21 39 0 0 -609 21 0
21 41 0 0 -591 19 0
21 43 0 0 -573 12 0
21 45 0 0 -550 -2 0
21 47 0 0 -532 -27 0
21 49 0 0 -518 -58 0
21 51 0 0 -510 -95 0
21 53 0 0 -508 -134 0
21 55 0 0 -512 -175 0
21 57 0 0 -521 -215 0
21 58 0 0 -533 -252 0
21 60 0 0 -545 -285 0
21 62 0 0 -552 -312 0
21 64 0 0 -549 -333 0
21 91 0 0 -232 -82 0
21 93 0 0 -227 -57 0
21 95 0 0 -223 -34 0
21 96 0 0 -240 -38 4
21 97 0 0 -239 -1 -13
22 2 0 0 -621 0 -1
22 3 0 0 -597 -31 -5
22 6 0 0 -589 -15 0
22 8 0 0 -593 -20 0
22 10 0 0 -598 -25 0
22 12 0 0 -604 -28 0
22 14 0 0 -610 -31 0
22 16 0 0 -617 -32 0
22 18 0 0 -624 -31 0
22 20 0 0 -631 -29 0
22 22 0 0 -637 -25 0
22 24 0 0 -642 -20 0
22 26 0 0 -646 -13 0
22 29 0 0 -648 -6 0
22 31 0 0 -648 2 0
22 68 0 0 -506 -333 0
22 70 0 0 -477 -329 0
22 72 0 0 -441 -316 0
22 74 0 0 -407 -296 0
22 76 0 0 -372 -270 0
22 79 0 0 -344 -241 0
22 81 0 0 -320 -211 0
22 83 0 0 -301 -181 0
22 85 0 0 -285 -153 0
22 87 0 0 -273 -126 0
22 89 0 0 -263 -100 0
22 91 0 0 -256 -76 0
22 96 0 0 -252 6 -2
22 97 0 0 -259 -6 25
23 2 0 0 -630 0 10
23 3 0 0 -596 20 4
23 4 0 0 -581 -9 1
23 33 0 0 -645 12 0
23 35 0 0 -639 22 0
23 37 0 0 -627 31 0
23 39 0 0 -612 39 0
23 41 0 0 -589 41 0
23 43 0 0 -564 37 0
23 45 0 0 -529 21 0
23 47 0 0 -504 -8 0
23 49 0 0 -482 -44 0
23 51 0 0 -471 -88 0
23 53 0 0 -467 -134 0
23 55 0 0 -471 -181 0
23 56 0 0 -482 -226 0
23 58 0 0 -499 -266 0
23 60 0 0 -518 -297 0
23 62 0 0 -533 -316 0
23 64 0 0 -535 -327 0
23 66 0 0 -526 -333 0
23 93 0 0 -251 -53 0
23 95 0 0 -245 -32 0
23 96 0 0 -264 -38 4
23 97 0 0 -262 -1 -11
24 2 0 0 -614 -1 0
24 3 0 0 -590 -32 -5
24 6 0 0 -583 -19 0
24 8 0 0 -587 -25 0
24 10 0 0 -594 -31 0
24 12 0 0 -601 -35 0
24 14 0 0 -609 -38 0
24 16 0 0 -617 -39 0
24 18 0 0 -626 -38 0
24 20 0 0 -634 -36 0
24 22 0 0 -642 -31 0
24 24 0 0 -649 -25 0
24 26 0 0 -654 -17 0
24 29 0 0 -657 -7 0
24 31 0 0 -659 4 0
24 62 0 0 0 0 0
24 63 0 0 0 0 0
24 64 0 0 0 0 0
24 65 0 1 0 0 0
24 66 0 2 0 0 0
24 67 0 3 0 0 0
24 68 0 5 0 0 0
24 69 0 6 0 0 0
24 70 0 6 -489 -300 0
24 71 0 5 0 0 0
24 72 0 4 -460 -284 0
24 73 0 2 0 0 0
24 74 0 1 -430 -264 0
24 75 0 0 0 0 0
24 76 0 0 -399 -240 0
24 77 0 0 0 0 0
24 78 0 0 0 0 0
24 79 0 0 -372 -215 0
24 81 0 0 -348 -189 0
24 83 0 0 -328 -163 0
24 85 0 0 -311 -138 0
24 87 0 0 -298 -114 0
24 89 0 0 -287 -91 0
24 91 0 0 -279 -69 0
24 96 0 0 -274 8 -2
24 97 0 0 -282 -6 25
25 2 0 0 -621 0 10
25 3 0 0 -588 19 4
25 4 0 0 -574 -11 1
25 33 0 0 -656 16 0
25 35 0 0 -650 31 0
25 37 0 0 -638 45 0
25 39 0 0 -619 60 0
25 41 0 0 -588 69 0
25 43 0 0 -552 74 0
25 45 0 0 -501 57 0
25 47 0 0 -466 20 0
25 49 0 0 -436 -24 0
25 51 0 0 -420 -78 0
25 53 0 0 -415 -133 0
25 55 0 0 -419 -190 0
25 56 0 0 -435 -243 0
25 58 0 0 -461 -287 0
25 60 0 0 -494 -318 0
25 62 0 0 -521 -328 0
25 63 0 0 0 0 0
25 64 0 1 -531 -326 0
25 65 0 3 0 0 0
25 66 0 6 -527 -322 0
25 67 0 11 0 0 0
25 68 0 16 -513 -312 0
25 69 0 20 0 0 0
25 70 0 22 0 0 0
25 71 0 23 0 0 0
25 72 0 21 0 0 0
25 73 0 17 0 0 0
25 74 0 12 0 0 0
25 75 0 8 0 0 0
25 76 0 4 0 0 0
25 77 0 2 0 0 0
25 78 0 0 0 0 0
25 79 0 0 0 0 0
25 80 0 0 0 0 0
25 93 0 0 -272 -48 0
25 95 0 0 -266 -29 0
25 96 0 0 -286 -36 5
25 97 0 0 -285 -1 -9
26 2 0 0 -605 0 0
26 3 0 0 -582 -33 -5
26 10 0 0 -588 -38 0
26 12 0 0 -597 -44 0
26 14 0 0 -606 -47 0
26 16 0 0 -617 -49 0
26 18 0 0 -628 -48 0
26 20 0 0 -638 -45 0
26 22 0 0 -648 -39 0
26 24 0 0 -656 -32 0
26 26 0 0 -664 -22 0
26 28 0 0 -669 -10 0
26 62 0 0 0 0 0
26 63 0 1 0 0 0
26 64 0 4 0 0 0
26 65 0 9 0 0 0
26 66 0 17 0 0 0
26 67 0 29 0 0 0
26 68 0 42 0 0 0
26 69 0 53 0 0 0
26 70 0 61 0 0 0
26 71 0 63 0 0 0
26 72 0 59 -479 -256 0
26 73 0 51 0 0 0
26 74 0 38 -450 -235 0
26 75 0 26 0 0 0
26 76 0 15 -422 -213 0
26 77 0 7 0 0 0
26 78 0 3 0 0 0
26 79 0 1 -396 -190 0
26 80 0 0 0 0 0
26 81 0 0 -372 -167 0
26 83 0 0 -352 -144 0
26 85 0 0 -334 -122 0
26 87 0 0 -320 -101 0
26 89 0 0 -308 -81 0
26 91 0 0 -299 -62 0
26 96 0 0 -294 11 -3
26 97 0 0 -303 -6 24
27 2 0 0 -611 0 10
27 3 0 0 -578 18 4
27 4 0 0 -566 -14 1
27 6 0 0 -575 -23 0
27 8 0 0 -581 -31 0
27 31 0 0 -672 4 0
27 33 0 0 -672 20 0
27 35 0 0 -668 41 0
27 37 0 0 -657 63 0
27 39 0 0 -637 86 -1
27 41 0 0 -602 112 0
27 43 0 0 -552 126 -1
27 45 0 0 -474 113 0
27 47 0 0 -422 58 0
27 49 0 0 -383 1 0
27 51 0 0 -362 -67 0
27 53 0 0 -355 -134 0
27 54 0 0 -362 -203 0
27 56 0 0 -385 -266 0
27 58 0 0 -423 -322 0
27 60 0 0 -478 -354 -1
27 62 0 1 -524 -352 0
27 63 0 3 0 0 0
27 64 0 9 -541 -333 0
27 65 0 19 0 0 0
27 66 0 38 -540 -315 0
27 67 0 64 0 0 0
27 68 0 94 -528 -295 0
27 69 0 122 0 0 0
27 70 0 142 -505 -276 0
27 71 0 151 0 0 0
27 72 0 146 0 0 0
27 73 0 128 0 0 0
27 74 0 100 0 0 0
27 75 0 68 0 0 0
27 76 0 40 0 0 0
27 77 0 20 0 0 0
27 78 0 8 0 0 0
27 79 0 2 0 0 0
27 80 0 0 0 0 0
27 93 0 0 -292 -43 0
27 95 0 0 -285 -26 0
27 96 0 0 -305 -34 5
27 97 0 0 -306 0 -6
28 2 0 0 -594 0 0
28 3 0 0 -571 -35 -5
28 20 0 0 -642 -56 0
28 22 0 0 -655 -50 0
28 24 0 0 -666 -41 0
28 36 0 0 -681 76 0
28 38 0 0 -665 113 3
28 40 0 0 -623 150 8
28 42 0 0 -555 202 6
28 61 0 0 -463 -414 4
28 62 0 2 0 0 0
28 63 0 6 -539 -390 2
28 64 0 17 0 0 0
28 65 0 37 -567 -344 1
28 66 0 73 0 0 0
28 67 0 122 -564 -308 0
28 68 0 181 0 0 0
28 69 0 238 0 0 0
28 70 0 283 0 0 0
28 71 0 307 0 0 0
28 72 0 305 0 0 0
28 73 0 274 0 0 0
28 74 0 218 -472 -207 0
28 75 0 151 0 0 0
28 76 0 89 -444 -186 0
28 77 0 45 0 0 0
28 78 0 19 -418 -165 0
28 79 0 6 0 0 0
28 80 0 1 0 0 0
28 81 0 0 -394 -145 0
28 83 0 0 -373 -125 0
28 85 0 0 -354 -106 0
28 87 0 0 -339 -88 0
28 89 0 0 -326 -70 0
28 96 0 0 -311 13 -3
28 97 0 0 -321 -6 23
29 2 0 0 -598 0 10
29 3 0 0 -566 17 4
29 4 0 0 -555 -17 1
29 6 0 0 -565 -28 0
29 8 0 0 -572 -38 0
29 10 0 0 -581 -47 0
29 12 0 0 -592 -54 0
29 14 0 0 -604 -58 0
29 16 0 0 -617 -60 0
29 18 0 0 -630 -59 0
29 26 0 0 -676 -30 0
29 28 0 0 -684 -15 0
29 31 0 0 -690 1 0
29 33 0 0 -692 21 0
29 35 0 0 -692 48 0
29 45 0 0 -430 188 5
29 47 0 0 -355 116 3
29 49 0 0 -310 35 2
29 51 0 0 -283 -48 2
29 53 0 0 -278 -134 2
29 54 0 0 -286 -220 1
29 56 0 0 -316 -302 2
29 58 0 0 -369 -382 4
29 62 0 3 0 0 0
29 63 0 10 0 0 0
29 64 0 27 0 0 0
29 65 0 61 0 0 0
29 66 0 120 0 0 0
29 67 0 201 0 0 0
29 68 0 299 -551 -278 0
29 69 0 399 0 0 0
29 70 0 482 -527 -252 0
29 71 0 536 0 0 0
29 72 0 543 -501 -229 0
29 73 0 496 0 0 0
29 74 0 400 0 0 0
29 75 0 280 0 0 0
29 76 0 167 0 0 0
29 77 0 84 0 0 0
29 78 0 36 0 0 0
29 79 0 12 0 0 0
29 80 0 3 0 0 0
29 91 0 0 -316 -53 0
29 93 0 0 -309 -38 0
29 95 0 0 -302 -22 0
29 96 0 0 -321 -33 5
29 97 0 0 -323 0 -5
30 2 0 0 -580 0 1
30 3 0 0 -558 -37 -6
30 35 0 0 -722 53 -1
30 36 0 0 -723 91 -1
30 38 0 0 -717 155 6
30 40 0 0 -698 210 0
30 42 0 0 -598 319 10
30 45 0 0 -386 311 9
30 58 0 0 -312 -474 11
30 60 0 0 -477 -539 4
30 62 0 5 0 0 0
30 63 0 15 -595 -448 6
30 64 0 39 0 0 0
30 65 0 86 -623 -362 0
30 66 0 169 0 0 0
30 67 0 286 -607 -300 0
30 68 0 428 -584 -259 0
30 69 0 579 0 0 0
30 70 0 714 0 0 0
30 71 0 809 0 0 0
30 72 0 836 0 0 0
30 73 0 776 0 0 0
30 74 0 633 0 0 0
30 75 0 445 0 0 0
30 76 0 267 0 0 0
30 77 0 136 0 0 0
30 78 0 58 -437 -140 0
30 79 0 22 0 0 0
30 80 0 9 0 0 0
30 81 0 5 -412 -122 0
30 82 0 6 0 0 0
30 83 0 6 -390 -105 0
30 84 0 5 0 0 0
30 85 0 4 -371 -89 0
30 86 0 2 0 0 0
30 87 0 1 0 0 0
30 88 0 0 0 0 0
30 89 0 0 0 0 0
30 90 0 0 0 0 0
30 91 0 0 0 0 0
30 96 0 0 -326 15 -3
30 97 0 0 -336 -6 21
31 2 0 0 -583 0 10
31 3 0 0 -552 15 3
31 4 0 0 -543 -21 1
31 6 0 0 -553 -34 0
31 8 0 0 -562 -47 0
31 10 0 0 -573 -58 0
31 12 0 0 -586 -66 0
31 14 0 0 -600 -72 0
31 16 0 0 -616 -74 0
31 18 0 0 -632 -74 0
31 20 0 0 -647 -70 0
31 22 0 0 -663 -63 0
31 24 0 0 -677 -53 0
31 26 0 0 -689 -40 0
31 28 0 0 -701 -24 0
31 31 0 0 -710 -4 0
31 33 0 0 -718 19 -1
31 47 0 0 -274 177 8
31 49 0 0 -220 68 7
31 51 0 0 -195 -35 6
31 53 0 0 -187 -136 6
31 55 0 0 -194 -236 7
31 56 0 0 -228 -335 7
31 62 0 6 0 0 0
31 63 0 18 0 0 0
31 64 0 47 0 0 0
31 65 0 103 0 0 0
31 66 0 205 0 0 0
31 67 0 349 0 0 0
31 68 0 529 0 0 0
31 69 0 726 0 0 0
31 70 0 913 -554 -226 0
31 71 0 1055 0 0 0
31 72 0 1110 -524 -202 0
31 73 0 1043 0 0 0
31 74 0 858 -493 -179 0
31 75 0 609 0 0 0
31 76 0 370 -464 -159 0
31 77 0 193 0 0 0
31 78 0 88 0 0 0
31 79 0 39 0 0 0
31 80 0 22 0 0 0
31 81 0 17 0 0 0
31 82 0 19 0 0 0
31 83 0 19 0 0 0
31 84 0 17 0 0 0
31 85 0 13 0 0 0
31 86 0 8 0 0 0
31 87 0 4 -355 -73 0
31 88 0 2 0 0 0
31 89 0 1 -342 -59 0
31 90 0 0 0 0 0
31 91 0 0 -331 -45 0
31 93 0 0 -324 -31 0
31 95 0 0 -316 -18 0
31 96 0 0 -334 -32 5
31 97 0 0 -338 0 -3
32 2 0 0 -564 0 2
32 3 0 0 -543 -39 -6
32 35 0 0 -762 43 1
32 36 0 0 -776 83 0
32 38 0 0 -789 145 12
32 40 0 0 -774 206 9
32 41 0 0 -729 283 7
32 42 0 0 -702 371 10
32 43 0 0 -611 580 4
32 44 0 0 -381 606 18
32 45 0 0 -236 362 17
32 46 0 0 -185 287 14
32 47 0 0 -143 190 7
32 48 0 0 -137 139 9
32 49 0 0 -120 55 10
32 50 0 0 -111 17 10
32 51 0 0 -111 -64 11
32 52 0 0 -103 -100 12
32 53 0 0 -113 -173 12
32 54 0 0 -110 -216 9
32 55 0 0 -122 -286 8
32 56 0 0 -112 -340 4
32 57 0 0 -139 -408 8
32 58 0 0 -166 -486 11
32 59 0 0 -258 -611 17
32 60 0 0 -327 -815 5
32 61 0 0 -604 -771 -6
32 62 0 6 -664 -503 -14
32 63 0 19 -747 -439 -6
32 64 0 48 0 0 0
32 65 0 108 -714 -337 -5
32 66 0 215 0 0 0
32 67 0 371 -667 -271 0
32 68 0 572 -625 -227 0
32 69 0 802 0 0 0
32 70 0 1034 0 0 0
32 71 0 1225 0 0 0
32 72 0 1313 0 0 0
32 73 0 1249 0 0 0
32 74 0 1037 0 0 0
32 75 0 744 0 0 0
32 76 0 461 0 0 0
32 77 0 251 0 0 0
32 78 0 128 0 0 0
32 79 0 70 0 0 0
32 80 0 52 0 0 0
32 81 0 49 0 0 0
32 82 0 54 0 0 0
32 83 0 55 0 0 0
32 84 0 50 0 0 0
32 85 0 40 0 0 0
32 86 0 27 0 0 0
32 87 0 16 0 0 0
32 88 0 8 0 0 0
32 89 0 4 0 0 0
32 90 0 1 0 0 0
32 91 0 0 0 0 0
32 92 0 0 0 0 0
32 93 0 0 0 0 0
32 96 0 0 -338 17 -4
32 97 0 0 -349 -6 20
33 2 0 0 -564 0 11
33 3 0 0 -534 13 3
33 4 0 0 -527 -26 1
33 6 0 0 -539 -42 0
33 8 0 0 -549 -57 0
33 10 0 0 -562 -71 0
33 12 0 0 -578 -81 0
33 14 0 0 -596 -88 0
33 16 0 0 -615 -92 0
33 18 0 0 -634 -91 0
33 20 0 0 -653 -87 0
33 22 0 0 -671 -79 0
33 24 0 0 -689 -68 0
33 26 0 0 -705 -54 0
33 28 0 0 -720 -37 0
33 31 0 0 -734 -15 0
33 33 0 0 -747 10 0
33 40 0 0 -878 178 -9
33 41 0 0 -868 255 -28
33 42 0 0 -823 378 -24
33 43 0 0 -959 630 -25
33 44 0 0 -155 666 12
33 45 0 0 -97 479 12
33 46 0 0 -56 285 6
33 47 0 0 -67 200 3
33 48 0 0 -61 139 0
33 49 0 0 -62 61 0
33 50 0 0 -54 16 1
33 51 0 0 -58 -60 0
33 52 0 0 -48 -102 1
33 53 0 0 -54 -169 1
33 54 0 0 -44 -213 4
33 55 0 0 -52 -278 1
33 56 0 0 -41 -330 8
33 57 0 0 -50 -390 7
33 58 0 0 -37 -480 9
33 59 0 0 -46 -593 3
33 60 0 0 -323 -1090 -11
33 61 0 0 -717 -1090 -35
33 62 0 5 -863 -459 -21
33 63 0 17 -814 -378 -31
33 64 0 43 0 0 0
33 65 0 98 0 0 0
33 66 0 200 0 0 0
33 67 0 352 0 0 0
33 68 0 560 0 0 0
33 69 0 816 0 0 0
33 70 0 1096 -584 -194 0
33 71 0 1343 0 0 0
33 72 0 1474 -548 -169 0
33 73 0 1423 0 0 0
33 74 0 1195 -514 -148 0
33 75 0 872 0 0 0
33 76 0 562 -483 -130 0
33 77 0 336 0 0 0
33 78 0 203 -454 -114 0
33 79 0 140 0 0 0
33 80 0 120 0 0 0
33 81 0 119 -428 -99 0
33 82 0 128 0 0 0
33 83 0 129 -406 -84 0
33 84 0 117 0 0 0
33 85 0 94 -386 -71 0
33 86 0 65 0 0 0
33 87 0 40 -369 -59 0
33 88 0 21 0 0 0
33 89 0 10 -355 -47 0
33 90 0 4 0 0 0
33 91 0 1 -344 -35 0
33 92 0 0 0 0 0
33 93 0 0 -336 -25 0
33 95 0 0 -327 -14 0
33 96 0 0 -345 -30 5
33 97 0 0 -350 0 -2
34 2 0 0 -544 0 4
34 3 0 0 -524 -42 -6
34 40 0 0 -933 162 -16
34 41 0 0 -944 228 -21
34 42 0 0 -1170 200 -28
34 43 0 0 -1436 159 -35
34 44 0 0 262 -81 42
34 45 0 0 45 303 3
34 46 0 0 -20 313 -8
34 47 0 0 -30 277 -6
34 48 0 0 -35 109 11
34 49 0 0 -24 105 3
34 50 0 0 -15 -28 13
34 51 0 0 -18 -75 0
34 52 0 0 -24 -124 4
34 53 0 0 -35 -132 15
34 54 0 0 -40 -262 10
34 55 0 0 -48 -279 19
34 56 0 0 -47 -412 4
34 57 0 0 -51 -453 1
34 58 0 0 11 -498 9
34 59 0 0 96 -419 1
34 60 0 0 113 458 116
34 61 0 0 -1779 -281 33
34 62 0 4 -1013 -236 -20
34 63 0 13 -909 -360 -34
34 64 0 34 0 0 0
34 65 0 80 -800 -245 -16
34 66 0 169 0 0 0
34 67 0 311 0 0 0
34 68 0 525 0 0 0
34 69 0 815 0 0 0
34 70 0 1160 0 0 0
34 71 0 1485 0 0 0
34 72 0 1679 0 0 0
34 73 0 1653 0 0 0
34 74 0 1413 0 0 0
34 75 0 1067 0 0 0
34 76 0 738 0 0 0
34 77 0 502 0 0 0
34 78 0 361 0 0 0
34 79 0 289 0 0 0
34 80 0 261 0 0 0
34 81 0 258 0 0 0
34 82 0 266 0 0 0
34 83 0 263 0 0 0
34 84 0 239 0 0 0
34 85 0 193 0 0 0
34 86 0 137 0 0 0
34 87 0 85 0 0 0
34 88 0 46 0 0 0
34 89 0 22 0 0 0
34 90 0 9 0 0 0
34 91 0 3 0 0 0
34 92 0 0 0 0 0
34 93 0 0 0 0 0
34 96 0 0 -347 19 -4
34 97 0 0 -359 -6 20
35 2 0 0 -541 0 11
35 3 0 0 -513 10 3
35 4 0 0 -508 -31 1
35 6 0 0 -521 -51 0
35 8 0 0 -533 -70 0
35 10 0 0 -549 -87 0
35 12 0 0 -568 -100 0
35 14 0 0 -590 -108 0
35 16 0 0 -613 -113 0
35 18 0 0 -637 -112 0
35 20 0 0 -660 -107 0
35 22 0 0 -681 -98 0
35 24 0 0 -702 -86 0
35 26 0 0 -721 -71 0
35 28 0 0 -739 -54 0
35 30 0 0 -757 -32 0
35 33 0 0 -776 -8 0
35 35 0 0 -797 23 0
35 36 0 0 -823 52 -5
35 38 0 0 -856 112 -13
35 40 0 0 -931 65 -21
35 41 0 0 -951 106 -32
35 42 0 0 -1119 118 -29
35 43 0 0 -1225 31 -14
35 61 0 0 -1205 -105 87
35 62 0 2 -997 -188 -22
35 63 0 9 -891 -167 -34
35 64 0 24 0 0 0
35 65 0 62 0 0 0
35 66 0 142 -717 -201 -1
35 67 0 281 0 0 0
35 68 0 513 -662 -178 1
35 69 0 857 0 0 0
35 70 0 1292 -611 -151 0
35 71 0 1723 0 0 0
35 72 0 2001 -570 -133 0
35 73 0 2013 0 0 0
35 74 0 1770 -532 -115 0
35 75 0 1406 0 0 0
35 76 0 1064 -499 -100 0
35 77 0 820 0 0 0
35 78 0 666 -468 -86 0
35 79 0 570 0 0 0
35 80 0 515 -442 -74 0
35 81 0 490 0 0 0
35 82 0 486 0 0 0
35 83 0 472 -418 -63 0
35 84 0 427 0 0 0
35 85 0 348 -397 -53 0
35 86 0 251 0 0 0
35 87 0 159 -380 -43 0
35 88 0 88 0 0 0
35 89 0 42 -365 -34 0
35 90 0 17 0 0 0
35 91 0 6 -353 -26 0
35 92 0 1 0 0 0
35 93 0 0 -345 -18 0
35 95 0 0 -336 -10 0
35 96 0 0 -352 -29 5
35 97 0 0 -359 0 -1
36 2 0 0 -519 0 6
36 3 0 0 -501 -45 -7
36 40 0 0 -908 60 -27
36 41 0 0 -908 89 -35
36 42 0 0 -993 36 0
36 43 0 0 -1091 3 -19
36 61 0 0 -1086 52 17
36 62 0 1 -960 -131 -25
36 63 0 6 -876 -113 -37
36 64 0 18 0 0 0
36 65 0 54 0 0 0
36 66 0 133 0 0 0
36 67 0 284 0 0 0
36 68 0 550 0 0 0
36 69 0 959 0 0 0
36 70 0 1490 0 0 0
36 71 0 2023 0 0 0
36 72 0 2388 0 0 0
36 73 0 2452 0 0 0
36 74 0 2235 0 0 0
36 75 0 1890 0 0 0
36 76 0 1570 0 0 0
36 77 0 1341 0 0 0
36 78 0 1178 0 0 0
36 79 0 1044 0 0 0
36 80 0 934 0 0 0
36 81 0 854 0 0 0
36 82 0 807 0 0 0
36 83 0 761 0 0 0
36 84 0 681 0 0 0
36 85 0 557 0 0 0
36 86 0 407 0 0 0
36 87 0 261 0 0 0
36 88 0 147 0 0 0
36 89 0 72 0 0 0
36 90 0 30 0 0 0
36 91 0 11 0 0 0
36 92 0 2 0 0 0
36 93 0 0 0 0 0
36 96 0 0 -353 21 -4
36 97 0 0 -366 -5 19
37 2 0 0 -513 0 10
37 3 0 0 -487 7 2
37 4 0 0 -485 -38 1
37 6 0 0 -499 -62 0
37 8 0 0 -514 -86 0
37 10 0 0 -533 -106 0
37 12 0 0 -556 -122 0
37 14 0 0 -582 -133 0
37 16 0 0 -611 -138 0
37 18 0 0 -640 -137 0
37 20 0 0 -667 -131 0
37 22 0 0 -692 -121 0
37 24 0 0 -716 -108 0
37 26 0 0 -737 -92 0
37 28 0 0 -759 -73 0
37 30 0 0 -779 -53 0
37 33 0 0 -801 -31 0
37 35 0 0 -823 -5 1
37 36 0 0 -856 14 -6
37 38 0 0 -885 53 -12
37 40 0 0 -917 -1 -25
37 41 0 0 -908 49 -12
37 42 0 0 -1022 17 -16
37 43 0 0 -1070 5 -17
37 61 0 0 -1022 20 -68
37 62 0 0 -862 -59 -18
37 63 0 5 -852 -27 -7
37 64 0 17 0 0 0
37 65 0 57 -794 -125 -15
37 66 0 149 -737 -115 -4
37 67 0 327 0 0 0
37 68 0 642 -676 -115 1
37 69 0 1116 0 0 0
37 70 0 1721 -629 -99 0
37 71 0 2325 0 0 0
37 72 0 2758 -584 -89 0
37 73 0 2894 0 0 0
37 74 0 2761 -546 -76 0
37 75 0 2513 0 0 0
37 76 0 2286 -511 -66 0
37 77 0 2120 0 0 0
37 78 0 1965 -480 -56 0
37 79 0 1777 0 0 0
37 80 0 1569 -452 -47 0
37 81 0 1380 0 0 0
37 82 0 1239 0 0 0
37 83 0 1123 -427 -39 0
37 84 0 984 0 0 0
37 85 0 803 -405 -32 0
37 86 0 589 0 0 0
37 87 0 383 -387 -26 0
37 88 0 219 0 0 0
37 89 0 108 -372 -20 0
37 90 0 46 0 0 0
37 91 0 17 -360 -15 0
37 92 0 4 0 0 0
37 93 0 1 -351 -10 0
37 95 0 0 -342 -6 0
37 96 0 0 -357 -27 5
37 97 0 0 -365 0 0
38 2 0 0 -491 0 9
38 3 0 0 -473 -49 -7
38 42 0 0 -968 30 -7
38 43 0 0 -1048 -7 10
38 61 0 0 -928 -15 -26
38 62 0 0 0 0 0
38 63 0 6 0 0 0
38 64 0 21 0 0 0
38 65 0 71 0 0 0
38 66 0 184 0 0 0
38 67 0 400 0 0 0
38 68 0 769 0 0 0
38 69 0 1296 0 0 0
38 70 0 1940 0 0 0
38 71 0 2570 0 0 0
38 72 0 3051 0 0 0
38 73 0 3289 0 0 0
38 74 0 3322 0 0 0
38 75 0 3276 0 0 0
38 76 0 3233 0 0 0
38 77 0 3187 0 0 0
38 78 0 3058 0 0 0
38 79 0 2802 0 0 0
38 80 0 2453 0 0 0
38 81 0 2093 0 0 0
38 82 0 1790 0 0 0
38 83 0 1544 0 0 0
38 84 0 1309 0 0 0
38 85 0 1053 0 0 0
38 86 0 772 0 0 0
38 87 0 505 0 0 0
38 88 0 292 0 0 0
38 89 0 147 0 0 0
38 90 0 64 0 0 0
38 91 0 24 0 0 0
38 92 0 7 0 0 0
38 93 0 2 0 0 0
38 94 0 0 0 0 0
38 96 0 0 -357 24 -4
38 97 0 0 -369 -5 20
39 2 0 0 -480 0 9
39 3 0 0 -456 4 2
39 4 0 0 -457 -46 1
39 6 0 0 -472 -75 0
39 8 0 0 -490 -104 0
39 10 0 0 -513 -129 0
39 12 0 0 -541 -149 0
39 14 0 0 -573 -163 0
39 16 0 0 -609 -170 0
39 18 0 0 -644 -168 0
39 20 0 0 -676 -160 0
39 22 0 0 -705 -147 0
39 24 0 0 -732 -132 0
39 26 0 0 -755 -114 0
39 28 0 0 -778 -95 0
39 30 0 0 -799 -75 0
39 33 0 0 -823 -54 0
39 35 0 0 -846 -33 0
39 37 0 0 -876 -11 0
39 38 0 0 -903 2 -9
39 41 0 0 -961 28 -13
39 42 0 0 -983 -16 9
39 43 0 0 -1061 4 3
39 61 0 0 -957 2 7
39 62 0 0 0 0 0
39 63 0 7 -848 -35 -25
39 64 0 27 0 0 0
39 65 0 89 -780 -58 0
39 66 0 230 -725 -68 -4
39 67 0 496 0 0 0
39 68 0 932 -684 -61 0
39 69 0 1516 0 0 0
39 70 0 2192 -637 -57 0
39 71 0 2837 0 0 0
39 72 0 3376 -594 -48 0
39 73 0 3769 0 0 0
39 74 0 4064 -555 -40 0
39 75 0 4324 0 0 0
39 76 0 4542 -519 -33 0
39 77 0 4646 0 0 0
39 78 0 4536 -487 -26 0
39 79 0 4180 0 0 0
39 80 0 3645 -458 -21 0
39 81 0 3052 0 0 0
39 82 0 2514 0 0 0
39 83 0 2067 -433 -16 0
39 84 0 1678 0 0 0
39 85 0 1310 -410 -12 0
39 86 0 947 0 0 0
39 87 0 618 -392 -9 0
39 88 0 359 0 0 0
39 89 0 182 -376 -7 0
39 90 0 81 0 0 0
39 91 0 31 -363 -5 0
39 92 0 9 0 0 0
39 93 0 2 -354 -3 0
39 94 0 0 0 0 0
39 95 0 0 -345 -1 0
39 96 0 0 -358 -25 4
39 97 0 0 -367 0 0
40 2 0 0 -456 0 13
40 3 0 0 -439 -54 -7
40 42 0 0 -974 16 2
40 43 0 0 -1047 -6 7
40 61 0 0 -941 -42 3
40 62 0 0 0 0 0
40 63 0 8 0 0 0
40 64 0 32 0 0 0
40 65 0 107 0 0 0
40 66 0 280 0 0 0
40 67 0 611 0 0 0
40 68 0 1139 0 0 0
40 69 0 1815 0 0 0
40 70 0 2558 0 0 0
40 71 0 3250 0 0 0
40 72 0 3897 0 0 0
40 73 0 4525 0 0 0
40 74 0 5185 0 0 0
40 75 0 5845 0 0 0
40 76 0 6362 0 0 0
40 77 0 6585 0 0 0
40 78 0 6420 0 0 0
40 79 0 5891 0 0 0
40 80 0 5117 0 0 0
40 81 0 4252 0 0 0
40 82 0 3435 0 0 0
40 83 0 2731 0 0 0
40 84 0 2132 0 0 0
40 85 0 1611 0 0 0
40 86 0 1140 0 0 0
40 87 0 737 0 0 0
40 88 0 429 0 0 0
40 89 0 220 0 0 0
40 90 0 99 0 0 0
40 91 0 39 0 0 0
40 92 0 12 0 0 0
40 93 0 3 0 0 0
40 94 0 0 0 0 0
40 96 0 0 -357 26 -5
40 97 0 0 -370 -5 20
41 2 0 0 -440 -1 7
41 3 0 0 -419 0 2
41 4 0 0 -424 -56 0
41 6 0 0 -440 -91 0
41 8 0 0 -460 -126 0
41 10 0 0 -487 -157 0
41 12 0 0 -522 -183 0
41 14 0 0 -561 -201 0
41 16 0 0 -606 -209 0
41 18 0 0 -649 -205 0
41 20 0 0 -688 -193 0
41 22 0 0 -720 -177 0
41 24 0 0 -749 -158 0
41 26 0 0 -774 -138 0
41 28 0 0 -798 -118 0
41 30 0 0 -819 -98 0
41 33 0 0 -844 -77 0
41 35 0 0 -866 -58 0
41 37 0 0 -895 -36 -3
41 39 0 0 -916 -15 0
41 41 0 0 -931 -3 -6
41 42 0 0 -992 -30 7
41 43 0 0 -1067 -1 3
41 61 0 0 -968 -22 30
41 62 0 0 0 0 0
41 63 0 9 -788 -17 10
41 64 0 38 0 0 0
41 65 0 124 -777 -28 -9
41 66 0 334 -731 -9 -1
41 67 0 741 0 0 0
41 68 0 1386 -688 -14 0
41 69 0 2196 0 0 0
41 70 0 3060 -641 -8 0
41 71 0 3864 0 0 0
41 72 0 4696 -601 -7 0
41 73 0 5662 0 0 0
41 74 0 6794 -561 -1 0
41 75 0 7920 0 0 0
41 76 0 8722 -524 1 0
41 77 0 8962 0 0 0
41 78 0 8602 -491 4 0
41 79 0 7785 0 0 0
41 80 0 6717 -461 6 0
41 81 0 5579 0 0 0
41 82 0 4499 0 0 0
41 83 0 3543 -435 7 0
41 84 0 2721 0 0 0
41 85 0 2017 -412 8 0
41 86 0 1407 0 0 0
41 87 0 906 -393 7 0
41 88 0 531 0 0 0
41 89 0 276 -377 7 0
41 90 0 128 0 0 0
41 91 0 52 -364 5 0
41 92 0 17 0 0 0
41 93 0 5 -354 4 0
41 94 0 1 0 0 0
41 95 0 0 -344 2 0
41 96 0 0 -356 -22 4
41 97 0 0 -365 0 0
42 2 0 0 -413 0 18
42 3 0 0 -399 -58 -8
42 42 0 0 -995 14 1
42 43 0 0 -1062 -8 8
42 61 0 0 -946 -45 9
42 62 0 1 0 0 0
42 63 0 10 0 0 0
42 64 0 45 0 0 0
42 65 0 142 -776 16 -12
42 66 0 383 -734 14 0
42 67 0 862 0 0 0
42 68 0 1624 -690 20 -2
42 69 0 2583 0 0 0
42 70 0 3609 -645 30 0
42 71 0 4598 0 0 0
42 72 0 5712 0 0 0
42 73 0 7124 0 0 0
42 74 0 8824 0 0 0
42 75 0 10456 0 0 0
42 76 0 11492 0 0 0
42 77 0 11610 0 0 0
42 78 0 10882 0 0 0
42 79 0 9640 0 0 0
42 80 0 8223 0 0 0
42 81 0 6836 0 0 0
42 82 0 5564 0 0 0
42 83 0 4431 0 0 0
42 84 0 3430 0 0 0
42 85 0 2553 0 0 0
42 86 0 1788 0 0 0
42 87 0 1162 0 0 0
42 88 0 690 0 0 0
42 89 0 368 0 0 0
42 90 0 175 0 0 0
42 91 0 73 0 0 0
42 92 0 25 0 0 0
42 93 0 8 0 0 0
42 94 0 1 0 0 0
42 96 0 0 -354 28 -5
42 97 0 0 -366 -4 20
43 2 0 0 -387 -2 0
43 3 0 0 -374 -4 0
43 4 0 0 -384 -66 0
43 6 0 0 -401 -108 0
43 8 0 0 -425 -151 0
43 10 0 0 -456 -191 0
43 12 0 0 -498 -224 0
43 14 0 0 -547 -248 0
43 16 0 0 -606 -258 0
43 18 0 0 -660 -249 0
43 20 0 0 -704 -231 0
43 22 0 0 -740 -209 0
43 24 0 0 -770 -185 0
43 26 0 0 -795 -163 0
43 28 0 0 -819 -141 0
43 30 0 0 -839 -121 0
43 33 0 0 -863 -102 0
43 35 0 0 -886 -83 0
43 37 0 0 -916 -64 0
43 39 0 0 -936 -47 0
43 41 0 0 -959 -22 3
43 42 0 0 -1011 -32 3
43 43 0 0 -1082 -3 3
43 61 0 0 -961 -14 41
43 62 0 4 0 0 0
43 63 0 16 -792 -15 15
43 64 0 57 0 0 0
43 65 0 165 0 0 0
43 66 0 429 0 0 0
43 67 0 951 0 0 0
43 68 0 1785 0 0 0
43 69 0 2858 0 0 0
43 70 0 4048 0 0 0
43 71 0 5271 0 0 0
43 72 0 6737 -603 32 0
43 73 0 8659 0 0 0
43 74 0 10964 -563 36 0
43 75 0 13104 0 0 0
43 76 0 14332 -526 36 0
43 77 0 14244 0 0 0
43 78 0 13036 -492 36 0
43 79 0 11271 0 0 0
43 80 0 9460 -461 35 0
43 81 0 7850 0 0 0
43 82 0 6467 0 0 0
43 83 0 5254 -434 33 0
43 84 0 4155 0 0 0
43 85 0 3152 -411 29 0
43 86 0 2247 0 0 0
43 87 0 1488 -391 26 0
43 88 0 902 0 0 0
43 89 0 493 -374 22 0
43 90 0 240 0 0 0
43 91 0 103 -361 17 0
43 92 0 37 0 0 0
43 93 0 12 -351 12 0
43 94 0 3 0 0 0
43 95 0 0 -341 7 1
43 96 0 0 -351 -20 4
43 97 0 0 -361 0 1
44 2 0 0 -362 0 24
44 3 0 0 -352 -63 -9
44 35 0 0 -903 -108 -1
44 37 0 0 -932 -88 1
44 39 0 0 -957 -70 7
44 41 0 0 -975 -42 6
44 42 0 0 -1020 8 0
44 43 0 0 -1088 -10 8
44 61 0 0 -962 -9 -6
44 62 0 10 0 0 0
44 63 0 29 -799 0 42
44 64 0 82 0 0 0
44 65 0 204 -785 35 -11
44 66 0 482 -741 67 2
44 67 0 1013 0 0 0
44 68 0 1854 -699 68 -2
44 69 0 2967 0 0 0
44 70 0 4274 -651 78 0
44 71 0 5723 0 0 0
44 72 0 7535 0 0 0
44 73 0 9929 0 0 0
44 74 0 12781 0 0 0
44 75 0 15396 0 0 0
44 76 0 16842 0 0 0
44 77 0 16605 0 0 0
44 78 0 14958 0 0 0
44 79 0 12676 0 0 0
44 80 0 10464 0 0 0
44 81 0 8636 0 0 0
44 82 0 7170 0 0 0
44 83 0 5925 0 0 0
44 84 0 4780 0 0 0
44 85 0 3698 0 0 0
44 86 0 2690 0 0 0
44 87 0 1817 0 0 0
44 88 0 1123 0 0 0
44 89 0 626 0 0 0
44 90 0 311 0 0 0
44 91 0 135 0 0 0
44 92 0 49 0 0 0
44 93 0 17 0 0 0
44 94 0 4 0 0 0
44 96 0 0 -347 31 -5
44 97 0 0 -360 -4 21
45 2 0 0 -330 -2 -5
45 3 0 0 -321 -11 0
45 4 0 0 -334 -79 0
45 6 0 0 -353 -129 -1
45 8 0 0 -379 -181 0
45 10 0 0 -414 -231 0
45 12 0 0 -465 -274 0
45 14 0 0 -525 -308 0
45 16 0 0 -606 -319 0
45 18 0 0 -675 -303 0
45 20 0 0 -728 -273 0
45 22 0 0 -765 -242 0
45 24 0 0 -796 -213 0
45 26 0 0 -817 -186 0
45 28 0 0 -840 -163 0
45 30 0 0 -858 -143 0
45 33 0 0 -881 -126 0
45 42 0 0 -1040 -45 6
45 43 0 0 -1111 -7 5
45 61 0 0 -989 42 8
45 62 0 19 0 0 0
45 63 0 51 0 0 0
45 64 0 123 0 0 0
45 65 0 270 0 0 0
45 66 0 565 0 0 0
45 67 0 1089 0 0 0
45 68 0 1898 0 0 0
45 69 0 2987 0 0 0
45 70 0 4334 0 0 0
45 71 0 5922 0 0 0
45 72 0 7963 -606 76 0
45 73 0 10671 0 0 0
45 74 0 13910 -564 77 0
45 75 0 16925 0 0 0
45 76 0 18653 -525 73 0
45 77 0 18443 0 0 0
45 78 0 16554 -489 70 0
45 79 0 13898 0 0 0
45 80 0 11348 -458 65 0
45 81 0 9304 0 0 0
45 82 0 7719 0 0 0
45 83 0 6401 -430 59 0
45 84 0 5191 0 0 0
45 85 0 4049 -405 52 0
45 86 0 2977 0 0 0
45 87 0 2037 -385 44 0
45 88 0 1274 0 0 0
45 89 0 720 -368 37 0
45 90 0 360 0 0 0
45 91 0 158 -354 28 0
45 92 0 58 0 0 0
45 93 0 20 -344 21 0
45 94 0 4 0 0 0
45 95 0 0 -335 12 1
45 96 0 0 -343 -18 4
45 97 0 0 -353 0 0
46 2 0 0 -302 0 28
46 3 0 0 -296 -69 -9
46 35 0 0 -920 -133 -2
46 37 0 0 -955 -111 4
46 38 0 0 -985 -94 15
46 41 0 0 -1025 -59 2
46 42 0 0 -1054 2 7
46 43 0 0 -1129 3 23
46 61 0 0 -995 -12 7
46 62 0 31 0 0 0
46 63 0 80 -856 7 20
46 64 0 179 0 0 0
46 65 0 360 -806 89 5
46 66 0 682 0 0 0
46 67 0 1206 -765 111 6
46 68 0 1974 -701 118 -2
46 69 0 2997 0 0 0
46 70 0 4295 -652 125 0
46 71 0 5887 0 0 0
46 72 0 7986 0 0 0
46 73 0 10812 0 0 0
46 74 0 14247 0 0 0
46 75 0 17543 0 0 0
46 76 0 19571 0 0 0
46 77 0 19560 0 0 0
46 78 0 17690 0 0 0
46 79 0 14910 0 0 0
46 80 0 12186 0 0 0
46 81 0 9970 0 0 0
46 82 0 8218 0 0 0
46 83 0 6740 0 0 0
46 84 0 5399 0 0 0
46 85 0 4177 0 0 0
46 86 0 3062 0 0 0
46 87 0 2098 0 0 0
46 88 0 1316 0 0 0
46 89 0 746 0 0 0
46 90 0 373 0 0 0
46 91 0 163 0 0 0
46 92 0 60 0 0 0
46 93 0 20 0 0 0
46 94 0 4 0 0 0
46 96 0 0 -337 33 -5
46 97 0 0 -349 -3 23
47 2 0 0 -266 -2 -11
47 3 0 0 -259 -19 -1
47 4 0 0 -278 -89 0
47 6 0 0 -297 -150 -1
47 8 0 0 -323 -213 0
47 10 0 0 -362 -277 0
47 12 0 0 -422 -334 0
47 14 0 0 -500 -387 0
47 16 0 0 -613 -402 0
47 18 0 0 -704 -369 0
47 20 0 0 -765 -319 0
47 22 0 0 -800 -275 0
47 24 0 0 -827 -239 0
47 26 0 0 -844 -207 0
47 28 0 0 -862 -182 0
47 30 0 0 -876 -164 0
47 33 0 0 -899 -145 0
47 42 0 0 -1066 -20 8
47 43 0 0 -1146 13 23
47 61 0 0 -978 -33 20
47 62 0 43 0 0 0
47 63 0 109 0 0 0
47 64 0 235 0 0 0
47 65 0 453 0 0 0
47 66 0 812 0 0 0
47 67 0 1356 0 0 0
47 68 0 2110 0 0 0
47 69 0 3078 0 0 0
47 70 0 4285 0 0 0
47 71 0 5783 0 0 0
47 72 0 7819 -603 121 0
47 73 0 10644 0 0 0
47 74 0 14147 -560 118 0
47 75 0 17578 0 0 0
47 76 0 19797 -519 111 0
47 77 0 20009 0 0 0
47 78 0 18341 -483 104 0
47 79 0 15688 0 0 0
47 80 0 12987 -450 95 0
47 81 0 10676 0 0 0
47 82 0 8733 0 0 0
47 83 0 7027 -421 85 0
47 84 0 5496 0 0 0
47 85 0 4163 -397 74 0
47 86 0 3007 0 0 0
47 87 0 2040 -376 63 0
47 88 0 1269 0 0 0
47 89 0 715 -358 52 0
47 90 0 355 0 0 0
47 91 0 154 -345 40 0
47 92 0 56 0 0 0
47 93 0 18 -334 29 0
47 94 0 3 0 0 0
47 95 0 0 -325 17 1
47 96 0 0 -331 -15 3
47 97 0 0 -341 0 0
48 2 0 0 -230 -2 31
48 3 0 0 -233 -75 -10
48 17 0 0 -628 -522 9
48 19 0 0 -755 -447 4
48 21 0 0 -822 -367 2
48 23 0 0 -844 -302 0
48 35 0 0 -933 -165 -1
48 36 0 0 -970 -150 7
48 38 0 0 -1017 -172 11
48 40 0 0 -1045 -68 26
48 41 0 0 -1047 -72 25
48 42 0 0 -1103 46 -21
48 43 0 0 -1083 55 0
48 61 0 0 -949 -75 -15
48 62 0 51 -939 3 -6
48 63 0 129 -915 56 23
48 64 0 274 0 0 0
48 65 0 525 -867 164 9
48 66 0 926 0 0 0
48 67 0 1518 -782 168 5
48 68 0 2321 -709 174 -1
48 69 0 3310 0 0 0
48 70 0 4479 -653 173 0
48 71 0 5891 0 0 0
48 72 0 7868 -599 167 0
48 73 0 10728 0 0 0
48 74 0 14321 0 0 0
48 75 0 17792 0 0 0
48 76 0 20000 0 0 0
48 77 0 20283 0 0 0
48 78 0 18833 -473 138 0
48 79 0 16433 0 0 0
48 80 0 13863 -439 125 0
48 81 0 11490 0 0 0
48 82 0 9337 0 0 0
48 83 0 7373 -410 112 0
48 84 0 5628 0 0 0
48 85 0 4164 -384 97 0
48 86 0 2949 0 0 0
48 87 0 1969 -363 82 0
48 88 0 1207 0 0 0
48 89 0 670 -345 67 0
48 90 0 328 0 0 0
48 91 0 140 0 0 0
48 92 0 49 0 0 0
48 93 0 16 0 0 0
48 94 0 2 0 0 0
48 96 0 0 -324 35 -5
48 97 0 0 -335 -3 24
49 2 0 0 -189 -4 -16
49 3 0 0 -184 -29 -1
49 4 0 0 -210 -104 0
49 6 0 0 -226 -171 0
49 8 0 0 -252 -247 2
49 10 0 0 -288 -329 1
49 12 0 0 -355 -408 3
49 14 0 0 -448 -501 4
49 24 0 0 -865 -257 0
49 26 0 0 -871 -220 0
49 28 0 0 -883 -197 0
49 30 0 0 -893 -179 0
49 33 0 0 -911 -166 0
49 40 0 0 -1111 -147 5
49 41 0 0 -1162 -118 -2
49 42 0 0 -1156 76 -5
49 43 0 0 -1003 144 -8
49 61 0 0 -783 -82 17
49 62 0 52 -1021 -54 -12
49 63 0 134 -993 144 4
49 64 0 284 0 0 0
49 65 0 555 0 0 0
49 66 0 999 0 0 0
49 67 0 1680 0 0 0
49 68 0 2628 0 0 0
49 69 0 3800 0 0 0
49 70 0 5113 0 0 0
49 71 0 6600 0 0 0
49 72 0 8676 0 0 0
49 73 0 11760 0 0 0
49 74 0 15619 -553 160 0
49 75 0 19147 0 0 0
49 76 0 21159 -510 150 0
49 77 0 21268 0 0 0
49 78 0 19879 0 0 0
49 79 0 17650 0 0 0
49 80 0 15120 0 0 0
49 81 0 12575 0 0 0
49 82 0 10129 0 0 0
49 83 0 7875 0 0 0
49 84 0 5909 0 0 0
49 85 0 4302 0 0 0
49 86 0 3002 0 0 0
49 87 0 1977 0 0 0
49 88 0 1194 0 0 0
49 89 0 653 0 0 0
49 90 0 314 0 0 0
49 91 0 131 -331 52 0
49 92 0 45 0 0 0
49 93 0 14 -321 37 0
49 94 0 1 0 0 0
49 95 0 0 -311 22 1
49 96 0 0 -316 -13 3
49 97 0 0 -325 0 -1
50 2 0 0 -148 -3 22
50 3 0 0 -162 -75 -5
50 16 0 0 -686 -722 9
50 19 0 0 -858 -536 10
50 21 0 0 -914 -410 1
50 23 0 0 -910 -319 0
50 33 0 0 -914 -185 0
50 35 0 0 -933 -193 0
50 36 0 0 -958 -204 0
50 38 0 0 -1022 -241 -10
50 40 0 0 -1149 -174 8
50 41 0 0 -1292 -219 -7
50 42 0 0 -1613 -130 -34
50 43 0 0 103 307 -10
50 61 0 0 121 -334 -126
50 62 0 46 -1361 324 -55
50 63 0 121 -1127 211 -2
50 64 0 262 0 0 0
50 65 0 538 -886 296 0
50 66 0 1021 0 0 0
50 67 0 1818 -777 270 3
50 68 0 3006 -704 247 0
50 69 0 4551 0 0 0
50 70 0 6272 -645 235 0
50 71 0 8106 0 0 0
50 72 0 10525 -590 220 0
50 73 0 14068 0 0 0
50 74 0 18417 -542 207 0
50 75 0 22129 0 0 0
50 76 0 23911 -497 191 0
50 77 0 23706 0 0 0
50 78 0 22212 -458 175 0
50 79 0 19951 0 0 0
50 80 0 17196 0 0 0
50 81 0 14205 -423 157 0
50 82 0 11271 0 0 0
50 83 0 8625 -393 139 0
50 84 0 6396 0 0 0
50 85 0 4610 -367 121 0
50 86 0 3187 0 0 0
50 87 0 2077 -346 102 0
50 88 0 1241 0 0 0
50 89 0 669 -328 83 0
50 90 0 318 0 0 0
50 91 0 131 -314 64 0
50 92 0 43 0 0 0
50 93 0 14 -304 45 0
50 94 0 0 0 0 0
50 96 0 0 -307 37 -6
50 97 0 0 -318 -2 26
51 2 0 0 -112 0 0
51 3 0 0 -102 -40 0
51 4 0 0 -140 -111 1
51 6 0 0 -153 -189 4
51 8 0 0 -169 -274 4
51 10 0 0 -200 -376 6
51 12 0 0 -256 -476 8
51 14 0 0 -385 -665 16
51 24 0 0 -909 -268 -1
51 26 0 0 -903 -224 0
51 28 0 0 -903 -204 0
51 30 0 0 -905 -189 0
51 40 0 0 -1079 -362 -3
51 41 0 0 -1092 -470 -35
51 42 0 0 -1380 -1053 0
51 43 0 0 -441 -1534 25
51 44 0 0 -123 -925 54
51 45 0 0 -89 -771 33
51 46 0 0 -24 -509 -1
51 47 0 0 -20 -373 5
51 48 0 0 -31 -246 -2
51 49 0 0 -35 -200 -2
51 50 0 0 -21 -81 1
51 51 0 0 -27 -54 0
51 52 0 0 -25 50 0
51 53 0 0 -22 75 0
51 54 0 0 -30 187 -1
51 55 0 0 -29 224 -2
51 56 0 0 -13 372 14
51 57 0 0 -17 402 8
51 58 0 0 -49 602 22
51 59 0 0 -63 695 40
51 60 0 4 -167 1039 13
51 61 0 0 -368 1492 27
51 62 0 34 -1344 590 -52
51 63 0 97 -969 504 -9
51 64 0 218 0 0 0
51 65 0 483 0 0 0
51 66 0 990 0 0 0
51 67 0 1912 0 0 0
51 68 0 3431 0 0 0
51 69 0 5583 0 0 0
51 70 0 8076 0 0 0
51 71 0 10611 0 0 0
51 72 0 13588 0 0 0
51 73 0 17656 0 0 0
51 74 0 22500 0 0 0
51 75 0 26451 0 0 0
51 76 0 28124 0 0 0
51 77 0 27699 0 0 0
51 78 0 26078 0 0 0
51 79 0 23617 0 0 0
51 80 0 20348 0 0 0
51 81 0 16593 0 0 0
51 82 0 12906 0 0 0
51 83 0 9685 0 0 0
51 84 0 7068 0 0 0
51 85 0 5019 0 0 0
51 86 0 3419 0 0 0
51 87 0 2196 0 0 0
51 88 0 1295 0 0 0
51 89 0 688 0 0 0
51 90 0 323 0 0 0
51 91 0 132 0 0 0
51 92 0 43 0 0 0
51 93 0 13 0 0 0
51 94 0 0 0 0 0
51 95 0 0 -295 27 0
51 96 0 0 -297 -10 3
51 97 0 0 -334 8 1
52 2 0 0 -66 -5 12
52 3 0 0 -85 -62 0
52 4 0 0 -68 -87 2
52 5 0 0 -90 -146 10
52 6 0 0 -69 -181 6
52 7 0 0 -105 -238 12
52 8 0 0 -73 -280 5
52 9 0 0 -119 -337 11
52 10 0 0 -93 -385 5
52 11 0 0 -145 -451 8
52 12 0 0 -107 -510 0
52 13 0 0 -168 -577 6
52 14 0 0 -189 -685 6
52 15 0 0 -310 -974 -1
52 16 0 0 -561 -1178 -2
52 17 0 0 -982 -846 -10
52 18 0 0 -1022 -668 -23
52 19 0 0 -1039 -504 -2
52 21 0 0 -1037 -395 -6
52 22 0 0 -987 -303 0
52 30 0 0 -910 -190 0
52 32 0 0 -906 -194 0
52 35 0 0 -911 -211 0
52 40 0 0 -927 -332 -27
52 41 0 0 -878 -464 -38
52 42 0 0 -901 -572 -40
52 43 0 0 -784 -784 -29
52 44 0 0 -254 -603 -23
52 45 0 0 -211 -651 -24
52 46 0 0 -150 -476 -10
52 47 0 0 -111 -376 -7
52 48 0 0 -96 -279 -10
52 49 0 0 -80 -180 -9
52 50 0 0 -75 -116 -7
52 51 0 0 -72 -25 -7
52 52 0 0 -66 24 -7
52 53 0 0 -72 114 -7
52 54 0 0 -67 170 -9
52 55 0 0 -82 255 -9
52 56 0 0 -82 337 -5
52 57 0 0 -106 412 -11
52 58 0 0 -132 562 -13
52 59 0 0 -168 535 -17
52 60 0 0 -403 780 -19
52 61 0 8 -457 807 -17
52 62 0 23 -818 602 -30
52 63 0 71 -790 489 -19
52 64 0 167 0 0 0
52 65 0 409 0 0 0
52 66 0 925 0 0 0
52 67 0 1986 0 0 0
52 68 0 3968 -673 313 0
52 69 0 7070 0 0 0
52 70 0 10875 -624 291 0
52 71 0 14631 0 0 0
52 72 0 18409 -571 270 0
52 73 0 22868 0 0 0
52 74 0 27843 -524 252 0
52 75 0 31772 0 0 0
52 76 0 33353 -479 233 0
52 77 0 32810 0 0 0
52 78 0 31004 -440 212 0
52 79 0 28132 0 0 0
52 80 0 24121 0 0 0
52 81 0 19429 -404 190 0
52 82 0 14860 0 0 0
52 83 0 10940 -373 168 0
52 84 0 7816 0 0 0
52 85 0 5415 -347 145 0
52 86 0 3591 0 0 0
52 87 0 2247 -325 122 0
52 88 0 1294 0 0 0
52 89 0 674 -307 99 0
52 90 0 310 0 0 0
52 91 0 125 -294 76 0
52 92 0 39 0 0 0
52 93 0 12 -283 54 0
52 94 0 0 0 0 0
52 95 0 0 -275 32 0
52 96 0 0 -287 39 -6
52 97 0 0 -296 -2 27
53 2 0 0 -37 -3 -4
53 3 0 0 -39 -37 2
53 4 0 0 -42 -105 3
53 5 0 0 -44 -120 4
53 6 0 0 -45 -183 4
53 7 0 0 -59 -207 8
53 8 0 0 -51 -275 5
53 9 0 0 -70 -305 9
53 10 0 0 -63 -382 6
53 11 0 0 -85 -420 10
53 12 0 0 -68 -515 5
53 13 0 0 -73 -560 4
53 14 0 0 43 -747 -4
53 15 0 0 94 -906 -27
53 16 0 0 -1143 -1301 -65
53 17 0 0 -1246 -1179 -75
53 18 0 0 -1258 -716 -49
53 19 0 0 -1173 -431 -23
53 24 0 0 -958 -254 0
53 26 0 0 -933 -216 0
53 28 0 0 -918 -199 0
53 36 0 0 -918 -247 -3
53 38 0 0 -916 -299 -12
53 40 0 0 -858 -427 -22
53 41 0 0 -792 -456 -28
53 42 0 0 -766 -575 -28
53 43 0 0 -690 -592 -29
53 44 0 0 -500 -600 -27
53 45 0 0 -299 -476 -17
53 46 0 0 -279 -415 -10
53 47 0 0 -196 -308 -4
53 48 0 0 -195 -254 -8
53 49 0 0 -157 -155 -9
53 50 0 0 -153 -108 -8
53 51 0 0 -141 -18 -9
53 52 0 0 -136 25 -8
53 53 0 0 -146 113 -9
53 54 0 0 -135 162 -8
53 55 0 0 -170 247 -8
53 56 0 0 -152 304 -5
53 57 0 0 -218 389 -8
53 58 0 0 -207 463 -12
53 59 0 0 -357 565 -28
53 60 0 1 -405 639 -26
53 61 0 4 -628 669 -32
53 62 0 15 -663 593 -21
53 63 0 50 -721 541 -12
53 64 0 122 0 0 0
53 65 0 339 -753 416 -6
53 66 0 867 0 0 0
53 67 0 2118 -732 351 0
53 68 0 4758 0 0 0
53 69 0 9276 0 0 0
53 70 0 15183 0 0 0
53 71 0 21116 0 0 0
53 72 0 26387 0 0 0
53 73 0 31253 0 0 0
53 74 0 35652 0 0 0
53 75 0 38624 0 0 0
53 76 0 39431 0 0 0
53 77 0 38296 0 0 0
53 78 0 35836 0 0 0
53 79 0 32164 0 0 0
53 80 0 27296 0 0 0
53 81 0 21808 0 0 0
53 82 0 16550 0 0 0
53 83 0 12043 0 0 0
53 84 0 8434 0 0 0
53 85 0 5675 0 0 0
53 86 0 3633 0 0 0
53 87 0 2188 0 0 0
53 88 0 1217 0 0 0
53 89 0 612 0 0 0
53 90 0 274 0 0 0
53 91 0 108 0 0 0
53 92 0 33 0 0 0
53 93 0 10 0 0 0
53 94 0 0 0 0 0
53 96 0 0 -274 -7 2
53 97 0 0 -280 1 -9
54 2 0 0 -3 -18 0
54 3 0 0 -5 -53 0
54 4 0 0 -3 -117 0
54 5 0 0 -10 -148 -1
54 6 0 0 -7 -218 0
54 7 0 0 -11 -247 -1
54 8 0 0 -11 -328 0
54 9 0 0 -13 -364 -1
54 10 0 0 -13 -458 0
54 11 0 0 -14 -510 -1
54 12 0 0 -11 -617 0
54 13 0 0 -7 -677 0
54 14 0 0 8 -650 -5
54 15 0 0 213 -228 20
54 16 0 0 320 892 -161
54 17 0 0 -2073 -218 43
54 18 0 0 -1406 -450 -26
54 19 0 0 -1294 -388 -13
54 21 0 0 -1127 -301 -12
54 22 0 0 -1050 -236 0
54 28 0 0 -929 -182 0
54 30 0 0 -909 -178 0
54 32 0 0 -893 -186 0
54 34 0 0 -882 -206 0
54 45 0 0 -487 -429 -15
54 47 0 0 -355 -300 -10
54 49 0 0 -293 -178 -6
54 51 0 0 -259 -52 -4
54 52 0 0 -252 67 -5
54 54 0 0 -265 191 -6
54 56 0 0 -304 312 -8
54 58 0 0 -382 445 -14
54 60 0 0 0 0 0
54 61 0 2 0 0 0
54 62 0 10 0 0 0
54 63 0 35 0 0 0
54 64 0 91 0 0 0
54 65 0 291 0 0 0
54 66 0 846 0 0 0
54 67 0 2349 0 0 0
54 68 0 5831 -643 352 0
54 69 0 12264 0 0 0
54 70 0 21290 -603 336 0
54 71 0 30757 0 0 0
54 72 0 38556 -551 318 0
54 73 0 44036 0 0 0
54 74 0 47170 -504 298 0
54 75 0 47917 0 0 0
54 76 0 46504 -456 276 0
54 77 0 43447 0 0 0
54 78 0 39326 -415 250 0
54 79 0 34354 0 0 0
54 80 0 28675 0 0 0
54 81 0 22792 -379 224 0
54 82 0 17307 0 0 0
54 83 0 12561 -348 196 0
54 84 0 8681 0 0 0
54 85 0 5692 -322 169 0
54 86 0 3516 0 0 0
54 87 0 2030 -300 142 0
54 88 0 1080 0 0 0
54 89 0 519 -283 115 0
54 90 0 222 0 0 0
54 91 0 84 -269 88 0
54 92 0 24 0 0 0
54 93 0 7 -259 62 0
54 95 0 0 -251 38 0
54 96 0 0 -263 40 -6
54 97 0 0 -271 -2 28
55 17 0 0 -1550 -10 19
55 18 0 0 -1403 -207 -15
55 19 0 0 -1288 -221 0
55 24 0 0 -996 -219 0
55 26 0 0 -956 -189 0
55 36 0 0 -866 -236 0
55 38 0 0 -849 -295 -8
55 40 0 0 -812 -339 -11
55 42 0 0 -689 -433 -22
55 60 0 0 0 0 0
55 61 0 0 -523 516 -14
55 62 0 8 0 0 0
55 63 0 28 -649 471 -11
55 64 0 73 0 0 0
55 65 0 263 -685 423 -4
55 66 0 841 0 0 0
55 67 0 2577 -677 379 0
55 68 0 6914 0 0 0
55 69 0 15606 0 0 0
55 70 0 28624 0 0 0
55 71 0 42347 0 0 0
55 72 0 52574 0 0 0
55 73 0 58359 0 0 0
55 74 0 60363 0 0 0
55 75 0 58903 0 0 0
55 76 0 54343 0 0 0
55 77 0 47835 0 0 0
55 78 0 40896 0 0 0
55 79 0 34233 0 0 0
55 80 0 27917 0 0 0
55 81 0 22051 0 0 0
55 82 0 16786 0 0 0
55 83 0 12198 0 0 0
55 84 0 8369 0 0 0
55 85 0 5390 0 0 0
55 86 0 3239 0 0 0
55 87 0 1804 0 0 0
55 88 0 919 0 0 0
55 89 0 420 0 0 0
55 90 0 171 0 0 0
55 91 0 62 0 0 0
55 92 0 15 0 0 0
55 93 0 4 0 0 0
55 96 0 0 -249 -4 2
55 97 0 0 -253 1 -13
56 17 0 0 -1447 -6 20
56 18 0 0 -1295 -123 -11
56 19 0 0 -1258 -206 -1
56 28 0 0 -929 -153 0
56 30 0 0 -903 -155 0
56 32 0 0 -880 -168 0
56 34 0 0 -860 -185 0
56 42 0 0 -661 -321 -2
56 45 0 0 -531 -301 -1
56 47 0 0 -449 -226 -2
56 49 0 0 -392 -133 -2
56 51 0 0 -365 -34 -2
56 52 0 0 -356 65 -2
56 54 0 0 -368 166 -2
56 56 0 0 -402 264 -2
56 58 0 0 -457 358 -1
56 60 0 0 0 0 0
56 61 0 0 0 0 0
56 62 0 7 0 0 0
56 63 0 24 0 0 0
56 64 0 69 0 0 0
56 65 0 269 0 0 0
56 66 0 872 0 0 0
56 67 0 2742 0 0 0
56 68 0 7734 0 0 0
56 69 0 18685 0 0 0
56 70 0 35723 0 0 0
56 71 0 52544 0 0 0
56 72 0 63103 0 0 0
56 73 0 68504 0 0 0
56 74 0 71032 0 0 0
56 75 0 69529 0 0 0
56 76 0 62430 -432 321 0
56 77 0 51750 0 0 0
56 78 0 41263 -388 289 0
56 79 0 32687 0 0 0
56 80 0 25793 0 0 0
56 81 0 20064 -350 258 0
56 82 0 15182 0 0 0
56 83 0 10990 -319 225 0
56 84 0 7492 0 0 0
56 85 0 4771 -293 193 0
56 86 0 2820 0 0 0
56 87 0 1537 -272 161 0
56 88 0 761 0 0 0
56 89 0 335 -255 130 0
56 90 0 131 0 0 0
56 91 0 45 -242 100 0
56 92 0 10 0 0 0
56 93 0 2 -232 70 0
56 94 0 0 0 0 0
56 95 0 0 -224 42 0
56 96 0 0 -237 41 -6
56 97 0 0 -243 -1 28
57 17 0 0 -1352 0 2
57 18 0 0 -1236 -56 -13
57 19 0 0 -1243 -108 6
57 20 0 0 -1128 -168 -10
57 22 0 0 -1071 -154 2
57 24 0 0 -1006 -159 0
57 26 0 0 -965 -149 0
57 36 0 0 -833 -210 0
57 38 0 0 -804 -241 0
57 40 0 0 -735 -283 -3
57 60 0 0 0 0 0
57 61 0 0 -553 415 -2
57 62 0 5 0 0 0
57 63 0 27 -626 424 0
57 64 0 109 0 0 0
57 65 0 445 -659 407 0
57 66 0 1283 0 0 0
57 67 0 3388 -659 396 0
57 68 0 9034 -630 387 0
57 69 0 22247 0 0 0
57 70 0 42546 -590 382 0
57 71 0 60125 0 0 0
57 72 0 68979 -534 369 0
57 73 0 74168 0 0 0
57 74 0 78779 -482 347 0
57 75 0 78780 0 0 0
57 76 0 70126 0 0 0
57 77 0 55757 0 0 0
57 78 0 41836 0 0 0
57 79 0 31195 0 0 0
57 80 0 23458 0 0 0
57 81 0 17617 0 0 0
57 82 0 12988 0 0 0
57 83 0 9226 0 0 0
57 84 0 6206 0 0 0
57 85 0 3911 0 0 0
57 86 0 2296 0 0 0
57 87 0 1245 0 0 0
57 88 0 614 0 0 0
57 89 0 270 0 0 0
57 90 0 105 0 0 0
57 91 0 36 0 0 0
57 92 0 8 0 0 0
57 93 0 1 0 0 0
57 94 0 0 0 0 0
57 96 0 0 -219 -1 1
57 97 0 0 -223 1 -16
58 17 0 0 -1306 -1 3
58 18 0 0 -1192 -38 -1
58 19 0 0 -1207 -98 -1
58 26 0 0 -960 -111 0
58 28 0 0 -922 -122 0
58 30 0 0 -893 -129 0
58 32 0 0 -864 -143 0
58 34 0 0 -839 -160 0
58 36 0 0 -809 -180 1
58 38 0 0 -775 -206 0
58 40 0 0 -728 -223 3
58 43 0 0 -667 -235 1
58 45 0 0 -583 -215 1
58 47 0 0 -522 -160 0
58 49 0 0 -479 -93 0
58 51 0 0 -456 -16 0
58 53 0 0 -449 63 0
58 54 0 0 -461 147 0
58 56 0 0 -488 225 0
58 58 0 0 -532 302 0
58 60 0 0 -587 355 1
58 62 0 4 -639 381 1
58 63 0 44 0 0 0
58 64 0 268 -658 395 0
58 65 0 1137 0 0 0
58 66 0 2922 -659 407 0
58 67 0 5907 0 0 0
58 68 0 12933 0 0 0
58 69 0 29324 0 0 0
58 70 0 52897 0 0 0
58 71 0 70425 0 0 0
58 72 0 77843 0 0 0
58 73 0 83077 0 0 0
58 74 0 87302 0 0 0
58 75 0 85474 0 0 0
58 76 0 74653 0 0 0
58 77 0 58246 0 0 0
58 78 0 42374 -352 331 0
58 79 0 30126 0 0 0
58 80 0 21416 0 0 0
58 81 0 15208 -313 293 0
58 82 0 10654 0 0 0
58 83 0 7268 -282 254 0
58 84 0 4764 0 0 0
58 85 0 2970 -257 216 0
58 86 0 1754 0 0 0
58 87 0 975 -237 180 0
58 88 0 501 0 0 0
58 89 0 235 -221 145 0
58 90 0 100 0 0 0
58 91 0 38 -209 111 0
58 92 0 11 0 0 0
58 93 0 2 -200 78 0
58 94 0 0 0 0 0
58 96 0 0 -206 42 -6
58 97 0 0 -211 -1 28
59 17 0 0 -1279 1 3
59 18 0 0 -1177 -13 4
59 19 0 0 -1194 -46 0
59 20 0 0 -1104 -89 0
59 22 0 0 -1064 -99 0
59 24 0 0 -1001 -108 0
59 62 0 2 0 0 0
59 63 0 74 0 0 0
59 64 0 515 0 0 0
59 65 0 2207 0 0 0
59 66 0 5451 0 0 0
59 67 0 9707 0 0 0
59 68 0 18309 -629 421 0
59 69 0 38194 0 0 0
59 70 0 65844 -584 431 0
59 71 0 84937 0 0 0
59 72 0 92980 -515 425 0
59 73 0 98242 0 0 0
59 74 0 97427 -455 400 0
59 75 0 87634 0 0 0
59 76 0 72373 -397 369 0
59 77 0 55527 0 0 0
59 78 0 40200 0 0 0
59 79 0 28060 0 0 0
59 80 0 19184 0 0 0
59 81 0 12887 0 0 0
59 82 0 8461 0 0 0
59 83 0 5438 0 0 0
59 84 0 3432 0 0 0
59 85 0 2129 0 0 0
59 86 0 1304 0 0 0
59 87 0 785 0 0 0
59 88 0 454 0 0 0
59 89 0 246 0 0 0
59 90 0 121 0 0 0
59 91 0 53 0 0 0
59 92 0 19 0 0 0
59 93 0 6 0 0 0
59 94 0 1 0 0 0
59 95 0 0 -193 47 0
59 96 0 0 -186 2 0
59 97 0 0 -189 1 -18
60 17 0 0 -1233 4 -3
60 18 0 0 -1163 -6 6
60 19 0 0 -1171 -47 -3
60 20 0 0 -1094 -25 2
60 22 0 0 -1053 -47 0
60 24 0 0 -993 -58 0
60 26 0 0 -952 -68 0
60 28 0 0 -911 -85 0
60 30 0 0 -880 -98 0
60 32 0 0 -849 -114 0
60 34 0 0 -822 -130 0
60 36 0 0 -791 -147 0
60 39 0 0 -759 -162 0
60 41 0 0 -715 -173 0
60 43 0 0 -669 -175 0
60 45 0 0 -612 -158 0
60 47 0 0 -570 -118 0
60 49 0 0 -538 -67 0
60 51 0 0 -523 -5 0
60 53 0 0 -520 59 0
60 54 0 0 -532 128 0
60 56 0 0 -557 194 0
60 58 0 0 -590 259 0
60 60 0 0 -633 311 0
60 62 0 1 -669 353 0
60 63 0 80 0 0 0
60 64 0 573 -686 386 0
60 65 0 2453 0 0 0
60 66 0 6023 -686 424 0
60 67 0 10445 0 0 0
60 68 0 18863 0 0 0
60 69 0 39240 0 0 0
60 70 0 69259 0 0 0
60 71 0 90569 0 0 0
60 72 0 99805 0 0 0
60 73 0 105337 0 0 0
60 74 0 100184 0 0 0
60 75 0 82609 0 0 0
60 76 0 62640 0 0 0
60 77 0 46061 0 0 0
60 78 0 33276 0 0 0
60 79 0 23474 0 0 0
60 80 0 16009 0 0 0
60 81 0 10464 -275 327 -1
60 82 0 6521 0 0 0
60 83 0 3950 -244 281 -1
60 84 0 2407 0 0 0
60 85 0 1525 -220 238 -1
60 86 0 1029 0 0 0
60 87 0 721 -201 197 -1
60 88 0 493 0 0 0
60 89 0 312 -186 158 0
60 90 0 174 0 0 0
60 91 0 84 -175 120 0
60 92 0 33 0 0 0
60 93 0 11 0 0 0
60 94 0 3 0 0 0
60 96 0 0 -173 42 -6
60 97 0 0 -176 -1 26
61 17 0 0 -1265 2 6
61 18 0 0 -1155 4 12
61 19 0 0 -1163 -20 -9
61 62 0 0 0 0 0
61 63 0 51 0 0 0
61 64 0 356 0 0 0
61 65 0 1525 0 0 0
61 66 0 3923 0 0 0
61 67 0 7565 0 0 0
61 68 0 14826 -654 462 0
61 69 0 31575 0 0 0
61 70 0 57618 -593 494 -2
61 71 0 77629 0 0 0
61 72 0 85908 -505 493 0
61 73 0 90377 0 0 0
61 74 0 85255 -429 462 0
61 75 0 67347 0 0 0
61 76 0 47203 -364 423 -1
61 77 0 32471 0 0 0
61 78 0 23206 -314 373 -1
61 79 0 16900 0 0 0
61 80 0 11927 0 0 0
61 81 0 7890 0 0 0
61 82 0 4849 0 0 0
61 83 0 2866 0 0 0
61 84 0 1752 0 0 0
61 85 0 1201 0 0 0
61 86 0 944 0 0 0
61 87 0 778 0 0 0
61 88 0 607 0 0 0
61 89 0 421 0 0 0
61 90 0 248 0 0 0
61 91 0 124 0 0 0
61 92 0 51 0 0 0
61 93 0 17 -168 84 -1
61 94 0 5 0 0 0
61 95 0 0 -161 50 0
61 96 0 0 -151 5 0
61 97 0 0 -154 1 -17
62 17 0 0 -1202 0 -8
62 18 0 0 -1156 -2 7
62 19 0 0 -1150 -17 -11
62 20 0 0 -1077 26 3
62 22 0 0 -1038 6 -1
62 24 0 0 -972 -7 0
62 26 0 0 -934 -26 0
62 28 0 0 -892 -47 0
62 30 0 0 -862 -65 0
62 32 0 0 -832 -85 0
62 34 0 0 -806 -101 0
62 36 0 0 -777 -117 0
62 38 0 0 -748 -129 0
62 41 0 0 -714 -135 0
62 43 0 0 -680 -133 0
62 45 0 0 -641 -117 0
62 47 0 0 -611 -87 0
62 49 0 0 -589 -47 0
62 51 0 0 -580 1 0
62 53 0 0 -581 54 0
62 55 0 0 -595 111 0
62 57 0 0 -617 167 0
62 58 0 0 -648 225 0
62 61 0 0 -681 277 0
62 62 0 0 -715 328 1
62 63 0 21 0 0 0
62 64 0 134 -727 377 0
62 65 0 601 0 0 0
62 66 0 1909 -735 440 4
62 67 0 5131 0 0 0
62 68 0 11698 -697 507 4
62 69 0 22869 0 0 0
62 70 0 38985 -612 576 6
62 71 0 53177 0 0 0
62 72 0 59837 -478 586 9
62 73 0 62497 0 0 0
62 74 0 58281 -385 539 6
62 75 0 44848 0 0 0
62 76 0 29795 -304 481 5
62 77 0 19381 0 0 0
62 78 0 13753 -253 418 4
62 79 0 10483 0 0 0
62 80 0 7838 0 0 0
62 81 0 5421 -218 362 4
62 82 0 3437 0 0 0
62 83 0 2097 -191 309 3
62 84 0 1366 0 0 0
62 85 0 1056 -171 259 2
62 86 0 951 0 0 0
62 87 0 868 -155 213 2
62 88 0 722 0 0 0
62 89 0 520 -143 170 2
62 90 0 314 0 0 0
62 91 0 159 -134 129 2
62 92 0 66 0 0 0
62 93 0 23 -128 90 1
62 94 0 6 0 0 0
62 95 0 0 -123 56 1
62 96 0 0 -138 42 -6
62 97 0 0 -137 0 22
63 17 0 0 -1214 -16 -1
63 18 0 0 -1158 -9 3
63 19 0 0 -1151 21 -11
63 62 0 0 0 0 0
63 63 0 7 0 0 0
63 64 0 38 0 0 0
63 65 0 201 0 0 0
63 66 0 919 0 0 0
63 67 0 3353 0 0 0
63 68 0 8162 0 0 0
63 69 0 14151 0 0 0
63 70 0 21728 0 0 0
63 71 0 30336 0 0 0
63 72 0 35701 0 0 0
63 73 0 36545 0 0 0
63 74 0 32335 0 0 0
63 75 0 23914 0 0 0
63 76 0 15613 0 0 0
63 77 0 10065 0 0 0
63 78 0 7206 0 0 0
63 79 0 5758 0 0 0
63 80 0 4600 0 0 0
63 81 0 3401 0 0 0
63 82 0 2312 0 0 0
63 83 0 1529 0 0 0
63 84 0 1102 0 0 0
63 85 0 949 0 0 0
63 86 0 927 0 0 0
63 87 0 887 0 0 0
63 88 0 757 0 0 0
63 89 0 551 0 0 0
63 90 0 335 0 0 0
63 91 0 170 0 0 0
63 92 0 72 0 0 0
63 93 0 25 0 0 0
63 94 0 7 0 0 0
63 96 0 0 -111 11 0
63 97 0 0 -116 1 -13
64 17 0 0 -1060 -47 10
64 18 0 0 -1232 -4 -8
64 19 0 0 -1177 56 -11
64 21 0 0 -1120 104 3
64 22 0 0 -1025 59 -2
64 24 0 0 -958 47 0
64 26 0 0 -912 12 0
64 28 0 0 -872 -11 0
64 30 0 0 -842 -35 0
64 32 0 0 -814 -56 0
64 34 0 0 -789 -74 0
64 36 0 0 -764 -89 0
64 38 0 0 -740 -100 0
64 40 0 0 -712 -104 0
64 43 0 0 -687 -102 0
64 45 0 0 -660 -90 0
64 47 0 0 -640 -67 0
64 49 0 0 -627 -35 0
64 51 0 0 -624 2 0
64 53 0 0 -630 45 0
64 55 0 0 -646 93 0
64 57 0 0 -670 141 0
64 59 0 0 -701 194 0
64 61 0 0 -736 244 0
64 62 0 0 0 0 0
64 63 0 2 -773 304 0
64 64 0 9 -797 363 -2
64 65 0 61 0 0 0
64 66 0 348 -824 462 0
64 67 0 1415 0 0 0
64 68 0 3526 -792 556 -8
64 69 0 6108 0 0 0
64 70 0 10128 -675 718 2
64 71 0 15917 0 0 0
64 72 0 19075 -483 742 11
64 73 0 17751 0 0 0
64 74 0 14232 -336 616 2
64 75 0 10311 0 0 0
64 76 0 7039 -257 535 1
64 77 0 4728 0 0 0
64 78 0 3455 -206 451 0
64 79 0 2881 0 0 0
64 80 0 2469 0 0 0
64 81 0 1982 -173 385 0
64 82 0 1478 0 0 0
64 83 0 1081 -148 325 0
64 84 0 858 0 0 0
64 85 0 793 -131 271 0
64 86 0 803 0 0 0
64 87 0 782 -118 222 1
64 88 0 672 0 0 0
64 89 0 491 -108 177 1
64 90 0 299 0 0 0
64 91 0 152 -101 134 1
64 92 0 64 0 0 0
64 93 0 22 -96 93 1
64 94 0 6 0 0 0
64 95 0 0 -91 55 0
64 96 0 0 -100 39 -3
64 97 0 0 -96 0 16
65 17 0 0 -127 -344 35
65 18 0 0 -1389 -2 -41
65 19 0 0 -1199 97 -13
65 63 0 0 0 0 0
65 64 0 2 0 0 0
65 65 0 13 0 0 0
65 66 0 76 0 0 0
65 67 0 311 0 0 0
65 68 0 823 0 0 0
65 69 0 1770 0 0 0
65 70 0 4155 0 0 0
65 71 0 7710 0 0 0
65 72 0 8803 0 0 0
65 73 0 6850 0 0 0
65 74 0 4816 0 0 0
65 75 0 3609 0 0 0
65 76 0 2725 0 0 0
65 77 0 1964 0 0 0
65 78 0 1508 0 0 0
65 79 0 1341 0 0 0
65 80 0 1248 0 0 0
65 81 0 1096 0 0 0
65 82 0 897 0 0 0
65 83 0 715 0 0 0
65 84 0 605 0 0 0
65 85 0 579 0 0 0
65 86 0 593 0 0 0
65 87 0 579 0 0 0
65 88 0 498 0 0 0
65 89 0 364 0 0 0
65 90 0 222 0 0 0
65 91 0 113 0 0 0
65 92 0 47 0 0 0
65 93 0 16 0 0 0
65 94 0 4 0 0 0
65 96 0 0 -72 17 1
65 97 0 0 -74 2 -15
66 17 0 0 -764 -265 48
66 18 0 0 -1526 204 -41
66 19 0 0 -1284 257 -4
66 21 0 0 -1042 256 -5
66 24 0 0 -916 110 0
66 26 0 0 -876 62 0
66 28 0 0 -843 23 0
66 30 0 0 -817 -6 0
66 32 0 0 -793 -31 0
66 34 0 0 -772 -50 0
66 36 0 0 -752 -66 0
66 38 0 0 -732 -77 0
66 40 0 0 -712 -82 0
66 43 0 0 -694 -81 0
66 45 0 0 -676 -72 0
66 47 0 0 -665 -54 0
66 49 0 0 -658 -31 0
66 51 0 0 -661 0 0
66 53 0 0 -671 33 0
66 55 0 0 -690 72 0
66 57 0 0 -716 113 0
66 59 0 0 -750 159 0
66 61 0 0 -789 206 0
66 63 0 0 -836 268 1
66 64 0 0 -880 327 -2
66 65 0 1 0 0 0
66 66 0 9 -925 447 -2
66 67 0 34 0 0 0
66 68 0 109 -939 508 -5
66 69 0 384 -867 654 -7
66 70 0 1305 -796 779 23
66 71 0 2645 -691 937 17
66 72 0 2856 -460 981 12
66 73 0 1906 -329 856 14
66 74 0 1206 -235 759 2
66 75 0 983 -181 688 8
66 76 0 842 -165 633 10
66 77 0 680 -138 583 14
66 78 0 590 -131 536 11
66 79 0 588 -104 494 12
66 80 0 602 -112 457 10
66 81 0 575 -86 416 11
66 82 0 507 -98 385 8
66 83 0 428 -72 348 9
66 84 0 374 -91 325 6
66 85 0 360 -61 289 7
66 86 0 367 -81 269 6
66 87 0 357 -54 234 6
66 88 0 307 -74 217 6
66 89 0 224 -49 184 5
66 90 0 136 -68 168 6
66 91 0 69 -47 136 5
66 92 0 29 -62 122 6
66 93 0 10 -49 88 5
66 94 0 3 -57 77 5
66 95 0 0 -52 42 3
66 96 0 0 -61 36 0
66 97 0 0 -54 2 9
67 2 0 0 -13 4 1
67 3 0 0 -15 70 1
67 4 0 0 -7 79 5
67 5 0 0 -18 148 0
67 6 0 0 -8 160 6
67 7 0 0 -21 227 0
67 8 0 0 -9 253 8
67 9 0 0 -21 323 1
67 10 0 0 -11 363 9
67 11 0 0 -19 451 3
67 12 0 0 -13 500 8
67 13 0 0 -15 642 3
67 14 0 0 -24 719 8
67 15 0 0 -42 1033 15
67 16 0 0 -108 1244 20
67 17 0 0 -1101 1996 -26
67 18 0 0 -1064 793 -32
67 19 0 0 -1122 546 3
67 22 0 0 -971 179 -2
67 66 0 0 0 0 0
67 67 0 0 0 0 0
67 68 0 6 -1051 478 -20
67 69 0 55 -1045 664 -41
67 70 0 239 -1008 811 -12
67 71 0 500 -928 1222 -11
67 72 0 526 -414 1261 -20
67 73 0 330 -223 937 -1
67 74 0 213 -161 797 2
67 75 0 203 -119 715 4
67 76 0 204 -125 657 3
67 77 0 198 -95 599 6
67 78 0 210 -99 549 4
67 79 0 242 -73 508 5
67 80 0 273 -85 468 4
67 81 0 280 -61 428 5
67 82 0 260 -73 392 3
67 83 0 226 -51 358 4
67 84 0 199 -64 324 3
67 85 0 190 -43 292 3
67 86 0 191 -57 264 2
67 87 0 183 -37 234 3
67 88 0 157 -52 208 2
67 89 0 114 -34 182 3
67 90 0 69 -48 158 2
67 91 0 35 -31 130 3
67 92 0 15 -42 112 2
67 93 0 5 -29 85 2
67 94 0 1 -38 69 1
67 95 0 0 -32 41 0
67 96 0 0 -36 29 0
67 97 0 0 -35 3 -8
68 2 0 0 -35 10 -1
68 3 0 0 -52 52 1
68 4 0 0 -46 80 0
68 5 0 0 -55 123 0
68 6 0 0 -47 149 0
68 7 0 0 -64 192 -3
68 8 0 0 -55 231 -2
68 9 0 0 -76 277 -5
68 10 0 0 -69 326 -5
68 11 0 0 -95 377 -7
68 12 0 0 -102 453 -10
68 13 0 0 -143 519 -10
68 14 0 0 -182 643 -16
68 15 0 0 -282 720 -17
68 16 0 0 -448 957 -34
68 17 0 0 -842 831 -33
68 18 0 0 -832 526 -38
68 19 0 0 -851 422 -27
68 24 0 0 -848 144 1
68 26 0 0 -827 88 0
68 28 0 0 -806 47 0
68 30 0 0 -788 14 0
68 32 0 0 -770 -11 0
68 34 0 0 -754 -32 0
68 36 0 0 -738 -48 0
68 38 0 0 -723 -60 0
68 40 0 0 -709 -66 0
68 43 0 0 -697 -67 0
68 45 0 0 -687 -61 0
68 47 0 0 -681 -49 0
68 49 0 0 -681 -32 0
68 51 0 0 -688 -9 0
68 53 0 0 -703 16 0
68 55 0 0 -725 48 0
68 57 0 0 -756 80 0
68 59 0 0 -794 122 0
68 63 0 0 -898 222 0
68 64 0 0 -968 264 -2
68 66 0 0 -1041 379 -19
68 68 0 0 -1168 475 -16
68 69 0 4 -1211 628 -44
68 70 0 21 -1591 872 -63
68 71 0 44 -1762 1505 8
68 72 0 46 225 792 -85
68 73 0 30 250 737 -44
68 74 0 25 -4 754 7
68 75 0 32 -23 709 6
68 76 0 42 -29 639 4
68 77 0 54 -34 589 3
68 78 0 72 -24 533 3
68 79 0 94 -31 491 2
68 80 0 114 -19 438 2
68 81 0 122 -26 411 2
68 82 0 117 -16 359 1
68 83 0 104 -23 338 1
68 84 0 90 -13 294 1
68 85 0 84 -20 275 1
68 86 0 82 -11 238 1
68 87 0 78 -18 220 0
68 88 0 66 -9 187 1
68 89 0 48 -17 171 0
68 90 0 29 -9 141 0
68 91 0 15 -15 128 0
68 92 0 6 -8 98 1
68 93 0 2 -13 88 0
68 94 0 0 -7 57 1
68 95 0 0 -11 51 0
68 96 0 0 -8 18 1
68 97 0 0 -16 1 0
69 2 0 0 -72 23 4
69 3 0 0 -95 56 3
69 4 0 0 -76 76 -3
69 5 0 0 -90 125 -7
69 6 0 0 -79 147 -7
69 7 0 0 -107 200 -9
69 8 0 0 -86 228 -7
69 9 0 0 -123 283 -7
69 10 0 0 -109 315 -7
69 11 0 0 -162 378 -7
69 12 0 0 -149 416 -7
69 13 0 0 -228 490 -5
69 14 0 0 -238 532 -9
69 15 0 0 -388 613 -9
69 16 0 0 -404 624 -14
69 17 0 0 -720 655 -34
69 18 0 0 -716 530 -27
69 19 0 0 -813 488 -14
69 21 0 0 -877 312 -2
69 23 0 0 -875 222 -6
69 61 0 0 -842 159 -1
69 68 0 0 -1248 357 -8
69 69 0 0 -1365 475 -21
69 70 0 0 -1767 691 -17
69 71 0 0 -2274 1228 151
69 72 0 0 107 -1161 194
69 73 0 0 103 699 14
69 74 0 0 -3 874 -4
69 75 0 0 -9 830 0
69 76 0 0 -12 781 1
69 77 0 0 -11 669 -1
69 78 0 0 -11 639 0
69 79 0 0 -10 549 0
69 80 0 0 -12 534 0
69 81 0 0 -8 454 -1
69 82 0 0 -11 447 0
69 83 0 0 -7 375 0
69 84 0 0 -9 370 0
69 85 0 0 -6 308 0
69 86 0 0 -7 302 0
69 87 0 0 -6 249 0
69 88 0 0 -5 240 0
69 89 0 0 -6 192 0
69 90 0 0 -3 184 0
69 91 0 0 -7 142 -1
69 92 0 0 -1 131 0
69 93 0 0 -6 93 0
69 94 0 0 0 80 0
69 95 0 0 -5 47 0
69 96 0 0 0 32 0
69 97 0 0 -1 8 0
70 2 0 0 -124 25 1
70 3 0 0 -120 40 2
70 5 0 0 -139 99 3
70 7 0 0 -154 159 0
70 8 0 0 -177 231 -3
70 10 0 0 -217 309 -4
70 12 0 0 -282 389 -9
70 24 0 0 -785 155 0
70 26 0 0 -779 102 0
70 28 0 0 -769 61 0
70 30 0 0 -758 29 0
70 32 0 0 -746 2 0
70 34 0 0 -735 -19 0
70 36 0 0 -724 -36 0
70 38 0 0 -714 -48 0
70 41 0 0 -705 -56 0
70 43 0 0 -698 -59 0
70 45 0 0 -694 -57 0
70 47 0 0 -694 -50 0
70 49 0 0 -698 -38 0
70 51 0 0 -709 -22 0
70 53 0 0 -727 -3 0
70 55 0 0 -753 19 0
70 57 0 0 -787 43 0
70 59 0 0 -828 72 0
70 68 0 0 -1266 261 -7
70 69 0 0 -1345 250 -7
70 70 0 0 -1532 130 -7
70 71 0 0 -1677 19 0
71 2 0 0 -145 38 9
71 3 0 0 -169 66 7
71 14 0 0 -388 477 -12
71 16 0 0 -590 498 -17
71 19 0 0 -723 402 -11
71 21 0 0 -767 312 -9
71 23 0 0 -784 220 0
71 61 0 0 -883 100 0
71 63 0 0 -942 140 0
71 64 0 0 -1030 165 -3
71 66 0 0 -1108 231 -9
71 68 0 0 -1294 174 -3
71 69 0 0 -1350 166 -13
71 70 0 0 -1468 88 -1
71 71 0 0 -1532 7 0
72 2 0 0 -189 24 0
72 3 0 0 -198 26 3
72 5 0 0 -200 90 1
72 7 0 0 -214 143 0
72 8 0 0 -240 205 -1
72 10 0 0 -277 267 0
72 12 0 0 -336 322 -1
72 14 0 0 -413 376 0
72 24 0 0 -731 148 0
72 26 0 0 -735 104 0
72 28 0 0 -733 67 0
72 30 0 0 -728 36 0
72 32 0 0 -722 10 0
72 34 0 0 -716 -10 0
72 36 0 0 -709 -28 0
72 38 0 0 -703 -41 0
72 41 0 0 -699 -50 0
72 43 0 0 -696 -56 0
72 45 0 0 -696 -57 0
72 47 0 0 -700 -54 0
72 49 0 0 -709 -48 0
72 51 0 0 -724 -39 0
72 53 0 0 -744 -26 0
72 55 0 0 -772 -11 0
72 57 0 0 -809 4 0
72 59 0 0 -852 24 0
72 68 0 0 -1271 121 -1
72 69 0 0 -1304 81 -7
72 70 0 0 -1357 22 4
72 71 0 0 -1416 2 -2
73 2 0 0 -216 41 10
73 3 0 0 -239 63 7
73 17 0 0 -532 379 -1
73 19 0 0 -625 323 -4
73 21 0 0 -690 259 -1
73 23 0 0 -718 199 -1
73 61 0 0 -908 44 0
73 63 0 0 -968 69 0
73 64 0 0 -1050 85 -4
73 66 0 0 -1115 116 -1
73 68 0 0 -1271 67 -2
73 69 0 0 -1297 53 -13
73 70 0 0 -1350 18 8
73 71 0 0 -1381 -2 -3
74 2 0 0 -245 20 0
74 3 0 0 -258 15 6
74 5 0 0 -254 75 3
74 7 0 0 -271 120 2
74 8 0 0 -296 170 0
74 10 0 0 -333 216 1
74 12 0 0 -383 255 1
74 14 0 0 -446 285 1
74 16 0 0 -531 293 1
74 18 0 0 -597 265 3
74 20 0 0 -642 225 0
74 22 0 0 -671 179 1
74 24 0 0 -688 138 0
74 26 0 0 -697 100 0
74 28 0 0 -701 67 0
74 30 0 0 -701 39 0
74 32 0 0 -699 14 0
74 34 0 0 -697 -6 0
74 36 0 0 -694 -23 0
74 39 0 0 -692 -38 0
74 41 0 0 -691 -49 0
74 43 0 0 -692 -56 0
74 45 0 0 -695 -61 0
74 47 0 0 -702 -63 0
74 49 0 0 -714 -62 0
74 51 0 0 -731 -58 0
74 53 0 0 -755 -53 0
74 55 0 0 -785 -46 0
74 57 0 0 -823 -37 0
74 66 0 0 -1120 31 -1
74 68 0 0 -1252 48 -1
74 69 0 0 -1285 17 -3
74 70 0 0 -1296 -4 5
74 71 0 0 -1341 0 -3
75 2 0 0 -277 39 11
75 3 0 0 -295 59 7
75 59 0 0 -868 -25 0
75 61 0 0 -925 -14 0
75 63 0 0 -985 1 0
75 65 0 0 -1063 10 -1
75 68 0 0 -1255 19 3
75 69 0 0 -1277 4 -8
75 70 0 0 -1304 -4 7
75 71 0 0 -1331 -3 -5
76 2 0 0 -298 10 -2
76 3 0 0 -309 10 5
76 5 0 0 -299 64 1
76 7 0 0 -314 102 1
76 8 0 0 -337 143 0
76 10 0 0 -366 179 0
76 12 0 0 -408 208 0
76 14 0 0 -454 229 0
76 16 0 0 -513 231 0
76 18 0 0 -563 212 0
76 20 0 0 -605 185 0
76 22 0 0 -633 154 0
76 24 0 0 -652 122 0
76 26 0 0 -664 91 0
76 28 0 0 -671 63 0
76 68 0 0 -1250 1 2
76 69 0 0 -1286 -17 -4
76 70 0 0 -1272 -16 2
76 71 0 0 -1318 -3 -2
77 2 0 0 -332 29 10
77 3 0 0 -342 54 6
77 30 0 0 -675 37 0
77 32 0 0 -677 14 0
77 34 0 0 -677 -5 0
77 36 0 0 -678 -23 0
77 39 0 0 -679 -38 0
77 41 0 0 -680 -50 0
77 43 0 0 -684 -60 0
77 45 0 0 -690 -68 0
77 47 0 0 -700 -73 0
77 49 0 0 -714 -77 0
77 51 0 0 -732 -80 0
77 53 0 0 -757 -81 0
77 55 0 0 -789 -82 0
77 57 0 0 -829 -81 0
77 59 0 0 -875 -79 0
77 61 0 0 -933 -73 0
77 63 0 0 -995 -68 -1
77 65 0 0 -1073 -54 -2
77 66 0 0 -1133 -40 0
77 68 0 0 -1257 -29 8
77 69 0 0 -1278 -27 -9
77 70 0 0 -1292 -18 6
77 71 0 0 -1322 -6 -4
78 2 0 0 -339 9 -2
78 3 0 0 -355 4 3
78 5 0 0 -337 53 1
78 7 0 0 -352 85 1
78 8 0 0 -372 118 0
78 10 0 0 -398 145 0
78 12 0 0 -431 167 0
78 14 0 0 -469 182 0
78 16 0 0 -513 185 0
78 18 0 0 -551 174 0
78 20 0 0 -583 156 0
78 22 0 0 -607 132 0
78 24 0 0 -625 107 0
78 68 0 0 -1266 -52 3
78 69 0 0 -1315 -50 -5
78 70 0 0 -1277 -21 -2
78 71 0 0 -1328 -5 -1
79 2 0 0 -376 29 10
79 3 0 0 -380 50 5
79 26 0 0 -638 81 0
79 28 0 0 -647 56 0
79 30 0 0 -652 33 0
79 32 0 0 -656 11 0
79 34 0 0 -659 -7 0
79 37 0 0 -662 -25 0
79 39 0 0 -665 -40 0
79 41 0 0 -669 -54 0
79 43 0 0 -675 -66 0
79 45 0 0 -683 -77 0
79 47 0 0 -694 -86 0
79 49 0 0 -709 -94 0
79 51 0 0 -729 -102 0
79 53 0 0 -754 -109 0
79 55 0 0 -786 -117 0
79 57 0 0 -826 -124 0
79 59 0 0 -874 -133 0
79 61 0 0 -934 -138 0
79 63 0 0 -1002 -142 -2
79 64 0 0 -1083 -134 -1
79 66 0 0 -1161 -117 0
79 68 0 0 -1272 -85 7
79 69 0 0 -1323 -34 -16
79 70 0 0 -1299 -15 -1
79 71 0 0 -1328 -6 0
80 2 0 0 -374 8 -2
80 3 0 0 -394 -3 0
80 5 0 0 -368 44 0
80 7 0 0 -381 70 0
80 8 0 0 -397 97 0
80 10 0 0 -417 119 0
80 12 0 0 -444 136 0
80 14 0 0 -473 147 0
80 16 0 0 -505 149 0
80 18 0 0 -535 142 0
80 20 0 0 -562 129 0
80 68 0 0 -1312 -135 3
80 69 0 0 -1405 -60 -10
80 70 0 0 -1313 104 -14
80 71 0 0 -1215 29 34
81 2 0 0 -411 29 10
81 3 0 0 -412 46 5
81 22 0 0 -584 111 0
81 24 0 0 -601 91 0
81 26 0 0 -614 70 0
81 28 0 0 -624 48 0
81 30 0 0 -630 27 0
81 32 0 0 -636 7 0
81 35 0 0 -641 -11 0
81 37 0 0 -645 -29 0
81 39 0 0 -650 -45 0
81 41 0 0 -655 -60 0
81 43 0 0 -662 -74 0
81 45 0 0 -671 -87 0
81 47 0 0 -683 -100 0
81 49 0 0 -699 -112 0
81 51 0 0 -718 -125 0
81 53 0 0 -743 -138 0
81 55 0 0 -775 -153 0
81 57 0 0 -814 -168 0
81 59 0 0 -862 -186 0
81 61 0 0 -923 -203 0
81 63 0 0 -998 -223 -2
81 64 0 0 -1091 -228 -3
81 66 0 0 -1218 -223 0
81 68 0 0 -1354 -202 -3
81 69 0 0 -1517 -42 -7
81 70 0 0 -1374 268 -39
81 71 0 0 -901 118 52
82 2 0 0 -403 9 -2
82 3 0 0 -425 -8 -1
82 5 0 0 -395 37 0
82 7 0 0 -407 58 0
82 8 0 0 -421 81 0
82 10 0 0 -438 99 0
82 12 0 0 -460 112 0
82 14 0 0 -483 120 0
82 16 0 0 -508 122 0
82 68 0 0 -1508 -330 3
82 69 0 0 -1744 -213 4
82 70 0 0 -2044 20 20
82 71 0 0 1226 115 -220
83 2 0 0 -441 30 11
83 3 0 0 -439 43 5
83 18 0 0 -532 117 0
83 20 0 0 -553 107 0
83 22 0 0 -570 93 0
83 24 0 0 -585 76 0
83 26 0 0 -596 58 0
83 28 0 0 -605 39 0
83 30 0 0 -611 20 0
83 33 0 0 -618 1 -1
83 35 0 0 -623 -16 -1
83 37 0 0 -629 -34 0
83 39 0 0 -635 -51 0
83 41 0 0 -642 -67 0
83 43 0 0 -649 -82 0
83 45 0 0 -659 -98 0
83 47 0 0 -671 -113 0
83 49 0 0 -686 -129 0
83 51 0 0 -705 -146 0
83 53 0 0 -728 -165 0
83 55 0 0 -757 -187 0
83 57 0 0 -794 -210 0
83 59 0 0 -839 -240 -1
83 61 0 0 -898 -272 0
83 63 0 0 -973 -312 -3
83 64 0 0 -1069 -364 -4
83 66 0 0 -1229 -402 -28
83 68 0 0 -1393 -635 5
83 69 0 0 -1542 -856 -50
83 70 0 0 -2007 -2430 -22
83 71 0 0 -1353 -2411 9
83 72 0 0 -40 -1725 1
83 73 0 0 -26 -1450 1
83 74 0 0 -11 -1212 0
83 75 0 0 -11 -1126 -3
83 76 0 0 -8 -986 0
83 77 0 0 -8 -942 -5
83 78 0 0 -7 -836 0
83 79 0 0 -7 -801 -5
83 80 0 0 -6 -719 0
83 81 0 0 -7 -682 -6
83 82 0 0 -5 -618 0
83 83 0 0 -7 -575 -6
83 84 0 0 -5 -524 -1
83 85 0 0 -5 -478 -6
83 86 0 0 -4 -438 -1
83 87 0 0 -4 -388 -6
83 88 0 0 -3 -354 -1
83 89 0 0 -3 -304 -5
83 90 0 0 -1 -273 0
83 91 0 0 -2 -227 -3
83 92 0 0 0 -193 -1
83 93 0 0 -2 -153 -3
83 94 0 0 -1 -116 0
83 95 0 0 -4 -81 1
83 96 0 0 -2 -42 0
83 97 0 0 -12 -5 0
84 2 0 0 -426 9 -3
84 3 0 0 -448 -11 -1
84 68 0 0 -1111 -747 -23
84 69 0 0 -1202 -932 -35
84 70 0 0 -1108 -1302 -24
84 71 0 0 -1130 -2616 1
84 72 0 0 -347 -1401 -16
84 73 0 0 -320 -1319 -21
84 74 0 0 -143 -1141 -7
84 75 0 0 -148 -1092 -14
84 76 0 0 -77 -950 -2
84 77 0 0 -88 -927 -7
84 78 0 0 -53 -802 -2
84 79 0 0 -61 -798 -4
84 80 0 0 -40 -686 -1
84 81 0 0 -45 -688 -1
84 82 0 0 -38 -584 -1
84 83 0 0 -39 -589 0
84 84 0 0 -39 -490 -2
84 85 0 0 -40 -497 1
84 86 0 0 -38 -403 -4
84 87 0 0 -41 -410 1
84 88 0 0 -33 -321 -2
84 89 0 0 -35 -329 0
84 90 0 0 -35 -246 -2
84 91 0 0 -35 -248 -3
84 92 0 0 -40 -175 -4
84 93 0 0 -38 -169 -6
84 94 0 0 -44 -102 -5
84 95 0 0 -44 -96 -7
84 96 0 0 -43 -33 -2
84 97 0 0 -38 -4 2
85 2 0 0 -464 29 10
85 3 0 0 -461 41 4
85 5 0 0 -413 29 0
85 7 0 0 -427 47 0
85 8 0 0 -438 65 0
85 10 0 0 -447 80 0
85 12 0 0 -464 91 0
85 14 0 0 -482 99 0
85 16 0 0 -501 101 0
85 18 0 0 -520 97 0
85 20 0 0 -537 90 -1
85 22 0 0 -552 78 -1
85 24 0 0 -565 64 -1
85 26 0 0 -575 48 -2
85 28 0 0 -585 31 -2
85 31 0 0 -591 14 -3
85 33 0 0 -598 -3 -3
85 35 0 0 -604 -21 -3
85 37 0 0 -610 -39 -3
85 39 0 0 -616 -57 -4
85 41 0 0 -624 -74 -3
85 43 0 0 -632 -90 -3
85 45 0 0 -641 -108 -3
85 47 0 0 -652 -127 -3
85 49 0 0 -666 -146 -3
85 51 0 0 -684 -167 -3
85 53 0 0 -704 -190 -3
85 55 0 0 -730 -218 -2
85 57 0 0 -762 -249 -2
85 59 0 0 -800 -289 -2
85 61 0 0 -848 -336 0
85 63 0 0 -906 -402 -1
85 64 0 0 -970 -489 0
85 66 0 0 -1022 -627 -7
85 68 0 0 -1021 -824 -25
85 69 0 0 -967 -930 -52
85 70 0 0 -913 -1125 -70
85 71 0 0 -802 -1236 -30
85 72 0 0 -540 -1237 -21
85 73 0 0 -327 -1154 -30
85 74 0 0 -293 -1052 -17
85 75 0 0 -163 -990 -26
85 76 0 0 -198 -895 -20
85 77 0 0 -104 -840 -24
85 78 0 0 -149 -757 -18
85 79 0 0 -67 -735 -19
85 80 0 0 -130 -659 -17
85 81 0 0 -51 -638 -17
85 82 0 0 -120 -571 -15
85 83 0 0 -42 -547 -14
85 84 0 0 -114 -489 -13
85 85 0 0 -38 -465 -11
85 86 0 0 -110 -411 -13
85 87 0 0 -35 -385 -12
85 88 0 0 -107 -336 -13
85 89 0 0 -36 -308 -11
85 90 0 0 -103 -264 -11
85 91 0 0 -42 -230 -8
85 92 0 0 -99 -193 -11
85 93 0 0 -52 -153 -7
85 94 0 0 -90 -125 -9
85 95 0 0 -59 -74 -4
85 96 0 0 -81 -53 -1
85 97 0 0 -63 -9 0
86 2 0 0 -449 11 -2
86 3 0 0 -468 -14 -2
86 72 0 0 -499 -1033 -27
86 74 0 0 -329 -921 -15
86 76 0 0 -250 -833 -10
86 78 0 0 -200 -729 -5
86 80 0 0 -173 -644 -4
86 83 0 0 -157 -557 -4
86 85 0 0 -147 -479 -3
86 87 0 0 -141 -402 -3
86 89 0 0 -136 -327 -3
86 91 0 0 -133 -255 -5
86 93 0 0 -131 -178 -3
86 95 0 0 -127 -113 -1
86 96 0 0 -98 -44 1
86 97 0 0 -108 -7 18
87 2 0 0 -488 31 10
87 3 0 0 -479 38 4
87 5 0 0 -436 29 0
87 7 0 0 -447 41 0
87 8 0 0 -458 57 0
87 10 0 0 -468 69 0
87 12 0 0 -482 77 1
87 14 0 0 -496 83 0
87 16 0 0 -511 83 0
87 18 0 0 -526 80 0
87 20 0 0 -538 73 0
87 22 0 0 -548 63 0
87 24 0 0 -558 50 0
87 26 0 0 -564 36 0
87 29 0 0 -574 21 0
87 31 0 0 -573 4 0
87 33 0 0 -583 -12 0
87 35 0 0 -584 -29 0
87 37 0 0 -592 -46 0
87 39 0 0 -596 -63 0
87 41 0 0 -607 -81 0
87 43 0 0 -613 -99 0
87 45 0 0 -620 -117 0
87 47 0 0 -631 -138 -1
87 49 0 0 -644 -160 -1
87 51 0 0 -659 -184 -2
87 53 0 0 -677 -212 -2
87 55 0 0 -700 -243 -2
87 57 0 0 -725 -279 -3
87 59 0 0 -755 -324 -3
87 61 0 0 -791 -377 -2
87 63 0 0 -825 -447 -4
87 64 0 0 -859 -537 -1
87 66 0 0 -887 -660 -13
87 68 0 0 -891 -794 -26
87 70 0 0 -754 -997 -38
87 96 0 0 -158 -70 6
87 97 0 0 -137 -12 7
88 2 0 0 -464 11 -2
88 3 0 0 -485 -16 -2
88 72 0 0 -481 -901 -1
88 74 0 0 -384 -845 -2
88 76 0 0 -312 -780 -1
88 78 0 0 -268 -702 -2
88 80 0 0 -238 -624 -1
88 83 0 0 -219 -548 -1
88 85 0 0 -208 -472 -1
88 87 0 0 -200 -397 -1
88 89 0 0 -197 -322 0
88 91 0 0 -197 -248 0
88 93 0 0 -198 -171 0
88 95 0 0 -196 -104 1
88 96 0 0 -180 -31 2
88 97 0 0 -191 -9 22
89 2 0 0 -502 27 10
89 3 0 0 -493 36 3
89 5 0 0 -446 18 0
89 7 0 0 -456 30 1
89 8 0 0 -465 45 0
89 10 0 0 -468 55 0
89 12 0 0 -480 62 0
89 14 0 0 -488 67 0
89 16 0 0 -497 68 0
89 18 0 0 -508 66 0
89 20 0 0 -517 61 0
89 22 0 0 -526 52 0
89 24 0 0 -535 41 0
89 27 0 0 -542 29 0
89 29 0 0 -548 14 1
89 31 0 0 -552 0 0
89 33 0 0 -561 -17 1
89 35 0 0 -565 -33 0
89 37 0 0 -572 -50 1
89 39 0 0 -576 -67 0
89 41 0 0 -583 -87 0
89 43 0 0 -591 -105 -1
89 45 0 0 -598 -124 0
89 47 0 0 -606 -147 -1
89 49 0 0 -617 -169 -2
89 51 0 0 -629 -197 -3
89 53 0 0 -644 -227 -5
89 55 0 0 -661 -263 -6
89 57 0 0 -679 -301 -8
89 59 0 0 -699 -350 -8
89 61 0 0 -722 -402 -9
89 63 0 0 -742 -471 -10
89 64 0 0 -750 -545 -6
89 66 0 0 -754 -641 -9
89 68 0 0 -706 -749 -6
89 70 0 0 -641 -862 -7
89 96 0 0 -224 -65 7
89 97 0 0 -218 -7 0
90 2 0 0 -481 6 -3
90 3 0 0 -496 -20 -4
90 72 0 0 -528 -789 -1
90 74 0 0 -451 -755 -4
90 76 0 0 -400 -721 -4
90 78 0 0 -360 -660 -6
90 81 0 0 -333 -600 -5
90 83 0 0 -315 -532 -6
90 85 0 0 -303 -464 -5
90 87 0 0 -295 -394 -5
90 89 0 0 -290 -325 -4
90 91 0 0 -286 -253 -5
90 93 0 0 -282 -178 -2
90 95 0 0 -273 -116 -3
90 96 0 0 -254 -27 3
90 97 0 0 -269 -6 25
91 2 0 0 -519 28 10
91 3 0 0 -499 31 1
91 5 0 0 -470 25 -4
91 7 0 0 -482 34 0
91 8 0 0 -489 46 0
91 10 0 0 -491 50 0
91 12 0 0 -500 56 1
91 14 0 0 -509 58 0
91 16 0 0 -517 59 1
91 18 0 0 -524 56 1
91 20 0 0 -532 52 2
91 22 0 0 -534 43 1
91 25 0 0 -542 33 2
91 27 0 0 -544 21 1
91 29 0 0 -551 8 2
91 31 0 0 -547 -6 2
91 33 0 0 -558 -23 2
91 35 0 0 -561 -39 0
91 37 0 0 -567 -57 0
91 39 0 0 -567 -74 1
91 41 0 0 -575 -94 0
91 43 0 0 -582 -113 -1
91 45 0 0 -583 -133 0
91 47 0 0 -590 -156 0
91 49 0 0 -594 -181 0
91 51 0 0 -602 -209 0
91 53 0 0 -613 -241 1
91 55 0 0 -624 -276 0
91 57 0 0 -639 -317 1
91 59 0 0 -646 -362 0
91 61 0 0 -672 -417 0
91 63 0 0 -670 -475 0
91 64 0 0 -696 -547 -3
91 66 0 0 -672 -617 0
91 68 0 0 -676 -701 0
91 70 0 0 -597 -754 1
91 96 0 0 -303 -68 9
91 97 0 0 -298 -5 3
92 2 0 0 -481 0 -10
92 3 0 0 -501 -33 -9
92 76 0 0 -410 -680 11
92 79 0 0 -387 -633 10
92 81 0 0 -368 -576 10
92 83 0 0 -356 -514 9
92 85 0 0 -349 -447 9
92 87 0 0 -343 -379 9
92 89 0 0 -343 -309 9
92 91 0 0 -346 -238 4
92 93 0 0 -343 -165 3
92 96 0 0 -333 -8 3
92 97 0 0 -343 -5 18
93 2 0 0 -515 23 4
93 3 0 0 -501 35 -5
93 5 0 0 -464 8 3
93 7 0 0 -483 22 12
93 8 0 0 -488 31 13
93 10 0 0 -489 39 14
93 12 0 0 -502 43 14
93 14 0 0 -503 50 7
93 16 0 0 -512 50 12
93 18 0 0 -513 49 7
93 20 0 0 -521 44 14
93 23 0 0 -519 38 8
93 25 0 0 -529 28 15
93 27 0 0 -526 17 11
93 29 0 0 -535 4 16
93 31 0 0 -526 -9 14
93 33 0 0 -540 -26 20
93 35 0 0 -538 -41 7
93 37 0 0 -545 -58 12
93 39 0 0 -545 -74 15
93 41 0 0 -549 -97 16
93 43 0 0 -549 -116 4
93 45 0 0 -555 -140 12
93 47 0 0 -556 -162 3
93 49 0 0 -565 -191 14
93 51 0 0 -566 -218 5
93 53 0 0 -578 -253 16
93 55 0 0 -579 -287 5
93 57 0 0 -595 -330 21
93 59 0 0 -592 -373 7
93 61 0 0 -610 -427 21
93 63 0 0 -602 -478 7
93 65 0 0 -612 -541 17
93 67 0 0 -590 -595 8
93 68 0 0 -580 -658 16
93 70 0 0 -548 -708 18
93 72 0 0 -488 -723 13
93 74 0 0 -449 -713 13
93 95 0 0 -333 -95 7
93 96 0 0 -374 -65 12
93 97 0 0 -369 -9 13
94 2 0 0 -471 32 -25
94 3 0 0 -517 -8 -4
94 96 0 0 -410 -28 10
94 97 0 0 -409 -2 12
95 2 0 0 -486 54 -11
95 3 0 0 -521 40 19
95 5 0 0 -518 53 -14
95 7 0 0 -528 48 -10
95 8 0 0 -527 51 2
95 10 0 0 -527 48 13
95 12 0 0 -530 51 18
95 14 0 0 -534 50 22
95 16 0 0 -535 52 21
95 19 0 0 -542 48 25
95 21 0 0 -541 45 17
95 23 0 0 -547 37 25
95 25 0 0 -547 28 22
95 27 0 0 -552 16 27
95 29 0 0 -551 2 23
95 31 0 0 -557 -12 22
95 33 0 0 -558 -30 6
95 35 0 0 -562 -46 17
95 37 0 0 -563 -64 10
95 39 0 0 -558 -83 9
95 41 0 0 -555 -104 0
95 43 0 0 -560 -124 4
95 45 0 0 -552 -150 0
95 47 0 0 -560 -172 4
95 49 0 0 -557 -201 2
95 51 0 0 -562 -229 4
95 53 0 0 -567 -262 4
95 55 0 0 -568 -298 5
95 57 0 0 -578 -338 7
95 59 0 0 -575 -384 8
95 61 0 0 -589 -431 6
95 63 0 0 -584 -485 8
95 65 0 0 -595 -538 5
95 67 0 0 -584 -592 6
95 69 0 0 -582 -636 2
95 71 0 0 -561 -674 1
95 73 0 0 -539 -687 0
95 75 0 0 -513 -677 1
95 77 0 0 -495 -652 0
95 79 0 0 -479 -610 0
95 81 0 0 -467 -560 0
95 83 0 0 -458 -502 0
95 85 0 0 -451 -441 1
95 87 0 0 -445 -377 0
95 89 0 0 -441 -310 0
95 91 0 0 -437 -246 0
95 93 0 0 -435 -184 -3
95 95 0 0 -428 -128 -6
95 96 0 0 -469 -89 31
95 97 0 0 -458 -10 15
96 2 0 0 -454 -9 52
96 3 0 0 -523 -37 6
96 4 0 0 -502 27 19
96 5 0 0 -510 -9 29
96 6 0 0 -523 39 15
96 7 0 0 -521 6 28
96 8 0 0 -529 41 28
96 9 0 0 -534 12 18
96 10 0 0 -538 50 25
96 11 0 0 -533 18 8
96 12 0 0 -539 66 14
96 13 0 0 -544 25 16
96 14 0 0 -547 65 18
96 15 0 0 -542 27 10
96 16 0 0 -548 68 18
96 17 0 0 -543 26 11
96 18 0 0 -550 67 17
96 19 0 0 -543 21 9
96 20 0 0 -546 64 16
96 21 0 0 -544 15 15
96 22 0 0 -540 58 5
96 23 0 0 -550 15 26
96 24 0 0 -541 51 17
96 25 0 0 -554 7 27
96 26 0 0 -546 43 21
96 27 0 0 -557 -5 33
96 28 0 0 -553 22 28
96 29 0 0 -550 -20 29
96 30 0 0 -546 5 27
96 31 0 0 -540 -37 23
96 32 0 0 -549 -7 33
96 33 0 0 -542 -55 9
96 34 0 0 -547 -14 14
96 35 0 0 -559 -69 22
96 36 0 0 -546 -35 15
96 37 0 0 -549 -84 19
96 38 0 0 -543 -51 18
96 39 0 0 -549 -104 27
96 40 0 0 -535 -75 21
96 41 0 0 -547 -124 28
96 42 0 0 -536 -99 20
96 43 0 0 -547 -150 25
96 44 0 0 -530 -125 19
96 45 0 0 -545 -173 25
96 46 0 0 -530 -148 19
96 47 0 0 -548 -201 24
96 48 0 0 -528 -178 18
96 49 0 0 -548 -227 23
96 50 0 0 -527 -207 18
96 51 0 0 -549 -257 23
96 52 0 0 -526 -241 18
96 53 0 0 -551 -291 22
96 54 0 0 -524 -278 18
96 55 0 0 -549 -325 22
96 56 0 0 -525 -316 18
96 57 0 0 -555 -367 22
96 58 0 0 -520 -361 18
96 59 0 0 -551 -406 22
96 60 0 0 -521 -405 18
96 61 0 0 -559 -457 21
96 62 0 0 -515 -456 17
96 63 0 0 -553 -501 21
96 64 0 0 -513 -503 17
96 65 0 0 -559 -553 21
96 66 0 0 -506 -553 17
96 67 0 0 -549 -595 20
96 68 0 0 -501 -593 17
96 69 0 0 -547 -634 20
96 70 0 0 -490 -623 15
96 71 0 0 -543 -660 20
96 72 0 0 -479 -640 14
96 73 0 0 -528 -661 19
96 74 0 0 -469 -633 14
96 75 0 0 -525 -649 18
96 76 0 0 -461 -612 13
96 77 0 0 -515 -618 17
96 78 0 0 -454 -576 13
96 79 0 0 -514 -581 18
96 80 0 0 -450 -534 13
96 81 0 0 -509 -531 18
96 82 0 0 -449 -483 13
96 83 0 0 -508 -478 19
96 84 0 0 -451 -431 13
96 85 0 0 -503 -418 19
96 86 0 0 -454 -372 14
96 87 0 0 -498 -354 20
96 88 0 0 -461 -309 15
96 89 0 0 -490 -289 21
96 90 0 0 -466 -241 16
96 91 0 0 -485 -224 23
96 92 0 0 -469 -171 16
96 93 0 0 -471 -155 25
96 94 0 0 -456 -100 17
96 95 0 0 -479 -82 12
96 96 0 0 -517 -24 0
96 97 0 0 -414 35 36
97 2 0 0 -491 -8 -2
97 3 0 0 -473 -1 -43
97 4 0 0 -463 -4 14
97 5 0 0 -459 0 4
97 6 0 0 -455 -3 -8
97 7 0 0 -450 7 57
97 8 0 0 -461 4 -28
97 9 0 0 -456 2 43
97 10 0 0 -465 0 -25
97 11 0 0 -470 -3 17
97 12 0 0 -467 -4 -2
97 13 0 0 -478 -5 13
97 14 0 0 -464 -7 -3
97 15 0 0 -477 -5 13
97 16 0 0 -463 -6 -2
97 17 0 0 -477 -5 13
97 18 0 0 -462 -6 -3
97 19 0 0 -477 -4 13
97 20 0 0 -464 -2 -5
97 21 0 0 -473 -9 22
97 22 0 0 -461 -1 -27
97 23 0 0 -459 4 37
97 24 0 0 -463 1 -30
97 25 0 0 -451 12 57
97 26 0 0 -455 0 -18
97 27 0 0 -453 11 50
97 28 0 0 -466 -5 15
97 29 0 0 -452 -2 -1
97 30 0 0 -448 -11 62
97 31 0 0 -457 0 -24
97 32 0 0 -451 -11 59
97 33 0 0 -462 -1 -32
97 34 0 0 -470 7 25
97 35 0 0 -466 2 -10
97 36 0 0 -477 3 10
97 37 0 0 -466 9 -10
97 38 0 0 -477 5 16
97 39 0 0 -468 9 -9
97 40 0 0 -468 4 3
97 41 0 0 -479 -4 -18
97 42 0 0 -461 0 0
97 43 0 0 -481 -7 -15
97 44 0 0 -467 -3 -1
97 45 0 0 -483 -10 -15
97 46 0 0 -470 -5 -1
97 47 0 0 -484 -12 -16
97 48 0 0 -472 -7 -2
97 49 0 0 -484 -14 -17
97 50 0 0 -474 -10 -2
97 51 0 0 -484 -15 -17
97 52 0 0 -475 -13 -2
97 53 0 0 -482 -12 -9
97 54 0 0 -475 -17 -2
97 55 0 0 -483 -18 -14
97 56 0 0 -476 -20 -2
97 57 0 0 -483 -21 -14
97 58 0 0 -477 -24 -2
97 59 0 0 -482 -25 -14
97 60 0 0 -477 -27 -3
97 61 0 0 -481 -28 -14
97 62 0 0 -478 -32 -3
97 63 0 0 -480 -33 -14
97 64 0 0 -478 -36 -3
97 65 0 0 -480 -38 -13
97 66 0 0 -478 -41 -4
97 67 0 0 -478 -44 -13
97 68 0 0 -478 -45 -4
97 69 0 0 -478 -49 -12
97 70 0 0 -478 -49 -4
97 71 0 0 -477 -53 -11
97 72 0 0 -478 -52 -4
97 73 0 0 -477 -56 -11
97 74 0 0 -479 -51 -4
97 75 0 0 -478 -55 -11
97 76 0 0 -479 -50 -4
97 77 0 0 -478 -53 -11
97 78 0 0 -479 -47 -4
97 79 0 0 -479 -48 -12
97 80 0 0 -479 -43 -4
97 81 0 0 -479 -43 -12
97 82 0 0 -479 -38 -4
97 83 0 0 -481 -37 -13
97 84 0 0 -479 -33 -4
97 85 0 0 -482 -31 -13
97 86 0 0 -479 -28 -4
97 87 0 0 -484 -25 -14
97 88 0 0 -478 -22 -3
97 89 0 0 -485 -19 -14
97 90 0 0 -477 -15 -2
97 91 0 0 -486 -13 -14
97 92 0 0 -476 -9 -3
97 93 0 0 -485 -8 -15
97 94 0 0 -476 -1 -2
97 95 0 0 -474 -6 -7
97 96 0 0 -474 0 -38
97 97 0 0 -506 11 -39
