env_min(m) 0.0000 0.0000 0.0000
env_max(m) 10.0000 10.0000 3.0000
NumCells_XYZ 100 100 30
CellSizes_XYZ[m] 0.1000 0.1000 0.1000
GasSourceLocation_XYZ[m] 8.0714 9.2143 0.5000
GasType ethanol
Cell_x	 Cell_y	 Cell_z	 Gas_conc[10^⁻3ppm]	 Wind_u[10^⁻3m/s]	 Wind_v[10^⁻3m/s]	 Wind_w[10^⁻3m/s]
2 2 0 0 -250 -2 -4
2 3 0 0 -264 0 0
2 4 0 0 -246 11 -11
2 5 0 0 -252 -6 -15
2 6 0 0 -238 11 -13
2 7 0 0 -242 -13 -17
2 8 0 0 -245 9 -12
2 9 0 0 -238 -12 -9
2 10 0 0 -250 12 -17
2 11 0 0 -238 -11 -8
2 12 0 0 -258 13 -18
2 13 0 0 -242 -10 -7
2 14 0 0 -264 13 -18
2 15 0 0 -247 -10 -7
2 16 0 0 -271 13 -19
2 17 0 0 -253 -11 -7
2 18 0 0 -278 13 -19
2 19 0 0 -259 -11 -6
2 20 0 0 -285 13 -19
2 21 0 0 -267 -11 -6
2 22 0 0 -293 13 -20
2 23 0 0 -274 -11 -6
2 24 0 0 -302 13 -20
2 25 0 0 -282 -11 -6
2 26 0 0 -310 13 -20
2 27 0 0 -291 -11 -6
2 28 0 0 -319 13 -20
2 29 0 0 -299 -11 -5
2 30 0 0 -328 13 -21
2 31 0 0 -308 -11 -5
2 32 0 0 -336 14 -21
2 33 0 0 -316 -11 -5
2 34 0 0 -345 14 -21
2 35 0 0 -324 -11 -5
2 36 0 0 -352 15 -21
2 37 0 0 -332 -10 -5
2 38 0 0 -359 15 -21
2 39 0 0 -339 -10 -5
2 40 0 0 -366 16 -21
2 41 0 0 -345 -10 -5
2 42 0 0 -371 16 -21
2 43 0 0 -351 -9 -5
2 44 0 0 -376 17 -21
2 45 0 0 -357 -9 -6
2 46 0 0 -381 18 -21
2 47 0 0 -361 -9 -6
2 48 0 0 -384 18 -21
2 49 0 0 -389 -2 22
2 50 0 0 -406 0 16
2 51 0 0 -369 -9 -7
2 52 0 0 -388 20 -19
2 53 0 0 -376 -11 -11
2 54 0 0 -387 21 -19
2 55 0 0 -378 -11 -14
2 56 0 0 -379 12 -14
2 57 0 0 -386 -21 -19
2 58 0 0 -370 8 -7
2 59 0 0 -387 -19 -21
2 60 0 0 -366 8 -6
2 61 0 0 -385 -18 -21
2 62 0 0 -362 9 -5
2 63 0 0 -381 -17 -21
2 64 0 0 -355 10 -4
2 65 0 0 -375 -15 -22
2 66 0 0 -346 11 -4
2 67 0 0 -368 -13 -22
2 68 0 0 -336 12 -4
2 69 0 0 -357 -12 -22
2 70 0 0 -322 13 -4
2 71 0 0 -344 -11 -22
2 72 0 0 -306 14 -4
2 73 0 0 -329 -12 -22
2 74 0 0 -301 12 -6
2 75 0 0 -316 -13 -17
2 76 0 0 -320 16 -19
2 77 0 0 -299 -9 -5
2 78 0 0 -328 14 -21
2 79 0 0 -307 -11 -4
2 80 0 0 -335 15 -21
2 81 0 0 -316 -10 -6
2 82 0 0 -341 15 -21
2 83 0 0 -322 -10 -5
2 84 0 0 -344 18 -18
2 85 0 0 -337 -14 -14
2 86 0 0 -341 18 -17
2 87 0 0 -334 -10 -12
2 88 0 0 -338 16 -15
2 89 0 0 -333 -12 -14
2 90 0 0 -339 10 -14
2 91 0 0 -333 -16 -8
2 92 0 0 -340 11 -18
2 93 0 0 -342 -18 -15
2 94 0 0 -351 7 -16
2 95 0 0 -348 -11 -12
2 96 0 0 -371 1 1
2 97 0 0 -408 14 14
3 2 0 0 -241 23 -17
3 3 0 0 -275 -3 -9
3 4 0 0 -279 -15 -3
3 5 0 0 -273 10 -14
3 6 0 0 -276 -7 0
3 7 0 0 -270 10 -15
3 8 0 0 -283 -4 9
3 9 0 0 -282 -2 9
3 10 0 0 -278 -15 -15
3 11 0 0 -284 4 8
3 12 0 0 -283 -16 -15
3 13 0 0 -289 5 9
3 14 0 0 -289 -17 -15
3 15 0 0 -295 5 9
3 16 0 0 -296 -18 -16
3 17 0 0 -301 5 9
3 18 0 0 -303 -19 -16
3 19 0 0 -309 5 9
3 20 0 0 -311 -19 -16
3 21 0 0 -317 5 9
3 22 0 0 -320 -20 -17
3 23 0 0 -325 5 10
3 24 0 0 -328 -20 -17
3 25 0 0 -334 5 10
3 26 0 0 -337 -21 -18
3 27 0 0 -343 5 10
3 28 0 0 -346 -21 -18
3 29 0 0 -352 5 9
3 30 0 0 -355 -21 -19
3 31 0 0 -361 6 9
3 32 0 0 -364 -21 -19
3 33 0 0 -370 6 9
3 34 0 0 -372 -21 -19
3 35 0 0 -378 7 9
3 36 0 0 -379 -21 -20
3 37 0 0 -386 7 9
3 38 0 0 -386 -21 -20
3 39 0 0 -393 8 8
3 40 0 0 -393 -20 -20
3 41 0 0 -399 9 8
3 42 0 0 -398 -20 -20
3 43 0 0 -405 9 7
3 44 0 0 -403 -19 -21
3 45 0 0 -409 10 7
3 46 0 0 -407 -18 -21
3 47 0 0 -413 11 6
3 48 0 0 -410 -18 -21
3 49 0 0 -416 11 5
3 50 0 0 -413 -17 -21
3 51 0 0 -418 13 3
3 52 0 0 -414 -16 -21
3 53 0 0 -418 15 0
3 54 0 0 -415 -15 -20
3 55 0 0 -420 23 3
3 56 0 0 -420 -23 1
3 57 0 0 -415 16 -20
3 58 0 0 -420 -15 4
3 59 0 0 -414 17 -21
3 60 0 0 -418 -12 5
3 61 0 0 -412 18 -21
3 62 0 0 -415 -10 6
3 63 0 0 -408 19 -21
3 64 0 0 -410 -9 8
3 65 0 0 -402 21 -21
3 66 0 0 -402 -7 9
3 67 0 0 -394 23 -20
3 68 0 0 -391 -5 8
3 69 0 0 -384 26 -21
3 70 0 0 -377 -2 10
3 71 0 0 -370 28 -20
3 72 0 0 -360 0 11
3 73 0 0 -351 25 -20
3 74 0 0 -349 0 10
3 75 0 0 -344 8 -3
3 76 0 0 -338 -16 -19
3 77 0 0 -348 6 8
3 78 0 0 -351 -22 -19
3 79 0 0 -360 7 9
3 80 0 0 -360 -21 -19
3 81 0 0 -368 9 7
3 82 0 0 -367 -19 -18
3 83 0 0 -375 10 8
3 84 0 0 -371 -18 -18
3 85 0 0 -375 16 -4
3 86 0 0 -378 -15 -8
3 87 0 0 -382 20 4
3 88 0 0 -382 -14 1
3 89 0 0 -383 18 3
3 90 0 0 -386 -14 7
3 91 0 0 -387 8 3
3 92 0 0 -379 -16 -6
3 93 0 0 -386 5 -2
3 94 0 0 -377 -14 -15
3 95 0 0 -385 20 -6
3 96 0 0 -386 2 -6
3 97 0 0 -383 -6 -3
4 2 0 0 -270 -7 -6
4 3 0 0 -251 0 -6
4 96 0 0 -357 27 -6
4 97 0 0 -384 -4 17
5 2 0 0 -275 -3 0
5 3 0 0 -282 5 7
5 4 0 0 -266 -10 -4
5 6 0 0 -276 -5 -5
5 8 0 0 -278 -5 -9
5 10 0 0 -286 -6 -5
5 12 0 0 -291 -8 -5
5 14 0 0 -297 -9 -5
5 16 0 0 -304 -10 -5
5 18 0 0 -311 -11 -5
5 21 0 0 -320 -12 -5
5 23 0 0 -328 -13 -5
5 25 0 0 -337 -13 -6
5 27 0 0 -346 -13 -6
5 29 0 0 -355 -13 -6
5 31 0 0 -365 -13 -6
5 33 0 0 -373 -12 -7
5 35 0 0 -382 -12 -7
5 37 0 0 -390 -11 -7
5 39 0 0 -397 -10 -7
5 41 0 0 -403 -9 -8
5 43 0 0 -409 -7 -8
5 45 0 0 -414 -6 -8
5 47 0 0 -418 -5 -9
5 49 0 0 -422 -3 -9
5 51 0 0 -425 -2 -9
5 53 0 0 -426 -1 -9
5 55 0 0 -427 0 -9
5 57 0 0 -427 0 -9
5 59 0 0 -427 1 -9
5 61 0 0 -425 3 -9
5 63 0 0 -421 6 -8
5 65 0 0 -416 9 -9
5 67 0 0 -408 14 -9
5 69 0 0 -399 20 -7
5 71 0 0 -385 22 -7
5 73 0 0 -361 21 -8
5 75 0 0 -346 8 -8
5 77 0 0 -348 -7 -8
5 79 0 0 -366 -14 -7
5 81 0 0 -375 -13 -6
5 83 0 0 -379 -7 -9
5 85 0 0 -385 -5 -7
5 87 0 0 -384 -3 -11
5 89 0 0 -381 -1 -11
5 91 0 0 -380 0 -12
5 93 0 0 -385 3 -8
5 95 0 0 -371 3 -10
5 96 0 0 -377 -23 6
5 97 0 0 -381 -4 10
6 2 0 0 -272 0 0
6 3 0 0 -257 5 6
6 68 0 0 -377 31 -1
6 70 0 0 -352 40 -7
6 72 0 0 -323 47 0
6 79 0 0 -329 -26 -6
6 81 0 0 -352 -21 -1
6 96 0 0 -366 22 -4
6 97 0 0 -385 -3 20
7 2 0 0 -283 -2 -1
7 3 0 0 -283 9 1
7 4 0 0 -249 2 0
7 6 0 0 -258 -4 -3
7 8 0 0 -257 -7 -5
7 10 0 0 -262 -9 -5
7 12 0 0 -269 -13 -4
7 14 0 0 -275 -15 -4
7 16 0 0 -282 -17 -4
7 18 0 0 -291 -19 -3
7 20 0 0 -298 -20 -4
7 23 0 0 -307 -21 -3
7 25 0 0 -316 -22 -3
7 27 0 0 -325 -22 -3
7 29 0 0 -334 -22 -3
7 31 0 0 -343 -22 -3
7 33 0 0 -351 -21 -4
7 35 0 0 -360 -20 -3
7 37 0 0 -367 -18 -3
7 39 0 0 -374 -16 -4
7 41 0 0 -381 -14 -3
7 43 0 0 -386 -12 -4
7 45 0 0 -391 -10 -3
7 47 0 0 -394 -9 -5
7 49 0 0 -397 -7 -5
7 51 0 0 -398 -5 -7
7 53 0 0 -401 -2 -5
7 55 0 0 -401 0 -5
7 57 0 0 -401 1 -5
7 59 0 0 -400 2 -9
7 61 0 0 -398 7 -9
7 63 0 0 -397 10 -3
7 65 0 0 -391 12 -9
7 66 0 0 -385 24 -7
7 75 0 0 -291 16 -3
7 77 0 0 -302 -22 0
7 83 0 0 -357 -15 -7
7 85 0 0 -362 -7 -3
7 87 0 0 -361 -7 -8
7 89 0 0 -361 -2 -5
7 91 0 0 -361 -1 -5
7 93 0 0 -361 -2 -5
7 95 0 0 -360 -4 -2
7 96 0 0 -373 -26 5
7 97 0 0 -387 -2 7
8 2 0 0 -282 0 0
8 3 0 0 -270 -5 1
8 4 0 0 -253 -6 1
8 6 0 0 -260 -9 1
8 8 0 0 -263 -12 0
8 10 0 0 -268 -15 2
8 12 0 0 -273 -19 0
8 14 0 0 -280 -22 0
8 16 0 0 -287 -24 1
8 18 0 0 -295 -27 1
8 20 0 0 -303 -29 0
8 22 0 0 -312 -30 0
8 25 0 0 -322 -31 0
8 27 0 0 -332 -32 0
8 29 0 0 -342 -32 0
8 31 0 0 -352 -31 0
8 33 0 0 -361 -30 0
8 35 0 0 -370 -28 0
8 37 0 0 -379 -26 1
8 39 0 0 -385 -24 0
8 41 0 0 -392 -21 1
8 43 0 0 -397 -18 0
8 45 0 0 -403 -15 1
8 47 0 0 -406 -12 0
8 49 0 0 -410 -10 1
8 51 0 0 -410 -6 0
8 53 0 0 -412 -4 1
8 55 0 0 -412 -1 0
8 57 0 0 -414 1 1
8 59 0 0 -411 4 0
8 61 0 0 -411 8 0
8 63 0 0 -413 14 1
8 65 0 0 -409 21 1
8 66 0 0 -410 33 4
8 68 0 0 -400 48 6
8 70 0 0 -385 72 8
8 73 0 0 -320 89 6
8 75 0 0 -272 31 12
8 77 0 0 -293 -48 4
8 79 0 0 -355 -58 10
8 81 0 0 -372 -41 7
8 83 0 0 -378 -20 1
8 85 0 0 -380 -10 1
8 87 0 0 -373 -3 0
8 89 0 0 -373 0 2
8 91 0 0 -368 1 0
8 93 0 0 -371 2 2
8 95 0 0 -366 2 0
8 96 0 0 -371 25 -4
8 97 0 0 -390 -4 19
9 2 0 0 -284 -1 0
9 3 0 0 -279 1 0
9 96 0 0 -372 -24 5
9 97 0 0 -387 0 3
10 2 0 0 -282 0 0
10 3 0 0 -273 -4 1
10 4 0 0 -246 -6 0
10 6 0 0 -253 -11 0
10 8 0 0 -255 -16 0
10 10 0 0 -261 -20 0
10 12 0 0 -266 -25 0
10 14 0 0 -274 -29 0
10 16 0 0 -281 -32 0
10 18 0 0 -290 -35 0
10 20 0 0 -298 -38 0
10 22 0 0 -308 -40 0
10 25 0 0 -318 -41 0
10 27 0 0 -327 -42 0
10 29 0 0 -338 -42 0
10 31 0 0 -347 -41 0
10 33 0 0 -357 -39 0
10 35 0 0 -366 -37 0
10 37 0 0 -375 -35 -1
10 39 0 0 -382 -32 0
10 41 0 0 -389 -28 0
10 43 0 0 -395 -24 0
10 45 0 0 -400 -21 0
10 47 0 0 -404 -17 0
10 49 0 0 -407 -13 0
10 51 0 0 -409 -9 0
10 53 0 0 -411 -6 0
10 55 0 0 -411 -2 0
10 57 0 0 -412 1 0
10 59 0 0 -412 4 0
10 61 0 0 -412 9 0
10 63 0 0 -414 15 0
10 65 0 0 -415 21 0
10 66 0 0 -419 36 0
10 68 0 0 -422 47 2
10 70 0 0 -407 114 8
10 71 0 0 -390 118 12
10 72 0 0 -350 207 15
10 73 0 0 -232 170 12
10 74 0 0 -198 94 16
10 75 0 0 -181 -6 17
10 76 0 0 -194 -64 12
10 77 0 0 -258 -155 9
10 78 0 0 -328 -126 5
10 79 0 0 -375 -103 7
10 80 0 0 0 0 0
10 81 0 0 -397 -34 3
10 82 0 0 0 0 0
10 83 0 0 -392 -26 0
10 84 0 0 0 0 0
10 85 0 0 -382 -3 0
10 86 0 0 0 0 0
10 87 0 0 -376 -3 0
10 88 0 0 0 0 0
10 89 0 1 -370 3 0
10 90 0 1 0 0 0
10 91 0 1 -367 1 0
10 92 0 1 0 0 0
10 93 0 1 -366 3 0
10 94 0 1 0 0 0
10 95 0 0 -361 0 0
10 96 0 0 -371 26 -4
10 97 0 0 -389 -4 19
11 2 0 0 -281 -1 0
11 3 0 0 -274 2 -1
11 70 0 0 -456 46 0
11 71 0 0 -472 135 -7
11 72 0 0 -435 316 3
11 73 0 0 -203 353 3
11 74 0 0 -105 66 7
11 75 0 0 -108 31 10
11 76 0 0 -137 -151 13
11 77 0 0 -177 -228 11
11 78 0 0 -414 -133 1
11 79 0 0 -442 -50 -8
11 80 0 0 0 0 0
11 81 0 0 0 0 0
11 82 0 0 0 0 0
11 83 0 0 0 0 0
11 84 0 0 0 0 0
11 85 0 0 0 0 0
11 86 0 1 0 0 0
11 87 0 1 0 0 0
11 88 0 1 0 0 0
11 89 0 1 0 0 0
11 90 0 2 0 0 0
11 91 0 2 0 0 0
11 92 0 2 0 0 0
11 93 0 2 0 0 0
11 94 0 1 0 0 0
11 95 0 1 0 0 0
11 96 0 1 -371 -24 4
11 97 0 0 -386 0 3
12 2 0 0 -278 0 0
12 3 0 0 -269 -7 0
12 4 0 0 -243 -9 0
12 6 0 0 -248 -14 0
12 8 0 0 -253 -20 0
12 10 0 0 -257 -25 0
12 12 0 0 -263 -31 0
12 14 0 0 -270 -36 0
12 16 0 0 -278 -40 0
12 18 0 0 -287 -44 0
12 20 0 0 -296 -48 0
12 22 0 0 -307 -50 0
12 24 0 0 -317 -52 0
12 27 0 0 -329 -53 0
12 29 0 0 -340 -53 0
12 31 0 0 -351 -52 0
12 33 0 0 -361 -50 0
12 35 0 0 -371 -47 0
12 37 0 0 -381 -43 0
12 39 0 0 -389 -39 0
12 41 0 0 -396 -35 0
12 43 0 0 -402 -30 0
12 45 0 0 -407 -25 0
12 47 0 0 -411 -20 0
12 49 0 0 -414 -16 0
12 51 0 0 -416 -11 0
12 53 0 0 -417 -7 0
12 55 0 0 -418 -3 0
12 57 0 0 -419 0 0
12 59 0 0 -418 3 0
12 61 0 0 -419 7 0
12 63 0 0 -422 12 0
12 65 0 0 -426 16 0
12 66 0 0 -437 23 0
12 68 0 0 -445 35 0
12 70 0 0 -494 79 -7
12 71 0 0 -498 109 -7
12 72 0 0 -689 71 16
12 73 0 0 94 -35 -43
12 74 0 0 6 82 5
12 75 0 0 -5 5 -2
12 76 0 0 15 -84 -24
12 77 0 0 -628 -45 -2
12 78 0 0 -524 -33 2
12 79 0 0 -476 -81 -10
12 80 0 0 0 0 0
12 81 0 0 -443 -16 1
12 82 0 0 0 0 0
12 83 0 0 -407 -3 0
12 84 0 0 -396 5 0
12 85 0 1 0 0 0
12 86 0 1 0 0 0
12 87 0 2 -380 7 0
12 88 0 2 0 0 0
12 89 0 3 -375 8 0
12 90 0 3 0 0 0
12 91 0 3 -369 7 0
12 92 0 4 0 0 0
12 93 0 3 -367 6 0
12 94 0 3 0 0 0
12 95 0 3 -361 3 0
12 96 0 2 -369 27 -5
12 97 0 0 -388 -4 19
13 2 0 0 -275 -1 0
13 3 0 0 -267 0 -2
13 70 0 0 -506 10 0
13 71 0 0 -515 29 -2
13 72 0 0 -595 14 -1
13 77 0 0 -568 11 -7
13 78 0 0 -516 -27 -2
13 79 0 0 -491 8 0
13 80 0 0 0 0 0
13 81 0 0 0 0 0
13 82 0 0 0 0 0
13 83 0 1 0 0 0
13 84 0 1 0 0 0
13 85 0 2 0 0 0
13 86 0 3 0 0 0
13 87 0 4 0 0 0
13 88 0 5 0 0 0
13 89 0 5 0 0 0
13 90 0 6 0 0 0
13 91 0 6 0 0 0
13 92 0 6 0 0 0
13 93 0 6 0 0 0
13 94 0 6 0 0 0
13 95 0 5 0 0 0
13 96 0 4 -369 -23 4
13 97 0 0 -384 0 3
14 2 0 0 -271 -1 0
14 3 0 0 -263 -7 0
14 4 0 0 -236 -11 0
14 6 0 0 -241 -16 0
14 8 0 0 -245 -24 0
14 10 0 0 -250 -31 0
14 12 0 0 -256 -37 0
14 14 0 0 -264 -43 0
14 16 0 0 -272 -49 0
14 18 0 0 -282 -54 0
14 20 0 0 -292 -58 0
14 22 0 0 -303 -61 0
14 24 0 0 -315 -63 0
14 27 0 0 -327 -64 0
14 29 0 0 -339 -64 0
14 31 0 0 -351 -63 0
14 33 0 0 -363 -60 0
14 35 0 0 -374 -57 0
14 37 0 0 -383 -52 0
14 39 0 0 -392 -47 0
14 41 0 0 -400 -41 0
14 43 0 0 -406 -35 0
14 45 0 0 -411 -29 0
14 47 0 0 -415 -24 0
14 49 0 0 -417 -18 0
14 51 0 0 -419 -13 0
14 53 0 0 -420 -8 0
14 55 0 0 -421 -4 0
14 57 0 0 -421 0 0
14 59 0 0 -421 2 0
14 61 0 0 -422 5 0
14 63 0 0 -425 8 0
14 65 0 0 -427 6 0
14 66 0 0 -441 13 0
14 68 0 0 -454 -5 1
14 70 0 0 -506 31 -4
14 71 0 0 -483 19 -1
14 72 0 0 -545 10 23
14 77 0 0 -524 4 -19
14 78 0 0 -498 24 -6
14 79 0 0 -491 0 -4
14 80 0 0 0 0 0
14 81 0 0 -452 22 0
14 82 0 1 0 0 0
14 83 0 1 -415 25 0
14 84 0 2 -396 19 0
14 85 0 3 0 0 0
14 86 0 5 0 0 0
14 87 0 6 -381 17 0
14 88 0 8 0 0 0
14 89 0 9 -372 15 0
14 90 0 10 0 0 0
14 91 0 11 -367 11 0
14 92 0 11 0 0 0
14 93 0 10 -363 8 0
14 94 0 9 0 0 0
14 95 0 8 -357 4 0
14 96 0 7 -367 27 -5
14 97 0 0 -385 -4 19
15 2 0 0 -267 -2 0
15 3 0 0 -259 0 -2
15 70 0 0 -521 -4 2
15 71 0 0 -527 -66 1
15 72 0 0 -387 43 6
15 77 0 0 -303 -29 -19
15 78 0 0 -521 52 -4
15 79 0 0 -539 79 9
15 80 0 0 0 0 0
15 81 0 1 0 0 0
15 82 0 1 0 0 0
15 83 0 2 0 0 0
15 84 0 4 0 0 0
15 85 0 6 0 0 0
15 86 0 8 0 0 0
15 87 0 10 0 0 0
15 88 0 12 0 0 0
15 89 0 14 0 0 0
15 90 0 16 0 0 0
15 91 0 17 0 0 0
15 92 0 17 0 0 0
15 93 0 16 0 0 0
15 94 0 15 0 0 0
15 95 0 13 0 0 0
15 96 0 11 -366 -22 4
15 97 0 0 -381 0 2
16 2 0 0 -263 -1 0
16 3 0 0 -255 -8 0
16 10 0 0 -243 -37 0
16 12 0 0 -250 -45 0
16 14 0 0 -257 -52 0
16 16 0 0 -267 -58 0
16 18 0 0 -277 -64 0
16 20 0 0 -288 -69 0
16 22 0 0 -300 -73 0
16 24 0 0 -313 -76 0
16 26 0 0 -327 -77 0
16 29 0 0 -341 -77 0
16 31 0 0 -354 -75 0
16 33 0 0 -367 -72 0
16 35 0 0 -379 -67 0
16 37 0 0 -389 -62 0
16 39 0 0 -399 -55 0
16 41 0 0 -407 -48 0
16 43 0 0 -413 -41 0
16 45 0 0 -418 -34 0
16 47 0 0 -421 -27 0
16 49 0 0 -424 -20 0
16 51 0 0 -425 -14 0
16 53 0 0 -426 -9 0
16 55 0 0 -426 -4 0
16 57 0 0 -425 0 0
16 59 0 0 -424 2 0
16 61 0 0 -424 3 0
16 63 0 0 -424 3 0
16 65 0 0 -426 0 0
16 68 0 0 -437 -26 0
16 70 0 0 -468 -41 -1
16 71 0 0 -489 -121 -2
16 72 0 0 -678 -676 -68
16 73 0 0 -56 -377 -14
16 74 0 0 -12 -69 -3
16 75 0 0 -10 39 -3
16 76 0 0 -21 223 -6
16 77 0 0 -119 394 -26
16 78 0 0 -592 699 25
16 79 0 0 -500 73 -10
16 80 0 0 0 0 0
16 81 0 1 -418 88 0
16 82 0 2 0 0 0
16 83 0 4 0 0 0
16 84 0 6 0 0 0
16 85 0 9 -387 41 0
16 86 0 12 0 0 0
16 87 0 15 -376 29 0
16 88 0 18 0 0 0
16 89 0 22 -368 23 0
16 90 0 24 0 0 0
16 91 0 25 -363 16 0
16 92 0 25 0 0 0
16 93 0 24 -359 12 0
16 94 0 22 0 0 0
16 95 0 19 -354 6 0
16 96 0 16 -363 28 -5
16 97 0 0 -381 -4 19
17 2 0 0 -258 -2 0
17 3 0 0 -250 -1 -2
17 4 0 0 -229 -13 0
17 6 0 0 -234 -20 0
17 8 0 0 -238 -29 0
17 66 0 0 -428 -9 0
17 70 0 0 -437 -69 0
17 71 0 0 -397 -103 -4
17 72 0 0 -395 -225 -25
17 73 0 0 -219 -234 -22
17 74 0 0 -98 -28 -11
17 75 0 0 -96 8 -11
17 76 0 0 -132 202 -14
17 77 0 0 -186 285 -17
17 78 0 0 -369 192 -5
17 79 0 0 -416 147 -3
17 80 0 1 0 0 0
17 81 0 2 0 0 0
17 82 0 3 0 0 0
17 83 0 6 -398 53 0
17 84 0 9 0 0 0
17 85 0 12 0 0 0
17 86 0 17 0 0 0
17 87 0 22 0 0 0
17 88 0 27 0 0 0
17 89 0 31 0 0 0
17 90 0 35 0 0 0
17 91 0 37 0 0 0
17 92 0 37 0 0 0
17 93 0 36 0 0 0
17 94 0 33 0 0 0
17 95 0 29 0 0 0
17 96 0 24 -361 -21 4
17 97 0 0 -376 0 2
18 2 0 0 -253 -1 0
18 3 0 0 -245 -9 0
18 35 0 0 -384 -79 0
18 37 0 0 -396 -72 0
18 39 0 0 -406 -64 0
18 41 0 0 -414 -55 0
18 43 0 0 -420 -47 0
18 45 0 0 -425 -38 0
18 47 0 0 -428 -30 0
18 49 0 0 -430 -22 0
18 51 0 0 -431 -15 0
18 53 0 0 -431 -9 0
18 55 0 0 -430 -3 0
18 57 0 0 -429 0 0
18 59 0 0 -427 3 0
18 61 0 0 -424 5 0
18 63 0 0 -422 5 0
18 65 0 0 -419 1 1
18 70 0 0 -390 -36 -10
18 71 0 0 -359 -50 -15
18 72 0 0 -335 -84 -16
18 73 0 0 -274 -67 -19
18 74 0 0 -226 -22 -16
18 75 0 0 -226 50 -17
18 76 0 0 -234 103 -16
18 77 0 0 -292 150 -20
18 78 0 0 -345 133 -15
18 79 0 1 -361 84 -12
18 80 0 1 0 0 0
18 81 0 3 0 0 0
18 82 0 5 0 0 0
18 83 0 8 0 0 0
18 84 0 12 0 0 0
18 85 0 17 -372 48 0
18 86 0 23 0 0 0
18 87 0 30 -365 35 0
18 88 0 37 0 0 0
18 89 0 43 -361 27 0
18 90 0 48 0 0 0
18 91 0 51 -356 20 0
18 92 0 52 0 0 0
18 93 0 50 -353 14 0
18 94 0 46 0 0 0
18 95 0 41 0 0 0
18 96 0 34 -358 29 -5
18 97 0 0 -375 -4 20
19 2 0 0 -247 -2 0
19 3 0 0 -240 -1 -2
19 4 0 0 -220 -15 0
19 6 0 0 -225 -23 0
19 8 0 0 -229 -34 0
19 10 0 0 -234 -43 0
19 12 0 0 -241 -52 0
19 14 0 0 -250 -60 0
19 16 0 0 -259 -68 0
19 18 0 0 -271 -76 0
19 20 0 0 -283 -82 0
19 22 0 0 -296 -87 0
19 24 0 0 -311 -90 0
19 26 0 0 -326 -92 0
19 28 0 0 -341 -91 0
19 31 0 0 -356 -89 0
19 33 0 0 -371 -85 0
19 66 0 0 -415 -8 -1
19 68 0 0 -406 -20 -2
19 70 0 0 -360 -73 -15
19 71 0 0 -333 -41 -12
19 72 0 0 -315 -83 -18
19 73 0 0 -277 -19 -23
19 74 0 0 -258 -6 -18
19 75 0 0 -254 52 -20
19 76 0 0 -255 70 -19
19 77 0 0 -282 142 -19
19 78 0 0 -302 112 -16
19 79 0 1 -330 129 -10
19 80 0 2 0 0 0
19 81 0 4 -378 89 -4
19 82 0 6 0 0 0
19 83 0 10 -375 61 -1
19 84 0 15 0 0 0
19 85 0 22 0 0 0
19 86 0 30 0 0 0
19 87 0 39 0 0 0
19 88 0 48 0 0 0
19 89 0 56 0 0 0
19 90 0 63 0 0 0
19 91 0 67 0 0 0
19 92 0 68 0 0 0
19 93 0 66 0 0 0
19 94 0 61 0 0 0
19 95 0 55 -348 8 1
19 96 0 46 -355 -20 4
19 97 0 0 -370 0 2
20 2 0 0 -242 -2 0
20 3 0 0 -234 -10 0
20 43 0 0 -430 -52 0
20 45 0 0 -435 -42 0
20 47 0 0 -437 -32 0
20 49 0 0 -438 -23 0
20 51 0 0 -438 -15 0
20 53 0 0 -437 -8 0
20 55 0 0 -435 -2 0
20 57 0 0 -433 2 0
20 59 0 0 -429 6 0
20 61 0 0 -425 8 0
20 63 0 0 -421 8 0
20 65 0 0 -414 5 0
20 78 0 0 0 0 0
20 79 0 1 0 0 0
20 80 0 2 0 0 0
20 81 0 5 0 0 0
20 82 0 8 0 0 0
20 83 0 13 0 0 0
20 84 0 19 0 0 0
20 85 0 27 -360 51 0
20 86 0 37 0 0 0
20 87 0 48 -356 40 0
20 88 0 59 0 0 0
20 89 0 70 -353 32 0
20 90 0 78 0 0 0
20 91 0 84 -349 23 0
20 92 0 86 0 0 0
20 93 0 84 0 0 0
20 94 0 79 0 0 0
20 95 0 70 0 0 0
20 96 0 60 -351 29 -5
20 97 0 0 -369 -4 20
21 2 0 0 -235 -3 0
21 3 0 0 -228 -3 -2
21 4 0 0 -209 -17 0
21 6 0 0 -214 -27 0
21 8 0 0 -219 -39 0
21 10 0 0 -224 -49 0
21 12 0 0 -232 -60 0
21 14 0 0 -241 -70 0
21 16 0 0 -251 -79 0
21 18 0 0 -263 -88 0
21 20 0 0 -277 -95 0
21 22 0 0 -292 -101 0
21 24 0 0 -308 -105 0
21 26 0 0 -325 -108 0
21 28 0 0 -343 -107 0
21 30 0 0 -360 -105 0
21 32 0 0 -377 -100 0
21 35 0 0 -391 -92 0
21 37 0 0 -404 -83 0
21 39 0 0 -415 -73 0
21 41 0 0 -424 -63 0
21 66 0 0 -404 0 1
21 68 0 0 -391 -12 -4
21 70 0 0 -390 -18 -2
21 73 0 0 -348 -1 -13
21 75 0 0 -323 31 -9
21 77 0 0 -328 73 -14
21 78 0 1 0 0 0
21 79 0 1 -361 97 3
21 80 0 3 0 0 0
21 81 0 5 -358 82 -1
21 82 0 9 0 0 0
21 83 0 15 -358 63 1
21 84 0 22 0 0 0
21 85 0 32 0 0 0
21 86 0 44 0 0 0
21 87 0 57 0 0 0
21 88 0 70 0 0 0
21 89 0 83 0 0 0
21 90 0 94 0 0 0
21 91 0 102 0 0 0
21 92 0 105 0 0 0
21 93 0 103 -347 17 0
21 94 0 98 0 0 0
21 95 0 88 -342 9 1
21 96 0 76 -348 -20 4
21 97 0 0 -363 0 2
22 2 0 0 -229 -2 0
22 3 0 0 -222 -11 0
22 47 0 0 -447 -34 0
22 49 0 0 -448 -23 0
22 51 0 0 -447 -14 0
22 53 0 0 -444 -6 0
22 55 0 0 -441 0 0
22 57 0 0 -437 6 0
22 59 0 0 -433 11 0
22 61 0 0 -427 14 0
22 63 0 0 -421 16 0
22 65 0 0 -412 17 0
22 78 0 1 0 0 0
22 79 0 2 0 0 0
22 80 0 3 0 0 0
22 81 0 6 0 0 0
22 82 0 10 0 0 0
22 83 0 17 0 0 0
22 84 0 25 0 0 0
22 85 0 36 -350 50 0
22 86 0 50 0 0 0
22 87 0 65 -347 41 0
22 88 0 81 0 0 0
22 89 0 96 -345 34 0
22 90 0 109 0 0 0
22 91 0 119 -342 26 0
22 92 0 124 0 0 0
22 93 0 123 0 0 0
22 94 0 118 0 0 0
22 95 0 107 0 0 0
22 96 0 94 -344 30 -5
22 97 0 0 -361 -4 21
23 2 0 0 -221 -3 0
23 3 0 0 -215 -4 -2
23 4 0 0 -197 -19 0
23 6 0 0 -202 -30 0
23 8 0 0 -207 -44 0
23 10 0 0 -213 -56 0
23 12 0 0 -221 -68 0
23 14 0 0 -230 -80 0
23 16 0 0 -241 -91 0
23 18 0 0 -255 -101 0
23 20 0 0 -269 -110 0
23 22 0 0 -286 -118 0
23 24 0 0 -304 -123 0
23 26 0 0 -324 -126 0
23 28 0 0 -344 -126 0
23 30 0 0 -364 -123 0
23 32 0 0 -384 -117 0
23 34 0 0 -400 -107 0
23 37 0 0 -415 -96 0
23 39 0 0 -427 -83 0
23 41 0 0 -435 -70 0
23 43 0 0 -441 -57 0
23 45 0 0 -445 -45 0
23 66 0 0 -401 17 0
23 68 0 0 -387 19 0
23 70 0 0 -362 20 -8
23 72 0 0 -344 23 -1
23 75 0 0 -325 41 -6
23 77 0 0 -326 60 -1
23 78 0 1 0 0 0
23 79 0 2 -334 63 -6
23 80 0 3 0 0 0
23 81 0 6 -347 61 0
23 82 0 11 0 0 0
23 83 0 18 -350 56 0
23 84 0 27 0 0 0
23 85 0 39 0 0 0
23 86 0 54 0 0 0
23 87 0 71 0 0 0
23 88 0 89 0 0 0
23 89 0 107 0 0 0
23 90 0 123 0 0 0
23 91 0 136 0 0 0
23 92 0 143 0 0 0
23 93 0 144 -339 18 0
23 94 0 140 0 0 0
23 95 0 130 -334 10 1
23 96 0 115 -341 -19 4
23 97 0 0 -355 0 1
24 2 0 0 -214 -3 0
24 3 0 0 -208 -11 0
24 49 0 0 -458 -22 0
24 51 0 0 -456 -12 0
24 53 0 0 -453 -3 0
24 55 0 0 -448 4 0
24 57 0 0 -443 11 0
24 59 0 0 -437 16 0
24 61 0 0 -431 20 0
24 63 0 0 -423 23 0
24 65 0 0 -414 25 0
24 67 0 0 -404 26 1
24 69 0 0 -392 26 0
24 71 0 0 -380 29 2
24 73 0 0 -363 36 0
24 75 0 0 -348 49 0
24 77 0 0 -346 62 0
24 78 0 1 0 0 0
24 79 0 2 -348 67 2
24 80 0 4 0 0 0
24 81 0 6 -348 66 0
24 82 0 12 0 0 0
24 83 0 19 -346 60 1
24 84 0 28 0 0 0
24 85 0 41 -344 53 0
24 86 0 57 0 0 0
24 87 0 76 -340 45 0
24 88 0 96 0 0 0
24 89 0 116 -337 37 0
24 90 0 135 0 0 0
24 91 0 151 0 0 0
24 92 0 161 0 0 0
24 93 0 165 0 0 0
24 94 0 162 0 0 0
24 95 0 153 0 0 0
24 96 0 138 -336 30 -5
24 97 0 0 -352 -4 22
25 2 0 0 -205 -4 0
25 3 0 0 -199 -5 -3
25 4 0 0 -184 -22 0
25 6 0 0 -189 -34 0
25 8 0 0 -193 -49 0
25 10 0 0 -200 -63 0
25 12 0 0 -208 -77 0
25 14 0 0 -218 -91 0
25 16 0 0 -230 -104 0
25 18 0 0 -244 -116 0
25 20 0 0 -260 -127 0
25 22 0 0 -279 -136 0
25 24 0 0 -300 -143 0
25 26 0 0 -322 -147 0
25 28 0 0 -346 -148 0
25 30 0 0 -369 -144 0
25 32 0 0 -392 -136 0
25 34 0 0 -412 -124 0
25 36 0 0 -428 -110 0
25 38 0 0 -441 -94 0
25 41 0 0 -450 -78 0
25 43 0 0 -455 -62 0
25 45 0 0 -458 -48 0
25 47 0 0 -459 -34 0
25 78 0 1 0 0 0
25 79 0 2 0 0 0
25 80 0 3 0 0 0
25 81 0 6 0 0 0
25 82 0 11 0 0 0
25 83 0 18 0 0 0
25 84 0 28 0 0 0
25 85 0 42 0 0 0
25 86 0 58 0 0 0
25 87 0 78 0 0 0
25 88 0 100 0 0 0
25 89 0 123 0 0 0
25 90 0 145 0 0 0
25 91 0 164 -334 29 0
25 92 0 178 0 0 0
25 93 0 186 -331 21 0
25 94 0 186 0 0 0
25 95 0 178 -326 12 1
25 96 0 163 -332 -18 4
25 97 0 0 -346 0 1
26 2 0 0 -197 -3 0
26 3 0 0 -192 -12 0
26 49 0 0 -470 -20 0
26 51 0 0 -466 -8 0
26 53 0 0 -462 1 0
26 55 0 0 -456 10 0
26 57 0 0 -450 17 0
26 59 0 0 -442 23 0
26 61 0 0 -435 28 0
26 63 0 0 -426 33 0
26 65 0 0 -416 36 0
26 67 0 0 -405 39 0
26 69 0 0 -392 41 0
26 71 0 0 -378 45 0
26 73 0 0 -365 50 0
26 75 0 0 -353 57 0
26 77 0 0 -347 64 0
26 78 0 1 0 0 0
26 79 0 1 -344 66 0
26 80 0 3 0 0 0
26 81 0 6 -342 65 0
26 82 0 11 0 0 0
26 83 0 18 -339 61 0
26 84 0 27 0 0 0
26 85 0 41 -336 55 0
26 86 0 58 0 0 0
26 87 0 78 -332 48 0
26 88 0 102 0 0 0
26 89 0 128 0 0 0
26 90 0 153 0 0 0
26 91 0 176 0 0 0
26 92 0 195 0 0 0
26 93 0 206 0 0 0
26 94 0 210 0 0 0
26 95 0 204 0 0 0
26 96 0 190 -327 31 -5
26 97 0 0 -343 -4 23
27 2 0 0 -188 -4 0
27 3 0 0 -182 -7 -3
27 4 0 0 -169 -24 0
27 6 0 0 -173 -38 0
27 8 0 0 -178 -55 0
27 10 0 0 -185 -70 0
27 12 0 0 -193 -87 0
27 14 0 0 -203 -102 0
27 16 0 0 -216 -117 0
27 18 0 0 -231 -132 0
27 20 0 0 -249 -145 0
27 22 0 0 -270 -157 0
27 24 0 0 -293 -166 0
27 26 0 0 -319 -172 0
27 28 0 0 -347 -173 0
27 30 0 0 -376 -169 0
27 32 0 0 -404 -159 0
27 34 0 0 -427 -143 0
27 36 0 0 -445 -125 0
27 38 0 0 -458 -104 0
27 40 0 0 -467 -85 0
27 43 0 0 -472 -66 0
27 45 0 0 -473 -49 0
27 47 0 0 -473 -34 0
27 78 0 0 0 0 0
27 79 0 1 0 0 0
27 80 0 3 0 0 0
27 81 0 5 0 0 0
27 82 0 10 0 0 0
27 83 0 16 0 0 0
27 84 0 26 0 0 0
27 85 0 39 0 0 0
27 86 0 56 0 0 0
27 87 0 78 0 0 0
27 88 0 103 0 0 0
27 89 0 131 -329 40 0
27 90 0 160 0 0 0
27 91 0 187 -325 31 0
27 92 0 211 0 0 0
27 93 0 227 -322 23 0
27 94 0 234 0 0 0
27 95 0 231 -317 13 1
27 96 0 218 -323 -17 3
27 97 0 0 -336 0 0
28 2 0 0 -179 -3 0
28 3 0 0 -175 -13 0
28 51 0 0 -478 -3 0
28 53 0 0 -471 7 0
28 55 0 0 -464 16 0
28 57 0 0 -457 24 0
28 59 0 0 -448 31 0
28 61 0 0 -440 37 0
28 63 0 0 -430 42 0
28 65 0 0 -420 46 0
28 67 0 0 -409 49 0
28 69 0 0 -398 52 0
28 71 0 0 -385 57 0
28 73 0 0 -374 61 0
28 75 0 0 -361 67 0
28 77 0 0 -353 71 0
28 78 0 0 0 0 0
28 79 0 1 -347 72 0
28 80 0 2 0 0 0
28 81 0 4 -340 70 0
28 82 0 9 0 0 0
28 83 0 15 -336 67 0
28 84 0 24 0 0 0
28 85 0 37 0 0 0
28 86 0 54 0 0 0
28 87 0 76 0 0 0
28 88 0 103 0 0 0
28 89 0 133 0 0 0
28 90 0 166 0 0 0
28 91 0 197 0 0 0
28 92 0 225 0 0 0
28 93 0 246 0 0 0
28 94 0 258 0 0 0
28 95 0 258 0 0 0
28 96 0 246 -317 31 -5
28 97 0 0 -332 -4 24
29 2 0 0 -168 -4 0
29 3 0 0 -163 -9 -3
29 4 0 0 -152 -26 0
29 6 0 0 -156 -42 0
29 8 0 0 -161 -60 0
29 10 0 0 -168 -78 0
29 12 0 0 -176 -96 0
29 14 0 0 -187 -114 0
29 16 0 0 -200 -132 0
29 18 0 0 -216 -149 0
29 20 0 0 -235 -165 0
29 22 0 0 -258 -180 0
29 24 0 0 -284 -193 0
29 26 0 0 -314 -202 0
29 28 0 0 -348 -204 0
29 30 0 0 -382 -201 0
29 32 0 0 -419 -187 0
29 34 0 0 -446 -165 0
29 36 0 0 -467 -141 0
29 38 0 0 -480 -115 0
29 40 0 0 -488 -91 0
29 42 0 0 -491 -69 0
29 44 0 0 -490 -49 0
29 47 0 0 -488 -31 0
29 49 0 0 -483 -16 0
29 78 0 0 0 0 0
29 79 0 1 0 0 0
29 80 0 1 0 0 0
29 81 0 3 0 0 0
29 82 0 8 0 0 0
29 83 0 13 0 0 0
29 84 0 22 0 0 0
29 85 0 34 -330 61 0
29 86 0 51 0 0 0
29 87 0 74 -325 53 0
29 88 0 102 0 0 0
29 89 0 135 -320 45 0
29 90 0 170 0 0 0
29 91 0 206 -316 35 0
29 92 0 239 0 0 0
29 93 0 264 -313 25 0
29 94 0 279 0 0 0
29 95 0 282 -308 15 1
29 96 0 271 -312 -16 3
29 97 0 0 -325 0 0
30 2 0 0 -159 -3 0
30 3 0 0 -156 -14 -1
30 59 0 0 -455 40 0
30 61 0 0 -445 47 0
30 63 0 0 -435 52 0
30 65 0 0 -424 57 0
30 67 0 0 -412 61 0
30 69 0 0 -400 65 0
30 71 0 0 -388 69 0
30 73 0 0 -376 72 0
30 75 0 0 -364 76 0
30 76 0 0 0 0 0
30 77 0 0 0 0 0
30 78 0 0 0 0 0
30 79 0 0 0 0 0
30 80 0 1 0 0 0
30 81 0 2 0 0 0
30 82 0 7 0 0 0
30 83 0 13 0 0 0
30 84 0 21 0 0 0
30 85 0 33 0 0 0
30 86 0 50 0 0 0
30 87 0 73 0 0 0
30 88 0 102 0 0 0
30 89 0 136 0 0 0
30 90 0 175 0 0 0
30 91 0 214 0 0 0
30 92 0 250 0 0 0
30 93 0 280 0 0 0
30 94 0 298 0 0 0
30 95 0 302 0 0 0
30 96 0 292 -307 32 -5
30 97 0 0 -321 -4 25
31 2 0 0 -146 -4 0
31 3 0 0 -142 -11 -2
31 4 0 0 -134 -29 0
31 6 0 0 -138 -46 0
31 8 0 0 -143 -66 0
31 10 0 0 -149 -85 0
31 12 0 0 -157 -106 0
31 14 0 0 -168 -126 0
31 16 0 0 -181 -147 0
31 18 0 0 -197 -167 0
31 20 0 0 -218 -187 0
31 22 0 0 -242 -206 0
31 24 0 0 -272 -222 0
31 26 0 0 -308 -236 0
31 28 0 0 -349 -241 0
31 30 0 0 -392 -240 0
31 32 0 0 -441 -222 0
31 34 0 0 -473 -191 0
31 36 0 0 -496 -159 0
31 38 0 0 -508 -125 0
31 40 0 0 -514 -96 0
31 42 0 0 -514 -69 0
31 44 0 0 -511 -46 0
31 47 0 0 -505 -27 0
31 49 0 0 -498 -10 0
31 51 0 0 -490 3 0
31 53 0 0 -482 14 0
31 55 0 0 -473 25 0
31 57 0 0 -464 33 0
31 75 0 0 0 0 0
31 76 0 0 0 0 0
31 77 0 0 -354 79 0
31 78 0 0 0 0 0
31 79 0 0 -345 79 0
31 80 0 1 0 0 0
31 81 0 2 -337 77 0
31 82 0 7 0 0 0
31 83 0 12 -330 73 0
31 84 0 20 0 0 0
31 85 0 31 -323 66 0
31 86 0 48 0 0 0
31 87 0 71 -317 58 0
31 88 0 101 0 0 0
31 89 0 137 -311 49 0
31 90 0 177 0 0 0
31 91 0 219 -306 39 0
31 92 0 258 0 0 0
31 93 0 290 -302 28 0
31 94 0 311 0 0 0
31 95 0 316 -297 17 1
31 96 0 307 -301 -15 3
31 97 0 0 -312 1 -2
32 2 0 0 -136 -4 0
32 3 0 0 -135 -15 -1
32 75 0 0 0 0 0
32 76 0 0 0 0 0
32 77 0 0 0 0 0
32 78 0 0 0 0 0
32 79 0 0 0 0 0
32 80 0 1 0 0 0
32 81 0 2 0 0 0
32 82 0 7 0 0 0
32 83 0 11 0 0 0
32 84 0 19 0 0 0
32 85 0 31 0 0 0
32 86 0 48 0 0 0
32 87 0 71 0 0 0
32 88 0 100 0 0 0
32 89 0 137 0 0 0
32 90 0 178 0 0 0
32 91 0 221 0 0 0
32 92 0 262 0 0 0
32 93 0 295 0 0 0
32 94 0 316 0 0 0
32 95 0 323 0 0 0
32 96 0 313 -294 32 -5
32 97 0 0 -308 -3 26
33 2 0 0 -123 -4 0
33 3 0 0 -118 -12 -2
33 4 0 0 -114 -31 0
33 6 0 0 -118 -49 0
33 8 0 0 -122 -71 0
33 10 0 0 -128 -92 0
33 12 0 0 -136 -115 0
33 14 0 0 -146 -138 0
33 16 0 0 -159 -161 0
33 18 0 0 -175 -186 0
33 20 0 0 -196 -210 0
33 22 0 0 -222 -235 0
33 24 0 0 -254 -258 0
33 26 0 0 -294 -278 0
33 28 0 0 -344 -289 0
33 30 0 0 -398 -291 0
33 32 0 0 -468 -268 0
33 34 0 0 -507 -220 0
33 36 0 0 -533 -176 0
33 38 0 0 -542 -133 0
33 40 0 0 -544 -97 0
33 42 0 0 -539 -66 0
33 44 0 0 -532 -40 0
33 46 0 0 -524 -19 0
33 49 0 0 -514 -2 0
33 51 0 0 -504 12 0
33 53 0 0 -493 24 0
33 55 0 0 -483 34 0
33 57 0 0 -472 43 0
33 59 0 0 -462 51 0
33 61 0 0 -451 57 0
33 62 0 0 -440 63 0
33 65 0 0 -429 68 0
33 67 0 0 -417 73 0
33 69 0 0 -405 77 0
33 71 0 0 -392 81 0
33 73 0 0 -380 84 0
33 74 0 0 0 0 0
33 75 0 0 -367 87 0
33 76 0 0 0 0 0
33 77 0 0 -356 89 0
33 78 0 0 0 0 0
33 79 0 1 -345 89 0
33 80 0 2 0 0 0
33 81 0 3 -335 86 0
33 82 0 8 0 0 0
33 83 0 13 -325 81 0
33 84 0 20 0 0 0
33 85 0 32 -316 74 0
33 86 0 49 0 0 0
33 87 0 71 -308 65 0
33 88 0 101 0 0 0
33 89 0 137 -301 55 0
33 90 0 177 0 0 0
33 91 0 220 -295 44 0
33 92 0 260 0 0 0
33 93 0 293 -290 31 0
33 94 0 314 0 0 0
33 95 0 320 -285 19 0
33 96 0 311 -287 -14 3
33 97 0 0 -298 1 -3
34 2 0 0 -112 -4 0
34 3 0 0 -112 -16 -2
34 72 0 0 0 0 0
34 73 0 0 0 0 0
34 74 0 0 0 0 0
34 75 0 0 0 0 0
34 76 0 0 0 0 0
34 77 0 0 0 0 0
34 78 0 1 0 0 0
34 79 0 2 0 0 0
34 80 0 3 0 0 0
34 81 0 5 0 0 0
34 82 0 10 0 0 0
34 83 0 16 0 0 0
34 84 0 24 0 0 0
34 85 0 36 0 0 0
34 86 0 53 0 0 0
34 87 0 75 0 0 0
34 88 0 104 0 0 0
34 89 0 138 0 0 0
34 90 0 177 0 0 0
34 91 0 217 0 0 0
34 92 0 255 0 0 0
34 93 0 286 0 0 0
34 94 0 305 0 0 0
34 95 0 310 0 0 0
34 96 0 299 -281 33 -5
34 97 0 0 -293 -3 27
35 2 0 0 -97 -4 0
35 3 0 0 -92 -15 -3
35 4 0 0 -93 -33 -1
35 6 0 0 -96 -53 -1
35 8 0 0 -100 -76 0
35 10 0 0 -105 -99 0
35 12 0 0 -112 -124 0
35 14 0 0 -121 -149 0
35 16 0 0 -133 -176 0
35 18 0 0 -148 -204 0
35 20 0 0 -168 -233 0
35 22 0 0 -195 -264 0
35 24 0 0 -230 -294 0
35 26 0 0 -277 -326 -1
35 28 0 0 -338 -345 -1
35 30 0 0 -415 -359 0
35 32 0 0 -513 -329 0
35 34 0 0 -566 -251 0
35 36 0 0 -585 -194 0
35 38 0 0 -588 -136 0
35 40 0 0 -582 -94 0
35 42 0 0 -571 -58 0
35 44 0 0 -557 -31 0
35 46 0 0 -544 -8 0
35 49 0 0 -530 8 0
35 51 0 0 -517 23 0
35 53 0 0 -505 35 0
35 55 0 0 -492 45 0
35 57 0 0 -481 54 0
35 59 0 0 -469 62 0
35 61 0 0 -458 68 0
35 62 0 0 -446 75 0
35 64 0 0 -434 80 0
35 67 0 0 -421 85 0
35 69 0 0 -409 90 0
35 71 0 0 -396 94 0
35 72 0 0 0 0 0
35 73 0 0 -382 97 0
35 74 0 0 0 0 0
35 75 0 0 -369 100 0
35 76 0 0 0 0 0
35 77 0 1 -356 101 0
35 78 0 2 0 0 0
35 79 0 4 -343 100 0
35 80 0 6 0 0 0
35 81 0 8 -330 97 0
35 82 0 15 0 0 0
35 83 0 22 -318 92 0
35 84 0 31 0 0 0
35 85 0 44 -307 84 0
35 86 0 60 0 0 0
35 87 0 82 -297 74 0
35 88 0 109 0 0 0
35 89 0 140 -289 62 0
35 90 0 176 0 0 0
35 91 0 212 -282 49 0
35 92 0 245 0 0 0
35 93 0 272 -277 35 0
35 94 0 288 0 0 0
35 95 0 291 -271 21 0
35 96 0 279 -273 -12 3
35 97 0 0 -281 1 -7
36 2 0 0 -86 -4 0
36 3 0 0 -87 -17 -1
36 35 0 0 -633 -291 3
36 72 0 0 0 0 0
36 73 0 0 0 0 0
36 74 0 0 0 0 0
36 75 0 0 0 0 0
36 76 0 1 0 0 0
36 77 0 2 0 0 0
36 78 0 4 0 0 0
36 79 0 6 0 0 0
36 80 0 9 0 0 0
36 81 0 14 0 0 0
36 82 0 22 0 0 0
36 83 0 31 0 0 0
36 84 0 42 0 0 0
36 85 0 56 0 0 0
36 86 0 73 0 0 0
36 87 0 94 0 0 0
36 88 0 118 0 0 0
36 89 0 147 0 0 0
36 90 0 177 0 0 0
36 91 0 208 0 0 0
36 92 0 235 0 0 0
36 93 0 256 0 0 0
36 94 0 267 0 0 0
36 95 0 267 0 0 0
36 96 0 254 -265 34 -5
36 97 0 0 -277 -3 27
37 2 0 0 -69 -4 -1
37 3 0 0 -66 -14 -3
37 4 0 0 -70 -35 0
37 6 0 0 -73 -55 0
37 8 0 0 -76 -80 0
37 10 0 0 -80 -104 0
37 12 0 0 -86 -131 0
37 14 0 0 -94 -159 0
37 16 0 0 -104 -189 1
37 18 0 0 -118 -221 1
37 20 0 0 -135 -257 1
37 22 0 0 -158 -297 1
37 24 0 0 -190 -339 1
37 26 0 0 -236 -386 2
37 28 0 0 -309 -426 4
37 31 0 0 -407 -465 5
37 33 0 0 -576 -415 4
37 37 0 0 -650 -198 0
37 38 0 0 -635 -130 0
37 40 0 0 -622 -79 0
37 42 0 0 -600 -41 0
37 44 0 0 -581 -14 0
37 46 0 0 -562 7 0
37 48 0 0 -545 24 0
37 51 0 0 -530 38 0
37 53 0 0 -515 49 0
37 55 0 0 -502 58 0
37 57 0 0 -489 66 0
37 59 0 0 -476 74 0
37 61 0 0 -464 80 0
37 62 0 0 -452 87 0
37 64 0 0 -439 92 0
37 67 0 0 -427 98 0
37 69 0 0 -413 103 0
37 71 0 0 -400 107 0
37 72 0 0 0 0 0
37 73 0 0 -386 111 0
37 74 0 0 0 0 0
37 75 0 1 -371 114 0
37 76 0 2 0 0 0
37 77 0 4 -356 115 0
37 78 0 6 0 0 0
37 79 0 10 -341 114 0
37 80 0 15 0 0 0
37 81 0 22 -326 111 0
37 82 0 33 0 0 0
37 83 0 44 -311 104 0
37 84 0 58 0 0 0
37 85 0 74 -298 95 0
37 86 0 93 0 0 0
37 87 0 113 -286 84 0
37 88 0 136 0 0 0
37 89 0 159 -276 70 0
37 90 0 184 0 0 0
37 91 0 207 -268 56 0
37 92 0 226 0 0 0
37 93 0 239 -262 40 0
37 94 0 244 0 0 0
37 95 0 240 -256 24 0
37 96 0 225 -256 -10 2
37 97 0 0 -263 1 -10
38 2 0 0 -59 -5 0
38 3 0 0 -60 -22 -1
38 30 0 0 -431 -638 4
38 33 0 0 -696 -531 4
38 35 0 0 -792 -300 6
38 37 0 0 -752 -196 0
38 72 0 0 0 0 0
38 73 0 0 0 0 0
38 74 0 0 0 0 0
38 75 0 2 0 0 0
38 76 0 3 0 0 0
38 77 0 6 0 0 0
38 78 0 10 0 0 0
38 79 0 16 0 0 0
38 80 0 24 0 0 0
38 81 0 34 0 0 0
38 82 0 48 0 0 0
38 83 0 64 0 0 0
38 84 0 82 0 0 0
38 85 0 102 0 0 0
38 86 0 123 0 0 0
38 87 0 143 0 0 0
38 88 0 163 0 0 0
38 89 0 182 0 0 0
38 90 0 199 0 0 0
38 91 0 213 0 0 0
38 92 0 223 0 0 0
38 93 0 227 0 0 0
38 94 0 224 0 0 0
38 95 0 214 0 0 0
38 96 0 196 -248 35 -5
38 97 0 0 -258 -3 28
39 2 0 0 -35 -3 0
39 3 0 0 -40 -14 0
39 4 0 0 -48 -35 0
39 6 0 0 -51 -57 0
39 8 0 0 -51 -83 0
39 10 0 0 -54 -109 0
39 12 0 0 -58 -137 0
39 14 0 0 -64 -166 0
39 16 0 0 -71 -198 0
39 19 0 0 -81 -233 0
39 21 0 0 -95 -272 0
39 23 0 0 -116 -317 0
39 24 0 0 -147 -368 1
39 26 0 0 -195 -440 3
39 28 0 0 -271 -506 5
39 38 0 0 -709 -106 -1
39 40 0 0 -673 -61 -1
39 42 0 0 -637 -19 0
39 44 0 0 -608 5 0
39 46 0 0 -583 26 0
39 48 0 0 -561 42 0
39 51 0 0 -542 54 0
39 53 0 0 -525 64 0
39 55 0 0 -510 72 0
39 57 0 0 -496 80 0
39 59 0 0 -483 86 0
39 61 0 0 -470 93 0
39 62 0 0 -458 99 0
39 64 0 0 -445 105 0
39 67 0 0 -432 111 0
39 69 0 0 -418 117 0
39 71 0 0 -404 122 0
39 72 0 0 0 0 0
39 73 0 0 -389 126 0
39 74 0 1 0 0 0
39 75 0 3 -373 130 0
39 76 0 5 0 0 0
39 77 0 9 -356 131 0
39 78 0 15 0 0 0
39 79 0 23 -338 131 0
39 80 0 35 0 0 0
39 81 0 50 -320 127 0
39 82 0 69 0 0 0
39 83 0 91 -303 119 0
39 84 0 115 0 0 0
39 85 0 139 -287 109 0
39 86 0 163 0 0 0
39 87 0 185 -273 96 0
39 88 0 204 0 0 0
39 89 0 218 -261 80 0
39 90 0 227 0 0 0
39 91 0 231 -252 63 0
39 92 0 229 0 0 0
39 93 0 223 -245 45 0
39 94 0 211 0 0 0
39 95 0 194 -238 27 0
39 96 0 172 -237 -8 2
39 97 0 0 -243 1 -13
40 2 0 0 -34 -3 0
40 3 0 0 -35 -19 1
40 4 0 0 -26 -27 1
40 5 0 0 -31 -45 3
40 6 0 0 -25 -53 2
40 7 0 0 -35 -72 3
40 8 0 0 -24 -80 2
40 9 0 0 -40 -100 5
40 10 0 0 -26 -105 3
40 11 0 0 -44 -129 5
40 12 0 0 -27 -134 3
40 13 0 0 -48 -159 5
40 14 0 0 -30 -165 4
40 15 0 0 -53 -192 6
40 16 0 0 -33 -199 4
40 17 0 0 -59 -228 6
40 18 0 0 -39 -237 5
40 19 0 0 -66 -269 7
40 20 0 0 -47 -281 5
40 21 0 0 -76 -315 7
40 22 0 0 -58 -333 5
40 23 0 0 -86 -368 6
40 24 0 0 -72 -395 5
40 25 0 0 -98 -433 4
40 26 0 0 -98 -471 4
40 27 0 0 -124 -516 3
40 28 0 0 -137 -585 2
40 29 0 0 -188 -650 7
40 30 0 0 -260 -792 7
40 31 0 0 -509 -904 21
40 32 0 0 -802 -764 -17
40 33 0 0 -930 -482 -1
40 35 0 0 -934 -275 -4
40 37 0 0 -850 -126 0
40 72 0 0 0 0 0
40 73 0 0 0 0 0
40 74 0 2 0 0 0
40 75 0 4 0 0 0
40 76 0 7 0 0 0
40 77 0 13 0 0 0
40 78 0 21 0 0 0
40 79 0 33 0 0 0
40 80 0 49 0 0 0
40 81 0 70 0 0 0
40 82 0 96 0 0 0
40 83 0 125 0 0 0
40 84 0 157 0 0 0
40 85 0 188 0 0 0
40 86 0 217 0 0 0
40 87 0 242 0 0 0
40 88 0 259 0 0 0
40 89 0 268 0 0 0
40 90 0 269 0 0 0
40 91 0 262 0 0 0
40 92 0 249 0 0 0
40 93 0 230 0 0 0
40 94 0 207 0 0 0
40 95 0 182 0 0 0
40 96 0 155 -228 36 -5
40 97 0 0 -237 -2 28
41 2 0 0 -12 -3 1
41 3 0 0 -16 -17 0
41 4 0 0 -15 -28 0
41 5 0 0 -18 -42 0
41 6 0 0 -15 -52 0
41 7 0 0 -22 -67 1
41 8 0 0 -15 -79 0
41 9 0 0 -24 -94 1
41 10 0 0 -14 -105 0
41 11 0 0 -27 -121 0
41 12 0 0 -14 -134 0
41 13 0 0 -30 -150 0
41 14 0 0 -15 -165 -1
41 15 0 0 -34 -182 0
41 16 0 0 -17 -199 -1
41 17 0 0 -38 -218 0
41 18 0 0 -21 -238 -1
41 19 0 0 -42 -258 0
41 20 0 0 -26 -284 -1
41 21 0 0 -47 -305 0
41 22 0 0 -33 -338 0
41 23 0 0 -52 -361 3
41 24 0 0 -44 -402 3
41 25 0 0 -57 -430 7
41 26 0 0 -55 -478 6
41 27 0 0 -61 -522 6
41 28 0 0 -48 -585 6
41 29 0 0 -35 -684 -1
41 30 0 0 -60 -940 -32
41 31 0 0 -580 -1187 -44
41 32 0 0 -1032 -970 -42
41 33 0 0 -1246 -464 -38
41 38 0 0 -747 -48 -1
41 40 0 0 -709 -3 0
41 42 0 0 -659 24 0
41 44 0 0 -626 41 0
41 46 0 0 -596 55 0
41 48 0 0 -572 65 0
41 51 0 0 -551 73 0
41 53 0 0 -533 80 0
41 55 0 0 -518 87 0
41 57 0 0 -503 93 0
41 59 0 0 -490 100 0
41 60 0 0 -477 106 0
41 62 0 0 -464 112 0
41 64 0 0 -451 118 0
41 67 0 0 -438 125 0
41 69 0 0 -424 131 0
41 71 0 0 -409 137 0
41 72 0 0 0 0 0
41 73 0 1 -394 142 0
41 74 0 2 0 0 0
41 75 0 6 -376 147 0
41 76 0 10 0 0 0
41 77 0 18 -357 150 0
41 78 0 29 0 0 0
41 79 0 45 -337 150 0
41 80 0 67 0 0 0
41 81 0 95 -314 146 0
41 82 0 129 0 0 0
41 83 0 167 -293 138 0
41 84 0 208 0 0 0
41 85 0 248 -274 125 0
41 86 0 284 0 0 0
41 87 0 312 -257 109 0
41 88 0 330 0 0 0
41 89 0 335 -244 91 0
41 90 0 328 0 0 0
41 91 0 310 -233 72 0
41 92 0 283 0 0 0
41 93 0 251 -225 51 0
41 94 0 217 0 0 0
41 95 0 182 -218 31 0
41 96 0 148 -216 -6 2
41 97 0 0 -221 1 -16
42 2 0 0 -3 -1 0
42 3 0 0 -1 -18 1
42 4 0 0 -3 -27 0
42 5 0 0 -2 -42 7
42 6 0 0 -4 -52 2
42 7 0 0 -1 -72 5
42 8 0 0 -6 -78 5
42 9 0 0 -1 -100 6
42 10 0 0 -8 -106 9
42 11 0 0 -1 -130 5
42 12 0 0 -9 -135 13
42 13 0 0 -2 -162 5
42 14 0 0 -9 -167 18
42 15 0 0 -4 -198 5
42 16 0 0 -9 -202 22
42 17 0 0 -6 -239 6
42 18 0 0 -10 -243 25
42 19 0 0 -8 -286 6
42 20 0 0 -10 -291 26
42 21 0 0 -10 -343 5
42 22 0 0 -10 -347 26
42 23 0 0 -11 -409 4
42 24 0 0 -12 -413 22
42 25 0 0 -7 -488 11
42 26 0 0 -8 -495 25
42 27 0 0 -6 -579 7
42 28 0 0 2 -576 27
42 29 0 0 30 -534 -8
42 30 0 0 193 -213 1
42 31 0 0 287 704 -99
42 32 0 0 -1483 -1027 32
42 33 0 0 -1631 -462 -78
42 72 0 0 0 0 0
42 73 0 1 0 0 0
42 74 0 3 0 0 0
42 75 0 8 0 0 0
42 76 0 14 0 0 0
42 77 0 24 0 0 0
42 78 0 38 0 0 0
42 79 0 60 0 0 0
42 80 0 88 0 0 0
42 81 0 123 0 0 0
42 82 0 167 0 0 0
42 83 0 216 0 0 0
42 84 0 268 0 0 0
42 85 0 318 0 0 0
42 86 0 362 0 0 0
42 87 0 395 0 0 0
42 88 0 414 0 0 0
42 89 0 416 0 0 0
42 90 0 401 0 0 0
42 91 0 372 0 0 0
42 92 0 332 0 0 0
42 93 0 286 0 0 0
42 94 0 239 0 0 0
42 95 0 193 0 0 0
42 96 0 151 -206 36 -5
42 97 0 0 -213 -2 29
43 32 0 0 -469 -479 50
43 33 0 0 -1884 85 -102
43 34 0 0 -1258 -61 -9
43 36 0 0 -1005 -77 -3
43 38 0 0 -839 44 0
43 40 0 0 -755 31 0
43 42 0 0 -686 72 0
43 44 0 0 -643 72 0
43 46 0 0 -607 83 0
43 48 0 0 -580 87 0
43 51 0 0 -558 92 0
43 53 0 0 -539 97 0
43 55 0 0 -523 102 0
43 57 0 0 -509 107 0
43 59 0 0 -496 113 0
43 60 0 0 -483 119 0
43 62 0 0 -470 125 0
43 64 0 0 -458 131 0
43 67 0 0 -444 138 0
43 69 0 0 -431 145 0
43 71 0 0 -416 152 0
43 72 0 0 0 0 0
43 73 0 2 -399 159 0
43 74 0 5 0 0 0
43 75 0 10 -381 166 0
43 76 0 17 0 0 0
43 77 0 30 -360 171 0
43 78 0 49 0 0 0
43 79 0 75 -335 174 0
43 80 0 110 0 0 0
43 81 0 155 -308 170 0
43 82 0 209 0 0 0
43 83 0 269 -281 160 0
43 84 0 333 0 0 0
43 85 0 395 -259 145 0
43 86 0 448 0 0 0
43 87 0 487 -239 126 0
43 88 0 507 0 0 0
43 89 0 506 -224 105 0
43 90 0 485 0 0 0
43 91 0 445 -212 82 0
43 92 0 393 0 0 0
43 93 0 333 -204 58 0
43 94 0 273 0 0 0
43 95 0 216 -197 35 0
43 96 0 165 -192 -3 1
43 97 0 0 -196 1 -18
44 2 0 0 1 0 -5
44 3 0 0 -3 26 -5
44 4 0 0 4 46 0
44 5 0 0 -8 67 -5
44 6 0 0 6 88 -1
44 7 0 0 -9 110 -5
44 8 0 0 8 130 -3
44 9 0 0 -8 153 -5
44 10 0 0 9 174 -6
44 11 0 0 -8 197 -4
44 12 0 0 9 219 -7
44 13 0 0 -7 244 -2
44 14 0 0 0 263 5
44 15 0 0 -7 293 -1
44 16 0 0 0 312 5
44 17 0 0 -7 347 0
44 18 0 0 0 367 5
44 19 0 0 -3 401 -1
44 20 0 0 -1 431 6
44 21 0 0 -2 466 0
44 22 0 0 0 507 5
44 23 0 0 -3 545 0
44 24 0 0 0 605 4
44 25 0 0 -4 645 -1
44 26 0 0 6 727 -2
44 27 0 0 -4 779 -7
44 28 0 0 7 918 -15
44 29 0 0 -6 1017 -22
44 30 0 0 13 1308 -14
44 31 0 0 -11 1646 -28
44 32 0 0 -2101 2757 103
44 33 0 0 -1343 750 -79
44 72 0 0 0 0 0
44 73 0 2 0 0 0
44 74 0 6 0 0 0
44 75 0 12 0 0 0
44 76 0 21 0 0 0
44 77 0 37 0 0 0
44 78 0 59 0 0 0
44 79 0 91 0 0 0
44 80 0 134 0 0 0
44 81 0 187 0 0 0
44 82 0 252 0 0 0
44 83 0 324 0 0 0
44 84 0 400 0 0 0
44 85 0 472 0 0 0
44 86 0 534 0 0 0
44 87 0 580 0 0 0
44 88 0 602 0 0 0
44 89 0 600 0 0 0
44 90 0 572 0 0 0
44 91 0 524 0 0 0
44 92 0 460 0 0 0
44 93 0 389 0 0 0
44 94 0 316 0 0 0
44 95 0 248 0 0 0
44 96 0 188 -181 36 -5
44 97 0 0 -186 -1 29
45 2 0 0 -13 3 -1
45 3 0 0 -30 29 0
45 4 0 0 -19 37 0
45 5 0 0 -33 66 -4
45 6 0 0 -14 78 0
45 7 0 0 -38 106 -5
45 8 0 0 -8 119 0
45 9 0 0 -42 145 -6
45 10 0 0 -6 161 1
45 11 0 0 -46 186 -7
45 12 0 0 -3 204 1
45 13 0 0 -49 229 -8
45 14 0 0 0 249 0
45 15 0 0 -53 275 -8
45 16 0 0 -1 296 0
45 17 0 0 -57 324 -9
45 18 0 0 -2 348 0
45 19 0 0 -62 378 -10
45 20 0 0 -5 405 0
45 21 0 0 -69 438 -10
45 22 0 0 -11 472 0
45 23 0 0 -78 508 -11
45 24 0 0 -22 551 -1
45 25 0 0 -94 592 -11
45 26 0 0 -47 651 0
45 27 0 0 -134 713 -8
45 28 0 0 -99 802 4
45 29 0 0 -226 880 -2
45 30 0 0 -286 987 -1
45 31 0 0 -499 1215 -3
45 32 0 0 -1016 1027 -51
45 33 0 0 -922 697 -50
45 34 0 0 -1056 485 -6
45 36 0 0 -959 326 1
45 38 0 0 -797 217 1
45 40 0 0 -748 177 2
45 42 0 0 -677 141 0
45 44 0 0 -641 130 0
45 46 0 0 -607 119 0
45 48 0 0 -581 115 0
45 51 0 0 -560 114 0
45 53 0 0 -543 115 0
45 55 0 0 -528 117 0
45 57 0 0 -514 121 0
45 59 0 0 -501 126 0
45 60 0 0 -489 131 0
45 62 0 0 -477 137 0
45 63 0 0 0 0 0
45 64 0 0 -464 144 0
45 65 0 0 0 0 0
45 66 0 0 0 0 0
45 67 0 0 -451 151 0
45 68 0 0 0 0 0
45 69 0 0 -438 159 0
45 70 0 0 0 0 0
45 71 0 1 -423 168 0
45 72 0 2 0 0 0
45 73 0 5 -407 177 0
45 74 0 9 0 0 0
45 75 0 17 -387 186 0
45 76 0 28 0 0 0
45 77 0 46 -365 195 0
45 78 0 72 0 0 0
45 79 0 109 -336 202 0
45 80 0 158 0 0 0
45 81 0 220 -299 200 0
45 82 0 293 0 0 0
45 83 0 376 -267 187 0
45 84 0 462 0 0 0
45 85 0 544 -239 167 0
45 86 0 615 0 0 0
45 87 0 666 -217 144 0
45 88 0 691 0 0 0
45 89 0 687 -200 119 0
45 90 0 656 0 0 0
45 91 0 600 -186 92 0
45 92 0 528 0 0 0
45 93 0 446 -177 65 0
45 94 0 364 0 0 0
45 95 0 286 -170 40 0
45 96 0 218 -164 0 0
45 97 0 0 -167 1 -19
46 2 0 0 -44 7 0
46 3 0 0 -36 26 1
46 4 0 0 -52 55 0
46 6 0 0 -54 91 0
46 8 0 0 -54 131 0
46 10 0 0 -57 170 0
46 12 0 0 -59 212 1
46 14 0 0 -64 256 1
46 16 0 0 -69 303 1
46 19 0 0 -76 355 1
46 21 0 0 -87 411 2
46 23 0 0 -105 477 2
46 25 0 0 -132 549 1
46 27 0 0 -187 642 0
46 29 0 0 -273 732 -7
46 30 0 0 -473 865 -12
46 63 0 0 0 0 0
46 64 0 0 0 0 0
46 65 0 0 0 0 0
46 66 0 0 0 0 0
46 67 0 0 0 0 0
46 68 0 0 0 0 0
46 69 0 1 0 0 0
46 70 0 1 0 0 0
46 71 0 2 0 0 0
46 72 0 3 0 0 0
46 73 0 7 0 0 0
46 74 0 12 0 0 0
46 75 0 21 0 0 0
46 76 0 33 0 0 0
46 77 0 54 0 0 0
46 78 0 82 0 0 0
46 79 0 124 0 0 0
46 80 0 178 0 0 0
46 81 0 247 0 0 0
46 82 0 329 0 0 0
46 83 0 419 0 0 0
46 84 0 514 0 0 0
46 85 0 604 0 0 0
46 86 0 682 0 0 0
46 87 0 737 0 0 0
46 88 0 764 0 0 0
46 89 0 761 0 0 0
46 90 0 727 0 0 0
46 91 0 667 0 0 0
46 92 0 589 0 0 0
46 93 0 501 0 0 0
46 94 0 412 0 0 0
46 95 0 327 0 0 0
46 96 0 252 -153 37 -5
46 97 0 0 -155 -1 27
47 2 0 0 -67 6 0
47 3 0 0 -74 29 4
47 33 0 0 -833 749 -19
47 35 0 0 -806 487 -4
47 37 0 0 -764 358 0
47 38 0 0 -729 258 2
47 40 0 0 -684 214 0
47 42 0 0 -654 175 0
47 44 0 0 -622 158 0
47 46 0 0 -598 143 0
47 48 0 0 -576 136 0
47 51 0 0 -559 131 0
47 53 0 0 -543 130 0
47 55 0 0 -530 131 0
47 57 0 0 -518 134 0
47 59 0 0 -506 138 0
47 60 0 0 -495 143 0
47 62 0 0 -483 149 0
47 63 0 0 0 0 0
47 64 0 0 0 0 0
47 65 0 0 -472 157 0
47 66 0 0 0 0 0
47 67 0 0 -459 164 0
47 68 0 1 0 0 0
47 69 0 1 -447 173 0
47 70 0 2 0 0 0
47 71 0 3 -433 183 0
47 72 0 5 0 0 0
47 73 0 10 -418 195 0
47 74 0 16 0 0 0
47 75 0 26 -399 208 0
47 76 0 39 -376 222 0
47 77 0 61 0 0 0
47 78 0 92 0 0 0
47 79 0 137 -342 239 0
47 80 0 195 0 0 0
47 81 0 268 -293 238 0
47 82 0 353 0 0 0
47 83 0 450 -250 219 0
47 84 0 550 0 0 0
47 85 0 646 -216 195 0
47 86 0 727 0 0 0
47 87 0 785 -191 166 0
47 88 0 814 0 0 0
47 89 0 811 -173 135 0
47 90 0 777 0 0 0
47 91 0 716 -160 104 0
47 92 0 636 0 0 0
47 93 0 546 -151 73 0
47 94 0 454 0 0 0
47 95 0 365 -144 43 0
47 96 0 285 -134 5 0
47 97 0 0 -136 1 -18
48 2 0 0 -85 8 0
48 3 0 0 -79 27 4
48 4 0 0 -88 57 1
48 28 0 0 -334 640 0
48 31 0 0 -438 687 0
48 63 0 0 0 0 0
48 64 0 0 0 0 0
48 65 0 0 0 0 0
48 66 0 0 0 0 0
48 67 0 1 0 0 0
48 68 0 2 0 0 0
48 69 0 3 0 0 0
48 70 0 4 0 0 0
48 71 0 6 0 0 0
48 72 0 9 0 0 0
48 73 0 14 0 0 0
48 74 0 22 -414 229 0
48 75 0 32 0 0 0
48 76 0 47 -395 252 1
48 77 0 70 0 0 0
48 78 0 102 0 0 0
48 79 0 147 0 0 0
48 80 0 207 0 0 0
48 81 0 282 0 0 0
48 82 0 366 0 0 0
48 83 0 465 0 0 0
48 84 0 567 0 0 0
48 85 0 664 0 0 0
48 86 0 745 0 0 0
48 87 0 804 0 0 0
48 88 0 834 0 0 0
48 89 0 832 0 0 0
48 90 0 800 0 0 0
48 91 0 742 0 0 0
48 92 0 665 0 0 0
48 93 0 577 0 0 0
48 94 0 486 0 0 0
48 95 0 398 0 0 0
48 96 0 317 -123 39 -5
48 97 0 0 -121 0 23
49 2 0 0 -111 6 0
49 3 0 0 -112 28 2
49 6 0 0 -92 89 0
49 8 0 0 -93 129 0
49 10 0 0 -97 168 0
49 12 0 0 -102 209 0
49 14 0 0 -108 252 0
49 16 0 0 -117 297 0
49 18 0 0 -129 346 0
49 21 0 0 -145 398 0
49 23 0 0 -168 456 0
49 24 0 0 -203 516 0
49 26 0 0 -252 586 0
49 33 0 0 -646 602 -4
49 35 0 0 -683 454 0
49 37 0 0 -704 377 0
49 38 0 0 -666 298 0
49 40 0 0 -655 252 0
49 42 0 0 -624 210 0
49 44 0 0 -605 186 0
49 46 0 0 -585 166 0
49 48 0 0 -569 154 0
49 51 0 0 -555 147 0
49 53 0 0 -542 144 0
49 55 0 0 -531 143 0
49 57 0 0 -521 145 0
49 59 0 0 -510 149 0
49 61 0 0 -500 154 0
49 62 0 0 -490 160 0
49 63 0 0 0 0 0
49 64 0 0 0 0 0
49 65 0 0 -479 168 0
49 66 0 1 0 0 0
49 67 0 2 -468 176 0
49 68 0 3 0 0 0
49 69 0 5 -457 186 0
49 70 0 8 0 0 0
49 71 0 11 -444 197 0
49 72 0 16 0 0 0
49 73 0 22 -432 211 0
49 74 0 32 0 0 0
49 75 0 44 0 0 0
49 76 0 60 0 0 0
49 77 0 83 0 0 0
49 78 0 114 -352 284 2
49 79 0 159 0 0 0
49 80 0 216 -277 289 3
49 81 0 287 0 0 0
49 82 0 365 0 0 0
49 83 0 462 -223 262 5
49 84 0 562 0 0 0
49 85 0 656 -182 225 3
49 86 0 735 0 0 0
49 87 0 792 -155 187 2
49 88 0 822 0 0 0
49 89 0 822 -136 150 2
49 90 0 794 0 0 0
49 91 0 742 -123 115 1
49 92 0 671 0 0 0
49 93 0 590 -115 80 0
49 94 0 504 0 0 0
49 95 0 420 -109 51 0
49 96 0 340 -97 10 0
49 97 0 0 -102 2 -15
50 2 0 0 -129 7 0
50 3 0 0 -120 26 4
50 4 0 0 -125 55 2
50 6 0 0 -129 87 1
50 8 0 0 -132 126 0
50 10 0 0 -137 163 0
50 12 0 0 -143 203 0
50 14 0 0 -151 244 1
50 16 0 0 -162 286 1
50 18 0 0 -176 330 1
50 20 0 0 -195 376 1
50 22 0 0 -221 424 1
50 24 0 0 -257 469 2
50 26 0 0 -304 514 2
50 28 0 0 -374 544 3
50 30 0 0 -448 559 3
50 32 0 0 -577 527 1
50 34 0 0 -595 439 1
50 63 0 0 0 0 0
50 64 0 0 0 0 0
50 65 0 1 0 0 0
50 66 0 2 0 0 0
50 67 0 3 0 0 0
50 68 0 5 0 0 0
50 69 0 9 0 0 0
50 70 0 13 0 0 0
50 71 0 18 0 0 0
50 72 0 25 0 0 0
50 73 0 34 0 0 0
50 74 0 45 -441 251 0
50 75 0 59 0 0 0
50 76 0 75 -434 286 1
50 77 0 98 0 0 0
50 78 0 128 -385 349 2
50 79 0 169 0 0 0
50 80 0 222 -275 367 4
50 81 0 270 0 0 0
50 82 0 351 0 0 0
50 83 0 443 0 0 0
50 84 0 535 0 0 0
50 85 0 623 0 0 0
50 86 0 696 0 0 0
50 87 0 750 0 0 0
50 88 0 780 0 0 0
50 89 0 783 0 0 0
50 90 0 760 0 0 0
50 91 0 716 0 0 0
50 92 0 656 0 0 0
50 93 0 585 0 0 0
50 94 0 508 0 0 0
50 95 0 430 0 0 0
50 96 0 355 -88 34 -2
50 97 0 0 -84 0 15
51 2 0 0 -153 6 1
51 3 0 0 -154 26 3
51 36 0 0 -608 371 0
51 38 0 0 -610 309 0
51 40 0 0 -600 264 0
51 42 0 0 -591 225 0
51 44 0 0 -579 199 0
51 46 0 0 -568 179 0
51 49 0 0 -558 166 0
51 51 0 0 -549 157 0
51 53 0 0 -540 153 0
51 55 0 0 -532 153 0
51 57 0 0 -524 155 0
51 59 0 0 -515 158 0
51 61 0 0 -506 164 0
51 63 0 0 -497 171 0
51 64 0 0 0 0 0
51 65 0 1 -487 178 0
51 66 0 3 0 0 0
51 67 0 5 -477 187 0
51 68 0 9 0 0 0
51 69 0 13 -468 197 0
51 70 0 20 0 0 0
51 71 0 27 -459 209 0
51 72 0 37 0 0 0
51 73 0 50 -452 225 0
51 74 0 64 0 0 0
51 75 0 80 0 0 0
51 76 0 97 0 0 0
51 77 0 119 0 0 0
51 78 0 146 0 0 0
51 79 0 182 0 0 0
51 80 0 218 0 0 0
51 81 0 254 0 0 0
51 82 0 326 0 0 0
51 83 0 408 -198 305 0
51 84 0 491 0 0 0
51 85 0 565 -148 258 -1
51 86 0 634 0 0 0
51 87 0 684 -122 209 0
51 88 0 712 0 0 0
51 89 0 718 -105 166 2
51 90 0 702 0 0 0
51 91 0 668 -94 125 3
51 92 0 619 0 0 0
51 93 0 560 -89 86 3
51 94 0 495 0 0 0
51 95 0 426 -82 49 2
51 96 0 358 -64 15 1
51 97 0 0 -66 3 -14
52 2 0 0 -173 7 1
52 3 0 0 -164 23 4
52 4 0 0 -160 53 1
52 6 0 0 -165 84 1
52 8 0 0 -169 121 0
52 10 0 0 -175 157 0
52 12 0 0 -182 195 0
52 14 0 0 -192 233 0
52 16 0 0 -204 272 0
52 18 0 0 -219 313 0
52 20 0 0 -239 353 0
52 22 0 0 -263 395 0
52 24 0 0 -295 432 0
52 26 0 0 -333 468 0
52 28 0 0 -384 486 0
52 30 0 0 -436 493 0
52 32 0 0 -517 466 0
52 63 0 0 0 0 0
52 64 0 1 0 0 0
52 65 0 2 0 0 0
52 66 0 4 0 0 0
52 67 0 8 0 0 0
52 68 0 13 0 0 0
52 69 0 19 0 0 0
52 70 0 29 0 0 0
52 71 0 40 0 0 0
52 72 0 54 0 0 0
52 73 0 71 0 0 0
52 74 0 90 -474 251 0
52 75 0 109 0 0 0
52 76 0 128 -487 294 -2
52 77 0 149 0 0 0
52 78 0 172 -460 361 4
52 79 0 200 -389 439 3
52 80 0 188 -277 499 14
52 81 0 232 -187 444 7
52 82 0 293 -145 384 7
52 83 0 362 -102 346 5
52 84 0 424 -99 311 7
52 85 0 495 -72 282 7
52 86 0 554 -82 249 16
52 87 0 599 -57 221 5
52 88 0 626 -72 201 14
52 89 0 634 -51 169 4
52 90 0 626 -65 156 12
52 91 0 601 -48 121 4
52 92 0 565 -58 113 8
52 93 0 519 -47 82 5
52 94 0 466 -52 72 7
52 95 0 408 -46 41 3
52 96 0 348 -54 36 0
52 97 0 0 -47 3 9
53 2 0 0 -194 6 0
53 3 0 0 -193 25 2
53 34 0 0 -538 407 0
53 36 0 0 -565 364 0
53 38 0 0 -562 311 0
53 40 0 0 -567 273 0
53 42 0 0 -560 236 0
53 44 0 0 -556 209 0
53 46 0 0 -551 187 0
53 49 0 0 -547 173 0
53 51 0 0 -542 164 0
53 53 0 0 -537 160 0
53 55 0 0 -532 159 0
53 57 0 0 -527 162 0
53 59 0 0 -520 166 0
53 61 0 0 -513 172 0
53 63 0 0 -504 179 0
53 64 0 1 0 0 0
53 65 0 3 -495 187 0
53 66 0 6 0 0 0
53 67 0 11 -486 195 0
53 68 0 17 0 0 0
53 69 0 27 -478 204 0
53 70 0 40 0 0 0
53 71 0 56 -472 214 0
53 72 0 76 0 0 0
53 73 0 99 -469 228 0
53 74 0 123 0 0 0
53 75 0 147 0 0 0
53 76 0 169 0 0 0
53 77 0 189 0 0 0
53 78 0 208 -523 325 -7
53 79 0 227 -541 491 3
53 80 0 179 -274 642 8
53 81 0 207 -139 511 -5
53 82 0 231 -106 411 0
53 83 0 294 -69 363 0
53 84 0 356 -75 317 2
53 85 0 415 -52 290 1
53 86 0 466 -60 247 10
53 87 0 504 -34 225 2
53 88 0 529 -52 195 11
53 89 0 540 -27 170 1
53 90 0 537 -45 149 9
53 91 0 523 -23 124 0
53 92 0 498 -39 107 6
53 93 0 465 -22 82 1
53 94 0 423 -32 67 4
53 95 0 376 -24 41 1
53 96 0 325 -29 29 1
53 97 0 0 -20 0 0
54 2 0 0 -212 7 0
54 3 0 0 -204 21 4
54 4 0 0 -195 51 1
54 6 0 0 -200 80 1
54 8 0 0 -204 116 0
54 10 0 0 -211 150 0
54 12 0 0 -219 186 0
54 14 0 0 -229 222 0
54 16 0 0 -242 258 0
54 18 0 0 -258 295 0
54 20 0 0 -277 332 0
54 22 0 0 -299 367 0
54 25 0 0 -328 399 0
54 26 0 0 -359 427 0
54 28 0 0 -399 441 0
54 63 0 0 0 0 0
54 64 0 2 0 0 0
54 65 0 4 0 0 0
54 66 0 8 0 0 0
54 67 0 14 0 0 0
54 68 0 23 0 0 0
54 69 0 36 0 0 0
54 70 0 53 0 0 0
54 71 0 75 0 0 0
54 72 0 101 0 0 0
54 73 0 132 0 0 0
54 74 0 164 -509 238 -1
54 75 0 193 0 0 0
54 76 0 219 -557 262 -8
54 77 0 240 0 0 0
54 78 0 254 -651 372 -15
54 79 0 265 -842 514 -32
54 80 0 153 -16 740 -48
54 81 0 182 111 493 -27
54 82 0 186 -22 459 0
54 83 0 236 -22 412 1
54 84 0 287 -2 347 14
54 85 0 334 -5 313 10
54 86 0 376 0 252 18
54 87 0 408 -6 230 5
54 88 0 431 0 193 11
54 89 0 443 -3 159 -4
54 90 0 445 -18 173 7
54 91 0 439 -5 128 4
54 92 0 424 0 104 0
54 93 0 401 -1 81 2
54 94 0 371 -10 59 0
54 95 0 334 -8 43 2
54 96 0 292 -2 22 0
54 97 0 0 -1 7 1
55 2 0 0 -232 6 0
55 3 0 0 -231 24 2
55 30 0 0 -435 447 0
55 32 0 0 -483 429 0
55 34 0 0 -498 389 0
55 36 0 0 -512 350 0
55 38 0 0 -522 308 0
55 40 0 0 -526 270 0
55 42 0 0 -529 236 0
55 44 0 0 -532 209 0
55 46 0 0 -533 188 0
55 48 0 0 -535 175 0
55 51 0 0 -536 166 0
55 53 0 0 -535 163 0
55 55 0 0 -533 163 0
55 57 0 0 -530 167 0
55 59 0 0 -525 172 0
55 61 0 0 -520 180 0
55 63 0 1 -512 188 0
55 64 0 2 0 0 0
55 65 0 5 -504 196 0
55 66 0 10 0 0 0
55 67 0 17 -494 204 0
55 68 0 29 0 0 0
55 69 0 45 -488 210 0
55 70 0 67 0 0 0
55 71 0 95 -483 217 0
55 72 0 130 0 0 0
55 73 0 169 -491 221 0
55 74 0 210 0 0 0
55 75 0 247 0 0 0
55 76 0 278 0 0 0
55 77 0 300 0 0 0
55 78 0 311 -692 213 -18
55 79 0 312 -1089 190 10
56 2 0 0 -250 7 0
56 3 0 0 -242 19 4
56 4 0 0 -227 49 0
56 6 0 0 -233 76 1
56 8 0 0 -238 111 0
56 10 0 0 -245 142 0
56 12 0 0 -253 176 0
56 14 0 0 -264 210 0
56 63 0 1 0 0 0
56 64 0 3 0 0 0
56 65 0 6 0 0 0
56 66 0 11 0 0 0
56 67 0 21 0 0 0
56 68 0 34 0 0 0
56 69 0 54 0 0 0
56 70 0 81 0 0 0
56 71 0 116 0 0 0
56 72 0 158 0 0 0
56 73 0 207 0 0 0
56 74 0 257 0 0 0
56 75 0 304 0 0 0
56 76 0 342 0 0 0
56 77 0 353 0 0 0
56 78 0 354 -639 198 -7
56 79 0 336 -746 40 -5
57 2 0 0 -269 6 0
57 3 0 0 -265 23 2
57 16 0 0 -277 244 0
57 18 0 0 -293 278 0
57 20 0 0 -311 312 0
57 23 0 0 -331 344 0
57 25 0 0 -354 372 0
57 27 0 0 -378 398 0
57 29 0 0 -405 411 0
57 30 0 0 -428 416 0
57 32 0 0 -455 403 0
57 34 0 0 -464 371 0
57 36 0 0 -479 341 0
57 38 0 0 -483 301 0
57 40 0 0 -492 266 0
57 42 0 0 -499 231 0
57 44 0 0 -508 204 0
57 46 0 0 -516 184 0
57 48 0 0 -524 171 0
57 51 0 0 -530 164 0
57 53 0 0 -534 163 0
57 55 0 0 -536 164 0
57 57 0 0 -536 170 0
57 59 0 0 -533 177 0
57 61 0 0 -528 186 0
57 63 0 1 -519 195 0
57 64 0 3 0 0 0
57 65 0 7 -511 204 0
57 66 0 13 0 0 0
57 67 0 23 -499 210 0
57 68 0 39 0 0 0
57 69 0 61 -488 212 0
57 70 0 93 0 0 0
57 71 0 134 -483 209 0
57 72 0 184 0 0 0
57 73 0 242 -484 199 0
57 74 0 302 -512 178 0
57 75 0 355 0 0 0
57 76 0 399 -551 162 -7
57 77 0 419 0 0 0
57 78 0 416 -610 77 1
57 79 0 390 -701 13 0
58 2 0 0 -286 7 0
58 3 0 0 -277 17 4
58 63 0 1 0 0 0
58 64 0 3 0 0 0
58 65 0 7 0 0 0
58 66 0 13 0 0 0
58 67 0 25 0 0 0
58 68 0 42 0 0 0
58 69 0 67 0 0 0
58 70 0 102 0 0 0
58 71 0 147 0 0 0
58 72 0 204 0 0 0
58 73 0 269 0 0 0
58 74 0 338 0 0 0
58 75 0 401 0 0 0
58 76 0 452 0 0 0
58 77 0 478 0 0 0
58 78 0 471 -542 106 -1
58 79 0 444 -564 5 -8
59 2 0 0 -304 6 0
59 3 0 0 -298 21 1
59 4 0 0 -258 46 0
59 6 0 0 -264 72 1
59 8 0 0 -270 104 0
59 10 0 0 -277 134 0
59 12 0 0 -286 166 0
59 14 0 0 -297 198 0
59 16 0 0 -310 230 0
59 18 0 0 -325 262 0
59 20 0 0 -343 293 0
59 23 0 0 -361 324 0
59 25 0 0 -380 352 0
59 27 0 0 -398 376 0
59 29 0 0 -416 391 0
59 31 0 0 -428 400 0
59 33 0 0 -436 389 0
59 35 0 0 -439 367 0
59 36 0 0 -443 334 0
59 38 0 0 -448 295 0
59 40 0 0 -457 257 0
59 42 0 0 -469 221 0
59 44 0 0 -484 192 0
59 46 0 0 -501 172 0
59 48 0 0 -516 161 0
59 50 0 0 -528 156 0
59 52 0 0 -536 157 0
59 55 0 0 -541 162 0
59 57 0 0 -543 170 0
59 59 0 0 -542 180 0
59 61 0 0 -538 192 0
59 63 0 1 -529 202 0
59 64 0 3 0 0 0
59 65 0 7 -520 216 0
59 66 0 14 0 0 0
59 67 0 26 -502 221 0
59 68 0 43 0 0 0
59 69 0 69 -489 226 0
59 70 0 106 0 0 0
59 71 0 155 -469 214 0
59 72 0 217 0 0 0
59 73 0 288 -465 193 0
59 74 0 361 0 0 0
59 75 0 431 -472 159 -4
59 76 0 487 0 0 0
59 77 0 518 -490 118 -1
59 78 0 507 -512 26 -7
59 79 0 479 -530 -4 6
60 2 0 0 -320 7 0
60 3 0 0 -310 15 4
60 63 0 1 0 0 0
60 64 0 3 0 0 0
60 65 0 7 0 0 0
60 66 0 13 0 0 0
60 67 0 25 0 0 0
60 68 0 42 0 0 0
60 69 0 68 0 0 0
60 70 0 105 0 0 0
60 71 0 155 0 0 0
60 72 0 218 0 0 0
60 73 0 292 0 0 0
60 74 0 372 0 0 0
60 75 0 451 0 0 0
60 76 0 504 0 0 0
60 77 0 541 0 0 0
60 78 0 518 -476 80 -9
60 79 0 488 -474 17 -6
61 2 0 0 -336 6 0
61 3 0 0 -328 20 1
61 4 0 0 -287 43 0
61 6 0 0 -293 67 1
61 8 0 0 -299 98 0
61 10 0 0 -307 126 0
61 12 0 0 -316 156 0
61 14 0 0 -328 185 0
61 16 0 0 -341 216 0
61 18 0 0 -356 246 0
61 20 0 0 -373 276 0
61 23 0 0 -389 307 0
61 25 0 0 -406 335 0
61 27 0 0 -419 362 0
61 29 0 0 -428 382 0
61 31 0 0 -428 396 0
61 33 0 0 -419 392 0
61 35 0 0 -409 367 0
61 37 0 0 -405 332 0
61 38 0 0 -404 287 0
61 40 0 0 -416 245 0
61 42 0 0 -433 204 0
61 44 0 0 -458 173 0
61 46 0 0 -484 154 0
61 48 0 0 -508 146 0
61 50 0 0 -526 144 0
61 52 0 0 -540 149 0
61 54 0 0 -548 157 0
61 57 0 0 -554 169 0
61 59 0 0 -554 182 0
61 61 0 0 -552 197 0
61 63 0 1 -542 213 0
61 64 0 3 0 0 0
61 65 0 7 -531 229 0
61 66 0 12 0 0 0
61 67 0 23 -506 241 0
61 68 0 40 0 0 0
61 69 0 64 -480 246 0
61 70 0 99 0 0 0
61 71 0 149 -445 230 0
61 72 0 212 0 0 0
61 73 0 287 -429 198 0
61 74 0 372 0 0 0
61 75 0 444 -428 151 0
61 76 0 519 -443 98 -2
61 77 0 543 0 0 0
61 78 0 540 -450 3 -9
61 79 0 471 -492 -7 1
62 2 0 0 -351 7 0
62 3 0 0 -340 13 4
62 63 0 0 -562 222 0
62 64 0 2 0 0 0
62 65 0 6 -550 249 0
62 66 0 11 0 0 0
62 67 0 21 -520 269 0
62 68 0 35 0 0 0
62 69 0 58 0 0 0
62 70 0 90 0 0 0
62 71 0 136 0 0 0
62 72 0 195 0 0 0
62 73 0 267 0 0 0
62 74 0 351 0 0 0
62 75 0 442 0 0 0
62 76 0 528 0 0 0
62 77 0 575 0 0 0
62 78 0 605 -437 55 -12
62 79 0 543 -461 31 -4
63 2 0 0 -366 5 0
63 3 0 0 -357 19 1
63 4 0 0 -314 40 0
63 6 0 0 -321 63 1
63 8 0 0 -327 91 0
63 10 0 0 -335 117 0
63 12 0 0 -345 145 0
63 14 0 0 -357 173 0
63 16 0 0 -371 201 0
63 18 0 0 -386 230 0
63 21 0 0 -403 260 0
63 23 0 0 -420 291 0
63 25 0 0 -435 322 0
63 27 0 0 -446 354 0
63 28 0 0 -450 382 0
63 30 0 0 -440 409 0
63 32 0 0 -406 409 -1
63 35 0 0 -381 380 0
63 37 0 0 -363 337 0
63 38 0 0 -362 284 0
63 40 0 0 -374 230 -1
63 42 0 0 -398 180 -1
63 44 0 0 -434 144 -1
63 46 0 0 -474 123 0
63 48 0 0 -507 120 0
63 50 0 0 -532 125 0
63 52 0 0 -549 136 0
63 54 0 0 -561 148 0
63 56 0 0 -568 165 0
63 59 0 0 -570 181 0
63 61 0 0 -570 201 0
63 63 0 0 0 0 0
63 64 0 2 0 0 0
63 65 0 5 0 0 0
63 66 0 9 0 0 0
63 67 0 17 0 0 0
63 68 0 30 0 0 0
63 69 0 49 -479 284 -1
63 70 0 77 0 0 0
63 71 0 118 -421 264 0
63 72 0 173 0 0 0
63 73 0 239 -389 210 1
63 74 0 322 -372 146 -3
63 75 0 417 0 0 0
63 76 0 521 -376 81 -1
63 77 0 637 0 0 0
63 78 0 767 -374 -46 2
63 79 0 917 -381 -422 -19
63 80 0 0 -12 -254 -3
63 81 0 0 -2 -148 -4
63 82 0 0 -1 -98 1
63 83 0 0 -3 -67 0
63 84 0 0 -1 -50 0
63 85 0 2924 -2 -37 0
63 86 0 0 0 -29 0
63 87 0 0 -1 -23 0
63 88 0 0 0 -18 0
63 89 0 0 0 -16 0
63 90 0 5515 0 -12 0
63 91 0 0 0 -11 0
63 92 0 0 0 -7 0
63 93 0 0 0 -6 0
63 94 0 0 0 -4 0
63 95 0 5896 0 -3 0
63 96 0 0 0 -1 0
63 97 0 0 0 0 0
64 2 0 0 -380 6 0
64 3 0 0 -368 11 4
64 26 0 0 -480 347 0
64 28 0 0 -480 387 1
64 30 0 0 -458 434 3
64 47 0 0 -458 80 5
64 49 0 0 -510 89 3
64 51 0 0 -541 103 1
64 61 0 0 -595 205 0
64 62 0 0 -585 233 0
64 63 0 0 0 0 0
64 64 0 1 -580 270 1
64 65 0 4 0 0 0
64 66 0 7 -535 307 4
64 67 0 14 0 0 0
64 68 0 24 -474 344 3
64 69 0 41 0 0 0
64 70 0 64 0 0 0
64 71 0 99 -363 324 5
64 72 0 148 0 0 0
64 73 0 209 -316 250 5
64 74 0 291 0 0 0
64 75 0 389 0 0 0
64 76 0 510 0 0 0
64 77 0 658 0 0 0
64 78 0 840 -301 24 -14
64 79 0 1070 -220 -81 -8
64 80 0 1215 -95 -129 -3
64 81 0 1574 -72 -128 -7
64 82 0 1978 -30 -75 -2
64 83 0 2555 -29 -68 -5
64 84 0 3218 -14 -43 0
64 85 0 3954 -15 -40 -3
64 86 0 4742 -7 -26 0
64 87 0 5549 -7 -24 -1
64 88 0 6339 -4 -17 0
64 89 0 7120 -4 -16 -1
64 90 0 7783 -3 -11 0
64 91 0 8318 -2 -10 0
64 92 0 8664 -2 -7 0
64 93 0 8961 -2 -6 0
64 94 0 8734 -1 -3 0
64 95 0 8135 -1 -3 0
64 96 0 7203 -1 -1 0
64 97 0 0 -1 0 0
65 2 0 0 -394 5 0
65 3 0 0 -384 18 1
65 4 0 0 -340 37 0
65 6 0 0 -347 58 1
65 8 0 0 -353 84 0
65 10 0 0 -361 108 0
65 12 0 0 -372 134 0
65 14 0 0 -384 160 0
65 16 0 0 -399 186 0
65 18 0 0 -415 214 0
65 21 0 0 -433 243 0
65 23 0 0 -451 274 0
65 25 0 0 -468 308 0
65 32 0 0 -383 449 3
65 34 0 0 -336 409 3
65 37 0 0 -305 349 2
65 38 0 0 -295 281 2
65 40 0 0 -308 209 3
65 42 0 0 -343 144 4
65 45 0 0 -399 93 5
65 52 0 0 -563 121 0
65 54 0 0 -577 138 0
65 56 0 0 -587 159 0
65 59 0 0 -590 180 0
65 63 0 0 0 0 0
65 64 0 1 0 0 0
65 65 0 3 0 0 0
65 66 0 5 0 0 0
65 67 0 11 0 0 0
65 68 0 19 0 0 0
65 69 0 32 0 0 0
65 70 0 51 0 0 0
65 71 0 80 0 0 0
65 72 0 123 0 0 0
65 73 0 178 0 0 0
65 74 0 256 -285 162 0
65 75 0 356 0 0 0
65 76 0 488 -273 80 -3
65 77 0 659 0 0 0
65 78 0 883 -197 -41 -12
65 79 0 1179 -181 -59 -11
65 80 0 1455 -139 -85 -1
65 81 0 1861 -88 -68 -3
65 82 0 2500 -60 -59 0
65 83 0 3259 -36 -47 -1
65 84 0 4139 -30 -38 -1
65 85 0 5127 -17 -30 -1
65 86 0 6190 -16 -25 0
65 87 0 7286 -9 -20 -1
65 88 0 8362 -10 -17 0
65 89 0 9373 -5 -13 -1
65 90 0 10269 -7 -11 0
65 91 0 10996 -3 -8 0
65 92 0 11472 -5 -7 0
65 93 0 11599 -2 -5 0
65 94 0 11497 -3 -4 0
65 95 0 10705 -2 -2 0
65 96 0 9471 -3 -1 0
65 97 0 0 -2 0 0
66 2 0 0 -406 6 0
66 3 0 0 -394 10 4
66 26 0 0 -528 342 0
66 28 0 0 -540 400 0
66 30 0 0 -511 490 5
66 32 0 0 -383 545 2
66 45 0 0 -374 19 8
66 47 0 0 -476 0 12
66 49 0 0 -531 38 8
66 51 0 0 -566 67 1
66 61 0 0 -626 207 0
66 62 0 0 -627 239 -1
66 63 0 0 0 0 0
66 64 0 0 -628 304 0
66 65 0 2 0 0 0
66 66 0 4 -596 360 -5
66 67 0 8 0 0 0
66 68 0 14 -496 473 2
66 69 0 24 0 0 0
66 70 0 39 0 0 0
66 71 0 64 -350 431 8
66 72 0 102 0 0 0
66 73 0 152 -240 260 6
66 74 0 228 0 0 0
66 75 0 331 -200 182 3
66 76 0 474 0 0 0
66 77 0 672 0 0 0
66 78 0 944 0 0 0
66 79 0 1313 0 0 0
66 80 0 1771 0 0 0
66 81 0 2366 0 0 0
66 82 0 3168 0 0 0
66 83 0 4088 -50 -27 -3
66 84 0 5233 -29 -23 -1
66 85 0 6525 0 0 0
66 86 0 7915 0 0 0
66 87 0 9343 -17 -16 0
66 88 0 10738 0 0 0
66 89 0 12036 -11 -12 0
66 90 0 13178 0 0 0
66 91 0 14092 -7 -8 0
66 92 0 14824 0 0 0
66 93 0 14994 -5 -5 0
66 94 0 14597 0 0 0
66 95 0 13580 -4 -3 0
66 96 0 12002 -3 -1 0
66 97 0 0 -3 0 1
67 2 0 0 -419 4 0
67 3 0 0 -408 17 0
67 4 0 0 -363 34 0
67 6 0 0 -370 53 1
67 8 0 0 -377 77 0
67 10 0 0 -385 99 0
67 12 0 0 -396 122 0
67 14 0 0 -409 146 0
67 16 0 0 -425 170 0
67 19 0 0 -443 196 0
67 21 0 0 -463 224 0
67 23 0 0 -485 256 0
67 25 0 0 -508 293 0
67 34 0 0 -284 460 6
67 37 0 0 -239 367 4
67 38 0 0 -226 275 3
67 40 0 0 -242 183 4
67 42 0 0 -287 90 6
67 52 0 0 -585 99 -1
67 54 0 0 -599 124 0
67 56 0 0 -611 149 0
67 59 0 0 -616 174 0
67 63 0 0 0 0 0
67 64 0 0 0 0 0
67 65 0 1 0 0 0
67 66 0 3 0 0 0
67 67 0 5 0 0 0
67 68 0 10 0 0 0
67 69 0 18 0 0 0
67 70 0 30 0 0 0
67 71 0 51 0 0 0
67 72 0 85 0 0 0
67 73 0 131 0 0 0
67 74 0 207 0 0 0
67 75 0 314 0 0 0
67 76 0 472 -180 81 -3
67 77 0 698 0 0 0
67 78 0 1022 -158 14 -6
67 79 0 1473 0 0 0
67 80 0 2077 -95 -28 -5
67 81 0 2832 0 0 0
67 82 0 3849 0 0 0
67 83 0 5052 0 0 0
67 84 0 6521 0 0 0
67 85 0 8181 0 0 0
67 86 0 9965 0 0 0
67 87 0 11786 0 0 0
67 88 0 13546 0 0 0
67 89 0 15163 0 0 0
67 90 0 16619 0 0 0
67 91 0 17729 0 0 0
67 92 0 18421 0 0 0
67 93 0 18558 0 0 0
67 94 0 18014 0 0 0
67 95 0 16728 0 0 0
67 96 0 14763 -5 -2 0
67 97 0 0 -4 0 -1
68 2 0 0 -430 5 0
68 3 0 0 -417 8 4
68 26 0 0 -589 314 0
68 28 0 0 -626 385 -3
68 30 0 0 -634 479 -6
68 31 0 0 -547 597 9
68 32 0 0 -429 708 0
68 33 0 0 -207 658 -3
68 34 0 0 -208 558 7
68 35 0 0 -163 492 6
68 36 0 0 -155 424 8
68 37 0 0 -126 368 8
68 38 0 0 -141 314 11
68 39 0 0 -119 256 9
68 40 0 0 -147 205 15
68 41 0 0 -142 130 11
68 42 0 0 -183 87 18
68 43 0 0 -200 -11 13
68 44 0 0 -253 -49 16
68 45 0 0 -367 -139 14
68 46 0 0 -451 -72 19
68 47 0 0 -511 -80 21
68 49 0 0 -583 14 5
68 51 0 0 -603 43 2
68 61 0 0 -661 200 0
68 62 0 0 -675 231 -1
68 63 0 0 0 0 0
68 64 0 0 -699 300 0
68 65 0 1 0 0 0
68 66 0 2 -690 355 0
68 67 0 4 -621 437 6
68 68 0 7 -572 539 22
68 69 0 14 -466 663 10
68 70 0 24 -183 668 13
68 71 0 43 -165 487 12
68 72 0 75 -134 368 10
68 73 0 120 -98 257 16
68 74 0 198 0 0 0
68 75 0 312 -92 191 0
68 76 0 486 -103 106 0
68 77 0 745 0 0 0
68 78 0 1124 0 0 0
68 79 0 1664 0 0 0
68 80 0 2400 -66 5 0
68 81 0 3367 0 0 0
68 82 0 4618 -45 -5 0
68 83 0 6174 0 0 0
68 84 0 8020 0 0 0
68 85 0 10101 -30 -10 0
68 86 0 12351 0 0 0
68 87 0 14633 -20 -8 0
68 88 0 16834 0 0 0
68 89 0 18819 -14 -7 0
68 90 0 20491 0 0 0
68 91 0 21741 -10 -5 0
68 92 0 22448 0 0 0
68 93 0 22483 -8 -3 0
68 94 0 21727 0 0 0
68 95 0 20116 -6 -2 0
68 96 0 17717 -6 0 0
68 97 0 0 -6 0 2
69 2 0 0 -442 4 0
69 3 0 0 -430 15 0
69 4 0 0 -384 31 0
69 6 0 0 -391 47 0
69 8 0 0 -398 69 0
69 10 0 0 -407 89 0
69 12 0 0 -418 110 0
69 14 0 0 -432 131 0
69 16 0 0 -449 153 0
69 19 0 0 -468 175 0
69 21 0 0 -492 201 0
69 23 0 0 -519 229 0
69 25 0 0 -552 265 0
69 30 0 0 -720 426 -19
69 31 0 0 -764 637 0
69 32 0 0 -458 905 -35
69 33 0 0 -134 775 -34
69 34 0 0 -81 583 -20
69 35 0 0 -74 501 -4
69 36 0 0 -88 427 4
69 37 0 0 -75 361 3
69 38 0 0 -87 310 7
69 39 0 0 -72 238 5
69 40 0 0 -87 189 6
69 41 0 0 -84 116 2
69 42 0 0 -122 43 7
69 43 0 0 -123 -41 1
69 44 0 0 -199 -166 -6
69 45 0 0 -358 -275 -10
69 46 0 0 -531 -137 7
69 47 0 0 -576 -45 4
69 52 0 0 -617 85 -1
69 54 0 0 -625 112 0
69 56 0 0 -638 140 0
69 59 0 0 -646 164 0
69 63 0 0 0 0 0
69 64 0 0 0 0 0
69 65 0 0 0 0 0
69 66 0 1 -775 325 -16
69 67 0 2 -770 443 -21
69 68 0 5 -747 582 -5
69 69 0 12 -651 946 -10
69 70 0 21 -113 845 -5
69 71 0 40 8 560 0
69 72 0 72 0 390 10
69 73 0 119 -16 248 13
69 74 0 201 0 0 0
69 75 0 325 0 0 0
69 76 0 517 0 0 0
69 77 0 809 0 0 0
69 78 0 1245 -92 48 -2
69 79 0 1876 0 0 0
69 80 0 2751 0 0 0
69 81 0 3925 0 0 0
69 82 0 5449 0 0 0
69 83 0 7357 0 0 0
69 84 0 9637 0 0 0
69 85 0 12239 0 0 0
69 86 0 15029 0 0 0
69 87 0 17874 0 0 0
69 88 0 20588 0 0 0
69 89 0 23018 0 0 0
69 90 0 25006 0 0 0
69 91 0 26401 0 0 0
69 92 0 27073 0 0 0
69 93 0 26918 0 0 0
69 94 0 25847 0 0 0
69 95 0 23813 0 0 0
69 96 0 20890 -7 -2 0
69 97 0 0 -6 0 -2
70 2 0 0 -452 5 0
70 3 0 0 -438 7 3
70 26 0 0 -649 259 0
70 28 0 0 -733 304 -11
70 30 0 0 -854 426 -22
70 31 0 0 -1064 382 -10
70 32 0 0 -425 -233 173
70 33 0 0 98 310 -82
70 34 0 0 5 611 -7
70 35 0 0 -8 586 13
70 36 0 0 -5 531 21
70 37 0 0 -5 408 11
70 38 0 0 -2 371 27
70 39 0 0 -4 258 12
70 40 0 0 1 223 28
70 41 0 0 -10 117 10
70 42 0 0 3 6 23
70 43 0 0 -1 -98 3
70 44 0 0 34 -167 -9
70 45 0 0 -74 201 55
70 46 0 0 -713 -103 -3
70 47 0 0 -648 -80 -2
70 49 0 0 -652 -9 -4
70 51 0 0 -645 42 1
70 61 0 0 -696 181 0
70 62 0 0 -723 196 -1
70 63 0 0 0 0 0
70 64 0 0 -768 260 -13
70 65 0 0 0 0 0
70 66 0 0 -862 326 -14
70 67 0 1 -890 424 -19
70 68 0 4 -1277 636 -15
70 69 0 0 -594 -440 0
70 70 0 22 248 44 66
70 71 0 43 380 351 -32
70 72 0 78 130 236 -1
70 73 0 129 64 199 7
70 74 0 220 0 0 0
70 75 0 357 -6 143 5
70 76 0 568 0 0 0
70 77 0 895 -40 81 2
70 78 0 1387 -53 50 -1
70 79 0 2107 0 0 0
70 80 0 3119 -45 20 0
70 81 0 4492 0 0 0
70 82 0 6298 -35 9 0
70 83 0 8583 0 0 0
70 84 0 11333 0 0 0
70 85 0 14494 -26 1 0
70 86 0 17922 0 0 0
70 87 0 21434 -19 -1 0
70 88 0 24828 0 0 0
70 89 0 27877 -14 -2 0
70 90 0 30337 0 0 0
70 91 0 31974 -11 -2 0
70 92 0 32624 0 0 0
70 93 0 32199 -9 -1 0
70 94 0 30666 0 0 0
70 95 0 28036 -7 -1 0
70 96 0 24426 -8 0 0
70 97 0 0 -7 0 2
71 2 0 0 -462 3 0
71 3 0 0 -450 14 0
71 4 0 0 -403 28 0
71 6 0 0 -411 42 0
71 8 0 0 -417 62 0
71 10 0 0 -426 79 0
71 12 0 0 -438 97 0
71 14 0 0 -452 115 0
71 16 0 0 -470 134 0
71 19 0 0 -491 153 0
71 21 0 0 -518 174 0
71 23 0 0 -550 197 0
71 25 0 0 -594 223 0
71 30 0 0 -892 245 -19
71 31 0 0 -1085 278 1
71 32 0 0 -1278 30 3
71 45 0 0 -936 -19 0
71 46 0 0 -772 -59 5
71 47 0 0 -720 -16 2
71 52 0 0 -650 73 0
71 54 0 0 -653 103 0
71 56 0 0 -663 128 0
71 59 0 0 -676 146 0
71 63 0 0 0 0 0
71 64 0 0 0 0 0
71 65 0 0 0 0 0
71 66 0 0 -892 213 -4
71 67 0 0 -959 253 -19
71 68 0 4 -1232 165 -11
71 69 0 0 -1300 63 9
71 70 0 28 61 -32 -1
71 71 0 52 309 24 -29
71 72 0 94 136 142 -2
71 73 0 153 56 135 6
71 74 0 257 0 0 0
71 75 0 410 0 0 0
71 76 0 645 0 0 0
71 77 0 1006 0 0 0
71 78 0 1550 0 0 0
71 79 0 2355 0 0 0
71 80 0 3499 0 0 0
71 81 0 5065 0 0 0
71 82 0 7153 0 0 0
71 83 0 9819 0 0 0
71 84 0 13059 0 0 0
71 85 0 16825 0 0 0
71 86 0 20968 0 0 0
71 87 0 25308 0 0 0
71 88 0 29593 0 0 0
71 89 0 33511 0 0 0
71 90 0 36686 0 0 0
71 91 0 38767 0 0 0
71 92 0 39499 0 0 0
71 93 0 38761 0 0 0
71 94 0 36577 0 0 0
71 95 0 33086 0 0 0
71 96 0 28526 -8 -1 0
71 97 0 0 -7 0 -3
72 2 0 0 -471 4 0
72 3 0 0 -456 5 3
72 30 0 0 -830 202 -15
72 31 0 0 -878 81 0
72 32 0 0 -956 12 4
72 45 0 0 -837 -6 0
72 46 0 0 -743 -5 6
72 47 0 0 -728 -33 -5
72 61 0 0 -712 148 0
72 62 0 0 -749 150 -2
72 63 0 0 0 0 0
72 64 0 0 -785 177 -7
72 65 0 0 0 0 0
72 66 0 0 -874 186 -6
72 67 0 0 -888 149 -11
72 68 0 4 -961 41 -7
72 69 0 0 -1132 23 1
72 70 0 37 167 -1 5
72 71 0 68 129 14 0
72 72 0 119 92 82 -1
72 73 0 191 62 100 3
72 74 0 310 0 0 0
72 75 0 485 15 91 3
72 76 0 744 0 0 0
72 77 0 1139 -11 64 1
72 78 0 1733 -26 44 0
72 79 0 2619 0 0 0
72 80 0 3888 -26 23 0
72 81 0 5646 0 0 0
72 82 0 8018 -25 14 0
72 83 0 11075 0 0 0
72 84 0 14827 0 0 0
72 85 0 19252 -20 5 0
72 86 0 24222 0 0 0
72 87 0 29570 -16 2 0
72 88 0 35004 0 0 0
72 89 0 40089 -13 0 0
72 90 0 44313 0 0 0
72 91 0 47177 -11 0 0
72 92 0 48235 0 0 0
72 93 0 47182 -9 0 0
72 94 0 44074 0 0 0
72 95 0 39319 -8 0 0
72 96 0 33416 -8 1 0
72 97 0 0 -8 0 2
73 2 0 0 -480 3 0
73 3 0 0 -467 13 0
73 4 0 0 -420 24 0
73 6 0 0 -427 37 0
73 8 0 0 -434 54 0
73 10 0 0 -443 69 0
73 12 0 0 -454 84 0
73 14 0 0 -468 99 0
73 17 0 0 -486 114 0
73 19 0 0 -508 127 0
73 21 0 0 -534 142 0
73 23 0 0 -568 152 0
73 25 0 0 -611 165 0
73 27 0 0 -668 164 0
73 29 0 0 -738 166 -10
73 30 0 0 -802 70 -6
73 31 0 0 -854 84 -4
73 32 0 0 -891 1 7
73 45 0 0 -839 2 0
73 46 0 0 -750 1 4
73 47 0 0 -748 23 6
73 48 0 0 -688 18 -6
73 50 0 0 -686 51 2
73 52 0 0 -677 76 -1
73 54 0 0 -679 99 0
73 56 0 0 -682 119 0
73 59 0 0 -696 131 0
73 64 0 0 0 0 0
73 65 0 0 0 0 0
73 66 0 0 -880 112 -4
73 67 0 0 -884 81 -3
73 68 0 6 -926 32 -6
73 69 0 0 -1029 14 -3
73 70 0 51 124 7 -1
73 71 0 89 110 17 1
73 72 0 152 83 58 0
73 73 0 240 54 72 5
73 74 0 379 0 0 0
73 75 0 580 0 0 0
73 76 0 866 0 0 0
73 77 0 1297 0 0 0
73 78 0 1943 0 0 0
73 79 0 2908 0 0 0
73 80 0 4303 0 0 0
73 81 0 6256 0 0 0
73 82 0 8918 0 0 0
73 83 0 12385 0 0 0
73 84 0 16688 0 0 0
73 85 0 21851 0 0 0
73 86 0 27790 0 0 0
73 87 0 34356 0 0 0
73 88 0 41209 0 0 0
73 89 0 47807 0 0 0
73 90 0 53525 0 0 0
73 91 0 57633 0 0 0
73 92 0 59300 0 0 0
73 93 0 57890 0 0 0
73 94 0 53500 0 0 0
73 95 0 46977 0 0 0
73 96 0 39251 -8 -1 0
73 97 0 0 -8 0 -2
74 2 0 0 -488 3 0
74 3 0 0 -473 5 3
74 30 0 0 -760 97 -8
74 31 0 0 -764 13 0
74 32 0 0 -802 8 -23
74 45 0 0 -835 2 0
74 46 0 0 -746 13 3
74 47 0 0 -755 -8 -3
74 62 0 0 -747 119 -1
74 64 0 0 -768 120 -2
74 66 0 0 -853 98 -4
74 67 0 0 -845 75 -2
74 68 0 7 -827 10 0
74 69 0 0 -965 7 -6
74 70 0 67 108 2 0
74 71 0 115 67 8 1
74 72 0 190 60 38 0
74 73 0 296 54 51 2
74 74 0 458 0 0 0
74 75 0 687 17 54 1
74 76 0 1005 0 0 0
74 77 0 1475 2 41 1
74 78 0 2178 -12 35 0
74 79 0 3230 0 0 0
74 80 0 4763 -16 22 0
74 81 0 6933 0 0 0
74 82 0 9908 -17 15 0
74 83 0 13815 0 0 0
74 84 0 18717 -15 8 0
74 85 0 24715 0 0 0
74 86 0 31788 0 0 0
74 87 0 39819 -13 5 0
74 88 0 48451 0 0 0
74 89 0 57133 -11 2 0
74 90 0 65069 0 0 0
74 91 0 70874 -10 1 0
74 92 0 73043 0 0 0
74 93 0 70874 -9 0 0
74 94 0 64752 0 0 0
74 95 0 55977 -8 0 0
74 96 0 45952 -9 1 0
74 97 0 0 -8 0 2
75 2 0 0 -496 2 0
75 3 0 0 -483 12 0
75 4 0 0 -434 21 0
75 6 0 0 -442 32 0
75 8 0 0 -448 47 0
75 10 0 0 -457 59 0
75 12 0 0 -468 72 0
75 14 0 0 -481 83 0
75 17 0 0 -498 95 0
75 19 0 0 -519 105 0
75 21 0 0 -544 113 0
75 23 0 0 -574 119 0
75 25 0 0 -609 121 0
75 27 0 0 -653 115 0
75 29 0 0 -697 99 -1
75 30 0 0 -732 20 2
75 31 0 0 -766 14 0
75 32 0 0 -768 -10 0
75 45 0 0 -850 4 0
75 46 0 0 -763 25 4
75 47 0 0 -774 44 6
75 48 0 0 -713 35 0
75 50 0 0 -708 59 0
75 52 0 0 -698 82 0
75 54 0 0 -696 98 0
75 56 0 0 -697 113 0
75 59 0 0 -705 118 0
75 61 0 0 -719 128 1
75 66 0 0 -840 61 -5
75 67 0 0 -825 38 -1
75 68 0 8 -824 16 -1
75 69 0 0 -933 7 0
75 70 0 84 71 5 0
75 71 0 141 60 9 1
75 72 0 230 49 24 0
75 73 0 352 40 37 3
75 74 0 537 0 0 0
75 75 0 796 0 0 0
75 76 0 1148 0 0 0
75 77 0 1662 0 0 0
75 78 0 2431 0 0 0
75 79 0 3585 0 0 0
75 80 0 5280 0 0 0
75 81 0 7696 0 0 0
75 82 0 11015 0 0 0
75 83 0 15387 0 0 0
75 84 0 20927 0 0 0
75 85 0 27842 0 0 0
75 86 0 36212 0 0 0
75 87 0 46003 0 0 0
75 88 0 56995 0 0 0
75 89 0 68768 0 0 0
75 90 0 79995 0 0 0
75 91 0 87805 0 0 0
75 92 0 89842 0 0 0
75 93 0 86100 0 0 0
75 94 0 77728 0 0 0
75 95 0 66294 0 0 0
75 96 0 53541 -8 -1 0
75 97 0 0 -8 0 -2
76 2 0 0 -502 3 0
76 3 0 0 -487 3 2
76 30 0 0 -717 67 -4
76 31 0 0 -704 0 0
76 32 0 0 -731 6 -23
76 45 0 0 -857 4 2
76 46 0 0 -769 16 3
76 47 0 0 -784 3 -3
76 63 0 0 -735 95 0
76 64 0 0 -746 90 -1
76 66 0 0 -817 67 0
76 67 0 0 -806 47 -2
76 68 0 33 -762 4 0
76 69 0 0 -886 2 -4
76 70 0 100 62 0 0
76 71 0 166 39 3 0
76 72 0 265 40 20 0
76 73 0 403 37 29 1
76 74 0 608 0 0 0
76 75 0 895 18 36 1
76 76 0 1281 6 32 0
76 77 0 1843 0 0 0
76 78 0 2683 -4 26 0
76 79 0 3949 0 0 0
76 80 0 5822 -8 18 0
76 81 0 8501 0 0 0
76 82 0 12167 -11 14 0
76 83 0 16993 0 0 0
76 84 0 23156 -10 9 0
76 85 0 31008 0 0 0
76 86 0 40800 0 0 0
76 87 0 52771 -10 6 0
76 88 0 67311 0 0 0
76 89 0 84302 -9 3 0
76 90 0 100592 0 0 0
76 91 0 110525 -8 2 0
76 92 0 111498 0 0 0
76 93 0 105113 -8 1 0
76 94 0 93540 0 0 0
76 95 0 78526 -7 0 0
76 96 0 62221 -8 1 0
76 97 0 0 -8 0 2
77 2 0 0 -509 2 0
77 3 0 0 -496 11 0
77 4 0 0 -447 18 0
77 6 0 0 -454 27 0
77 8 0 0 -460 39 0
77 10 0 0 -468 49 0
77 12 0 0 -478 60 0
77 14 0 0 -491 68 0
77 17 0 0 -506 76 0
77 19 0 0 -525 82 0
77 21 0 0 -548 87 0
77 23 0 0 -575 86 0
77 25 0 0 -606 85 0
77 27 0 0 -640 73 0
77 29 0 0 -671 56 0
77 30 0 0 -699 -1 3
77 31 0 0 -714 -12 2
77 32 0 0 -710 -14 -1
77 45 0 0 -877 4 0
77 46 0 0 -787 30 4
77 47 0 0 -807 56 7
77 48 0 0 -741 47 0
77 50 0 0 -732 72 1
77 52 0 0 -716 89 0
77 54 0 0 -709 102 0
77 56 0 0 -704 111 0
77 59 0 0 -709 109 0
77 61 0 0 -716 112 1
77 66 0 0 -803 37 0
77 67 0 0 -790 20 -2
77 68 0 39 -770 11 0
77 69 0 0 -879 4 1
77 70 0 116 45 4 0
77 71 0 188 36 5 0
77 72 0 295 31 12 1
77 73 0 445 27 23 2
77 74 0 666 0 0 0
77 75 0 976 0 0 0
77 76 0 1393 0 0 0
77 77 0 2000 0 0 0
77 78 0 2908 0 0 0
77 79 0 4276 0 0 0
77 80 0 6308 0 0 0
77 81 0 9216 0 0 0
77 82 0 13183 0 0 0
77 83 0 18400 0 0 0
77 84 0 25123 0 0 0
77 85 0 33850 0 0 0
77 86 0 45107 0 0 0
77 87 0 59818 0 0 0
77 88 0 80092 0 0 0
77 89 0 106674 0 0 0
77 90 0 131853 0 0 0
77 91 0 144185 0 0 0
77 92 0 142305 0 0 0
77 93 0 131282 0 0 0
77 94 0 114314 0 0 0
77 95 0 93358 0 0 0
77 96 0 71665 -7 0 0
77 97 0 0 -8 0 -2
78 2 0 0 -515 3 0
78 3 0 0 -500 2 2
78 30 0 0 -688 42 -6
78 31 0 0 -670 -3 0
78 32 0 0 -695 1 -20
78 45 0 0 -894 6 2
78 46 0 0 -799 25 3
78 47 0 0 -821 18 -2
78 50 0 0 -754 89 0
78 66 0 0 -785 49 1
78 67 0 0 -777 36 -2
78 68 0 44 -726 2 2
78 69 0 0 -840 3 0
78 70 0 128 36 4 0
78 71 0 203 25 1 0
78 72 0 316 27 11 0
78 73 0 473 25 16 0
78 74 0 704 0 0 0
78 75 0 1030 12 21 0
78 76 0 1471 8 20 0
78 77 0 2112 0 0 0
78 78 0 3065 0 20 0
78 79 0 4496 0 0 0
78 80 0 6620 -4 16 0
78 81 0 9655 0 0 0
78 82 0 13802 -7 12 0
78 83 0 19291 0 0 0
78 84 0 26444 -7 9 0
78 85 0 35847 0 0 0
78 86 0 48376 0 0 0
78 87 0 66004 -8 6 0
78 88 0 93276 0 0 0
78 89 0 132315 -7 4 0
78 90 0 170340 0 0 0
78 91 0 188272 -7 3 0
78 92 0 183894 0 0 0
78 93 0 165489 -7 1 0
78 94 0 139126 0 0 0
78 95 0 108837 -6 1 0
78 96 0 79850 -7 1 0
78 97 0 0 -7 0 2
79 2 0 0 -521 1 0
79 3 0 0 -508 10 0
79 4 0 0 -458 15 0
79 6 0 0 -465 23 0
79 8 0 0 -470 33 0
79 10 0 0 -477 41 0
79 12 0 0 -487 49 0
79 14 0 0 -499 55 0
79 17 0 0 -513 60 0
79 19 0 0 -530 63 0
79 21 0 0 -549 64 0
79 23 0 0 -573 61 0
79 25 0 0 -598 54 0
79 27 0 0 -626 42 0
79 29 0 0 -650 32 1
79 30 0 0 -682 -16 5
79 31 0 0 -685 -20 4
79 32 0 0 -682 -15 -2
79 45 0 0 -918 2 0
79 46 0 0 -820 41 4
79 47 0 0 -846 71 7
79 48 0 0 -769 63 4
79 52 0 0 -729 103 0
79 54 0 0 -716 108 0
79 56 0 0 -706 113 0
79 59 0 0 -706 106 0
79 61 0 0 -708 103 1
79 63 0 0 -722 83 0
79 64 0 0 -721 73 0
79 66 0 0 -772 26 0
79 67 0 0 -762 12 -2
79 68 0 48 -736 9 0
79 69 0 0 -841 1 1
79 70 0 137 29 3 0
79 71 0 213 23 3 0
79 72 0 328 21 6 0
79 73 0 487 20 12 1
79 74 0 722 0 0 0
79 75 0 1055 0 0 0
79 76 0 1509 0 0 0
79 77 0 2163 0 0 0
79 78 0 3129 0 0 0
79 79 0 4561 0 0 0
79 80 0 6671 0 0 0
79 81 0 9682 0 0 0
79 82 0 13832 0 0 0
79 83 0 19403 0 0 0
79 84 0 26749 0 0 0
79 85 0 36441 0 0 0
79 86 0 49639 0 0 0
79 87 0 69129 0 0 0
79 88 0 100501 0 0 0
79 89 0 146354 0 0 0
79 90 0 194441 0 0 0
79 91 0 223864 0 0 0
79 92 0 224457 0 0 0
79 93 0 199064 0 0 0
79 94 0 159810 0 0 0
79 95 0 118780 0 0 0
79 96 0 83385 -7 0 0
79 97 0 0 -7 0 -1
80 2 0 0 -526 2 0
80 3 0 0 -510 0 2
80 27 0 0 -612 14 0
80 30 0 0 -676 33 -3
80 31 0 0 -653 -10 0
80 32 0 0 -679 -1 -17
80 45 0 0 -954 6 2
80 46 0 0 -839 31 -1
80 47 0 0 -854 23 -5
80 48 0 0 -801 99 6
80 50 0 0 -768 116 0
80 52 0 0 -734 126 0
80 66 0 0 -757 44 2
80 67 0 0 -748 30 -2
80 68 0 50 -696 1 2
80 69 0 0 -804 -1 -2
80 70 0 142 25 -1 0
80 71 0 218 17 1 0
80 72 0 332 19 7 0
80 73 0 490 18 11 0
80 74 0 722 0 0 0
80 75 0 1052 11 14 0
80 76 0 1505 7 15 0
80 77 0 2149 0 0 0
80 78 0 3089 0 14 0
80 79 0 4459 0 0 0
80 80 0 6453 -1 12 0
80 81 0 9289 0 0 0
80 82 0 13242 -4 10 0
80 83 0 18631 0 0 0
80 84 0 25807 -5 8 0
80 85 0 35230 0 0 0
80 86 0 48146 0 0 0
80 87 0 67511 -6 6 0
80 88 0 98114 0 0 0
80 89 0 141617 -6 4 0
80 90 0 190264 0 0 0
80 91 0 228830 -6 3 0
80 92 0 240076 0 0 0
80 93 0 213982 -6 2 0
80 94 0 165729 0 0 0
80 95 0 118121 -6 1 0
80 96 0 80653 -6 1 0
80 97 0 0 -6 0 1
81 2 0 0 -530 1 0
81 3 0 0 -516 9 0
81 4 0 0 -465 12 0
81 6 0 0 -472 19 0
81 8 0 0 -477 27 0
81 10 0 0 -483 33 0
81 12 0 0 -491 38 0
81 14 0 0 -501 42 0
81 17 0 0 -514 45 0
81 19 0 0 -528 45 0
81 21 0 0 -544 43 0
81 23 0 0 -564 36 0
81 25 0 0 -585 27 0
81 29 0 0 -635 2 0
81 30 0 0 -677 -41 5
81 31 0 0 -668 -30 0
81 32 0 0 -684 -14 -8
81 45 0 0 -983 1 0
81 46 0 0 -861 41 -5
81 47 0 0 -881 90 2
81 54 0 0 -716 123 0
81 56 0 0 -701 120 0
81 59 0 0 -698 107 0
81 61 0 0 -695 99 1
81 63 0 0 -704 76 0
81 64 0 0 -699 63 0
81 66 0 0 -741 20 0
81 67 0 0 -735 8 -3
81 68 0 50 -707 8 0
81 69 0 0 -809 1 1
81 70 0 143 20 2 0
81 71 0 217 15 2 0
81 72 0 328 14 4 0
81 73 0 482 14 8 1
81 74 0 706 0 0 0
81 75 0 1024 0 0 0
81 76 0 1462 0 0 0
81 77 0 2074 0 0 0
81 78 0 2955 0 0 0
81 79 0 4216 0 0 0
81 80 0 6019 0 0 0
81 81 0 8569 0 0 0
81 82 0 12145 0 0 0
81 83 0 17062 0 0 0
81 84 0 23655 0 0 0
81 85 0 32271 0 0 0
81 86 0 44036 0 0 0
81 87 0 61589 0 0 0
81 88 0 88608 0 0 0
81 89 0 125606 0 0 0
81 90 0 167197 0 0 0
81 91 0 203663 0 0 0
81 92 0 219360 0 0 0
81 93 0 199011 0 0 0
81 94 0 153748 0 0 0
81 95 0 108125 0 0 0
81 96 0 73243 -6 0 0
81 97 0 0 -6 0 -1
82 2 0 0 -535 2 0
82 3 0 0 -519 1 3
82 27 0 0 -604 -9 0
82 28 0 0 -638 -26 0
82 30 0 0 -682 -5 -4
82 31 0 0 -668 25 -5
82 32 0 0 -690 -11 -23
82 45 0 0 -956 -17 -7
82 46 0 0 -878 -6 4
82 47 0 0 -918 77 -2
82 48 0 0 -859 158 9
82 50 0 0 -785 157 0
82 52 0 0 -738 157 1
82 66 0 0 -727 41 3
82 67 0 0 -722 28 -2
82 68 0 48 -685 7 -4
82 69 0 0 -773 -1 -2
82 70 0 142 17 -1 0
82 71 0 213 15 1 0
82 72 0 319 13 4 0
82 73 0 466 13 7 0
82 74 0 678 0 0 0
82 75 0 975 0 0 0
82 76 0 1386 0 0 0
82 77 0 1950 0 0 0
82 78 0 2750 0 0 0
82 79 0 3873 0 0 0
82 80 0 5450 0 0 0
82 81 0 7658 0 0 0
82 82 0 10742 -2 8 0
82 83 0 14978 0 0 0
82 84 0 20683 -3 7 0
82 85 0 28166 0 0 0
82 86 0 38357 0 0 0
82 87 0 53380 -4 5 0
82 88 0 76175 0 0 0
82 89 0 106771 -4 4 0
82 90 0 139816 0 0 0
82 91 0 166750 -5 3 0
82 92 0 177502 0 0 0
82 93 0 163768 -5 2 0
82 94 0 130593 0 0 0
82 95 0 93450 0 0 0
82 96 0 63596 -5 1 0
82 97 0 0 -5 0 0
83 2 0 0 -541 1 0
83 3 0 0 -527 9 0
83 4 0 0 -475 12 0
83 6 0 0 -481 16 0
83 8 0 0 -485 22 0
83 10 0 0 -490 26 0
83 12 0 0 -498 30 0
83 14 0 0 -507 32 0
83 16 0 0 -518 33 0
83 19 0 0 -530 31 0
83 21 0 0 -543 27 0
83 23 0 0 -558 17 0
83 25 0 0 -579 6 0
83 30 0 0 -704 -49 0
83 31 0 0 -657 -47 -15
83 32 0 0 -664 13 -53
83 45 0 0 -602 -188 15
83 46 0 0 -1032 26 -12
83 47 0 0 -1024 172 -6
83 54 0 0 -711 141 0
83 56 0 0 -692 131 0
83 59 0 0 -685 112 0
83 61 0 0 -680 98 1
83 63 0 0 -684 73 0
83 64 0 0 -678 57 0
83 66 0 0 -715 18 0
83 67 0 0 -710 6 -3
83 68 0 44 -681 8 0
83 69 0 0 -781 0 1
83 70 0 139 14 1 0
83 71 0 206 11 1 0
83 72 0 306 10 2 0
83 73 0 444 10 5 0
83 74 0 641 0 0 0
83 75 0 913 7 9 0
83 76 0 1288 6 10 0
83 77 0 1793 0 0 0
83 78 0 2498 1 11 0
83 79 0 3472 0 0 0
83 80 0 4813 0 10 0
83 81 0 6671 0 0 0
83 82 0 9234 0 0 0
83 83 0 12725 0 0 0
83 84 0 17434 0 0 0
83 85 0 23683 0 0 0
83 86 0 32220 0 0 0
83 87 0 44605 0 0 0
83 88 0 62983 0 0 0
83 89 0 87036 0 0 0
83 90 0 111517 0 0 0
83 91 0 128487 0 0 0
83 92 0 132795 0 0 0
83 93 0 123951 0 0 0
83 94 0 103261 0 0 0
83 95 0 76498 -5 1 0
83 96 0 52869 -5 0 0
83 97 0 0 -5 0 -1
84 2 0 0 -544 2 1
84 3 0 0 -528 -2 1
84 30 0 0 -707 -14 -3
84 31 0 0 -704 -282 -3
84 32 0 0 -112 -59 -115
84 45 0 0 293 652 32
84 46 0 0 -1239 636 -29
84 47 0 0 -1086 221 -12
84 66 0 0 -701 44 2
84 67 0 0 -696 28 -2
84 68 0 38 -644 0 2
84 69 0 0 -745 -2 -3
84 70 0 135 12 0 0
84 71 0 199 8 0 0
84 72 0 292 9 3 0
84 73 0 419 9 5 0
84 74 0 599 0 0 0
84 75 0 843 0 0 0
84 76 0 1177 0 0 0
84 77 0 1618 0 0 0
84 78 0 2222 0 0 0
84 79 0 3045 0 0 0
84 80 0 4160 0 0 0
84 81 0 5688 0 0 0
84 82 0 7768 0 0 0
84 83 0 10572 0 0 0
84 84 0 14346 0 0 0
84 85 0 19411 0 0 0
84 86 0 26345 0 0 0
84 87 0 36153 0 0 0
84 88 0 49959 0 0 0
84 89 0 66950 0 0 0
84 90 0 82985 0 0 0
84 91 0 92777 0 0 0
84 92 0 94350 0 0 0
84 93 0 88982 0 0 0
84 94 0 76554 0 0 0
84 95 0 58830 0 0 0
84 96 0 41850 -4 1 0
84 97 0 0 -4 0 1
85 2 0 0 -547 0 0
85 3 0 0 -531 6 0
85 4 0 0 -476 7 0
85 6 0 0 -482 12 0
85 8 0 0 -486 16 0
85 10 0 0 -488 19 0
85 12 0 0 -494 21 -2
85 14 0 0 -503 22 -1
85 16 0 0 -511 22 0
85 19 0 0 -520 20 -1
85 21 0 0 -529 14 -1
85 23 0 0 -542 0 0
85 25 0 0 -554 -14 -1
85 26 0 0 -575 -45 0
85 28 0 0 -608 -82 -3
85 30 0 0 -603 -207 5
85 31 0 0 -609 -357 -13
85 32 0 0 -217 -430 11
85 33 0 0 -55 -300 -5
85 34 0 0 -31 -134 -1
85 35 0 0 -34 -37 -4
85 36 0 0 -20 28 -4
85 37 0 0 -17 81 0
85 38 0 0 0 149 -2
85 39 0 0 -13 222 2
85 40 0 0 1 311 1
85 41 0 0 -14 387 1
85 42 0 0 -15 543 0
85 43 0 0 -32 648 -1
85 44 0 0 -113 879 0
85 45 0 0 -395 1042 -3
85 46 0 0 -970 748 -36
85 47 0 0 -869 496 2
85 49 0 0 -844 293 1
85 51 0 0 -758 238 2
85 52 0 0 -717 202 0
85 54 0 0 -688 170 0
85 57 0 0 -673 145 1
85 59 0 0 -665 121 0
85 61 0 0 -658 100 0
85 63 0 0 -661 74 0
85 64 0 0 -654 56 0
85 66 0 0 -689 14 0
85 67 0 0 -684 7 -2
85 68 0 32 -655 8 0
85 69 0 0 -753 0 1
85 70 0 132 10 1 0
85 71 0 191 7 1 0
85 72 0 277 7 1 0
85 73 0 392 7 3 0
85 74 0 555 0 0 0
85 75 0 770 6 6 0
85 76 0 1061 4 7 0
85 77 0 1437 0 0 0
85 78 0 1943 1 8 0
85 79 0 2623 0 0 0
85 80 0 3529 0 7 0
85 81 0 4763 0 0 0
85 82 0 6428 -1 7 0
85 83 0 8655 0 0 0
85 84 0 11638 -2 6 0
85 85 0 15655 0 0 0
85 86 0 21108 0 0 0
85 87 0 28533 -3 5 0
85 88 0 38192 0 0 0
85 89 0 49057 -3 3 0
85 90 0 58608 0 0 0
85 91 0 64404 -4 3 0
85 92 0 65780 0 0 0
85 93 0 62839 -4 2 0
85 94 0 54991 0 0 0
85 95 0 43457 -4 1 0
85 96 0 31955 -4 0 0
85 97 0 0 -4 0 -1
86 2 0 0 -549 2 1
86 3 0 0 -532 -3 4
86 30 0 0 -507 -142 -17
86 31 0 0 -454 -204 -17
86 32 0 0 -333 -254 -22
86 33 0 0 -225 -190 -19
86 34 0 0 -153 -110 -15
86 35 0 0 -133 -12 -16
86 36 0 0 -95 33 -6
86 37 0 0 -110 121 -15
86 38 0 0 -81 164 -6
86 39 0 0 -113 244 -13
86 40 0 0 -93 302 -4
86 41 0 0 -140 352 -8
86 42 0 0 -147 452 -13
86 43 0 0 -218 510 -15
86 44 0 0 -317 673 -24
86 45 0 0 -524 680 -36
86 46 0 0 -663 594 -29
86 47 0 0 -726 460 -24
86 66 0 0 -676 39 2
86 67 0 0 -673 26 -2
86 68 0 9 -618 0 1
86 69 0 0 -717 -2 -3
86 70 0 130 9 0 0
86 71 0 185 6 0 0
86 72 0 262 7 2 0
86 73 0 366 7 3 0
86 74 0 511 0 0 0
86 75 0 698 0 0 0
86 76 0 947 0 0 0
86 77 0 1262 0 0 0
86 78 0 1677 0 0 0
86 79 0 2227 0 0 0
86 80 0 2949 0 0 0
86 81 0 3929 0 0 0
86 82 0 5247 0 0 0
86 83 0 7007 0 0 0
86 84 0 9353 0 0 0
86 85 0 12497 0 0 0
86 86 0 16682 0 0 0
86 87 0 22110 0 0 0
86 88 0 28587 0 0 0
86 89 0 35220 0 0 0
86 90 0 40779 0 0 0
86 91 0 44448 0 0 0
86 92 0 45868 0 0 0
86 93 0 44357 0 0 0
86 94 0 39308 0 0 0
86 95 0 31797 0 0 0
86 96 0 24124 -4 1 0
86 97 0 0 -3 0 0
87 2 0 0 -554 0 0
87 3 0 0 -544 9 1
87 4 0 0 -490 13 0
87 6 0 0 -495 10 1
87 8 0 0 -496 13 0
87 10 0 0 -498 14 0
87 12 0 0 -503 15 0
87 14 0 0 -511 15 1
87 16 0 0 -519 14 1
87 19 0 0 -523 11 1
87 21 0 0 -526 3 1
87 23 0 0 -531 -6 1
87 25 0 0 -537 -23 1
87 26 0 0 -541 -53 -2
87 28 0 0 -548 -95 -7
87 30 0 0 -488 -186 -12
87 31 0 0 -398 -161 -12
87 32 0 0 -349 -194 -22
87 33 0 0 -265 -111 -15
87 34 0 0 -232 -71 -18
87 35 0 0 -207 11 -14
87 36 0 0 -179 40 -15
87 37 0 0 -182 132 -22
87 38 0 0 -169 167 -13
87 39 0 0 -189 249 -17
87 40 0 0 -170 290 -12
87 41 0 0 -210 359 -11
87 42 0 0 -217 405 -14
87 43 0 0 -303 466 -13
87 44 0 0 -337 522 -12
87 45 0 0 -478 561 -23
87 46 0 0 -544 512 -17
87 47 0 0 -649 488 -10
87 49 0 0 -713 357 -2
87 51 0 0 -699 281 0
87 52 0 0 -675 225 1
87 54 0 0 -657 185 0
87 57 0 0 -648 155 0
87 59 0 0 -641 128 0
87 61 0 0 -637 104 0
87 63 0 0 -637 79 0
87 64 0 0 -635 55 0
87 66 0 0 -663 16 0
87 67 0 0 -661 5 -3
87 68 0 9 -630 8 0
87 69 0 0 -726 0 1
87 70 0 129 7 0 0
87 71 0 179 5 0 0
87 72 0 249 5 1 0
87 73 0 341 5 2 0
87 74 0 467 0 0 0
87 75 0 627 4 4 0
87 76 0 837 3 5 0
87 77 0 1096 0 0 0
87 78 0 1432 1 6 0
87 79 0 1870 0 0 0
87 80 0 2439 0 6 0
87 81 0 3208 0 0 0
87 82 0 4241 0 5 0
87 83 0 5627 0 0 0
87 84 0 7470 -1 5 0
87 85 0 9928 0 0 0
87 86 0 13129 0 0 0
87 87 0 17086 -2 4 0
87 88 0 21446 0 0 0
87 89 0 25546 -2 3 0
87 90 0 28836 0 0 0
87 91 0 31124 -3 2 0
87 92 0 32179 0 0 0
87 93 0 31344 -3 1 0
87 94 0 28196 0 0 0
87 95 0 23423 -3 1 0
87 96 0 18331 -3 0 0
87 97 0 0 -3 0 0
88 2 0 0 -554 2 1
88 3 0 0 -545 -10 -1
88 34 0 0 -293 7 -13
88 37 0 0 -254 99 -12
88 38 0 0 -253 190 -12
88 40 0 0 -271 289 -10
88 42 0 0 -332 376 -9
88 66 0 0 -649 52 1
88 67 0 0 -647 34 -1
88 68 0 9 -591 0 1
88 69 0 0 -687 -2 -4
88 70 0 127 6 0 0
88 71 0 173 4 0 0
88 72 0 235 5 1 0
88 73 0 316 5 2 0
88 74 0 425 0 0 0
88 75 0 560 0 0 0
88 76 0 735 0 0 0
88 77 0 946 0 0 0
88 78 0 1214 0 0 0
88 79 0 1560 0 0 0
88 80 0 2005 0 0 0
88 81 0 2604 0 0 0
88 82 0 3409 0 0 0
88 83 0 4498 0 0 0
88 84 0 5946 0 0 0
88 85 0 7877 0 0 0
88 86 0 10360 0 0 0
88 87 0 13326 0 0 0
88 88 0 16399 0 0 0
88 89 0 19080 0 0 0
88 90 0 21095 0 0 0
88 91 0 22457 0 0 0
88 92 0 23080 0 0 0
88 93 0 22570 0 0 0
88 94 0 20657 0 0 0
88 95 0 17650 0 0 0
88 96 0 14218 -3 1 0
88 97 0 0 -3 0 0
89 2 0 0 -553 -2 0
89 3 0 0 -533 0 -5
89 4 0 0 -479 -3 -1
89 6 0 0 -482 -2 0
89 8 0 0 -483 3 0
89 10 0 0 -484 8 1
89 12 0 0 -489 11 0
89 14 0 0 -499 12 1
89 16 0 0 -505 10 1
89 19 0 0 -505 6 1
89 21 0 0 -506 0 1
89 23 0 0 -509 -7 1
89 25 0 0 -504 -20 1
89 26 0 0 -493 -35 0
89 28 0 0 -460 -60 -9
89 30 0 0 -438 -80 -13
89 32 0 0 -361 -60 -10
89 45 0 0 -449 432 -13
89 47 0 0 -567 408 -8
89 49 0 0 -606 344 -5
89 51 0 0 -618 275 1
89 52 0 0 -618 229 0
89 54 0 0 -613 190 1
89 57 0 0 -613 162 1
89 59 0 0 -609 135 0
89 61 0 0 -606 110 -2
89 63 0 0 -607 85 -1
89 64 0 0 -599 69 -2
89 66 0 0 -635 17 0
89 67 0 0 -633 11 -2
89 68 0 8 -602 7 1
89 69 0 0 -694 0 1
89 70 0 125 5 0 0
89 71 0 167 4 0 0
89 72 0 221 4 0 0
89 73 0 290 4 1 0
89 74 0 383 0 0 0
89 75 0 495 3 3 0
89 76 0 638 2 4 0
89 77 0 808 0 0 0
89 78 0 1020 1 4 0
89 79 0 1293 0 0 0
89 80 0 1639 0 5 0
89 81 0 2104 0 0 0
89 82 0 2729 0 4 0
89 83 0 3578 0 0 0
89 84 0 4707 -1 4 0
89 85 0 6210 0 0 0
89 86 0 8132 0 0 0
89 87 0 10387 -1 3 0
89 88 0 12643 0 0 0
89 89 0 14514 -2 3 0
89 90 0 15834 0 0 0
89 91 0 16681 -2 2 0
89 92 0 17070 0 0 0
89 93 0 16787 -2 1 0
89 94 0 15632 0 0 0
89 95 0 13688 -2 1 0
89 96 0 11282 -2 0 0
89 97 0 0 -2 0 0
90 2 0 0 -552 1 0
90 3 0 0 -533 -1 2
90 34 0 0 -369 38 4
90 37 0 0 -350 102 1
90 38 0 0 -347 175 0
90 40 0 0 -368 247 -2
90 42 0 0 -405 314 -1
90 66 0 0 -620 39 3
90 67 0 0 -621 29 -2
90 68 0 66 -564 0 2
90 69 0 0 -657 -3 -3
90 70 0 121 4 0 0
90 71 0 158 3 0 0
90 72 0 205 3 1 0
90 73 0 263 3 1 0
90 74 0 340 0 0 0
90 75 0 431 0 0 0
90 76 0 547 0 0 0
90 77 0 683 0 0 0
90 78 0 850 0 0 0
90 79 0 1064 0 0 0
90 80 0 1334 0 0 0
90 81 0 1695 0 0 0
90 82 0 2179 0 0 0
90 83 0 2833 0 0 0
90 84 0 3698 0 0 0
90 85 0 4836 0 0 0
90 86 0 6274 0 0 0
90 87 0 7938 0 0 0
90 88 0 9583 0 0 0
90 89 0 10936 0 0 0
90 90 0 11896 0 0 0
90 91 0 12533 0 0 0
90 92 0 12877 0 0 0
90 93 0 12791 0 0 0
90 94 0 12105 0 0 0
90 95 0 10804 0 0 0
90 96 0 9056 -2 0 0
90 97 0 0 -2 0 0
91 2 0 0 -552 0 -1
91 3 0 0 -545 3 -3
91 4 0 0 -496 20 -3
91 6 0 0 -508 17 7
91 8 0 0 -517 21 4
91 10 0 0 -523 19 10
91 12 0 0 -529 16 8
91 14 0 0 -534 13 9
91 16 0 0 -537 7 9
91 19 0 0 -538 2 8
91 21 0 0 -540 -1 8
91 23 0 0 -537 -6 8
91 24 0 0 -534 -14 8
91 26 0 0 -524 -23 8
91 28 0 0 -508 -27 9
91 30 0 0 -466 -27 6
91 32 0 0 -416 -12 2
91 45 0 0 -469 353 0
91 47 0 0 -537 337 3
91 49 0 0 -583 298 4
91 51 0 0 -594 260 3
91 52 0 0 -599 224 3
91 55 0 0 -604 193 3
91 57 0 0 -604 163 3
91 59 0 0 -596 134 2
91 61 0 0 -593 109 3
91 62 0 0 -598 79 1
91 64 0 0 -581 54 -1
91 66 0 0 -615 20 0
91 67 0 0 -608 11 -1
91 68 0 66 -575 8 1
91 69 0 0 -667 -1 3
91 70 0 115 3 0 0
91 71 0 147 2 0 0
91 72 0 186 2 0 0
91 73 0 234 2 1 0
91 74 0 296 0 0 0
91 75 0 369 2 2 0
91 76 0 461 0 0 0
91 77 0 569 2 3 0
91 78 0 700 1 4 0
91 79 0 868 0 0 0
91 80 0 1078 0 4 0
91 81 0 1359 0 0 0
91 82 0 1731 0 4 0
91 83 0 2230 0 0 0
91 84 0 2877 0 3 0
91 85 0 3707 0 0 0
91 86 0 4730 0 0 0
91 87 0 5893 -1 3 0
91 88 0 7048 0 0 0
91 89 0 8037 -1 2 0
91 90 0 8799 0 0 0
91 91 0 9367 -1 2 0
91 92 0 9739 0 0 0
91 93 0 9800 -1 1 0
91 94 0 9409 0 0 0
91 95 0 8521 -2 1 0
91 96 0 7236 -2 0 0
91 97 0 0 -1 0 0
92 2 0 0 -542 3 1
92 3 0 0 -545 -33 -10
92 4 0 0 -486 -11 -1
92 6 0 0 -492 -14 10
92 8 0 0 -489 -13 7
92 10 0 0 -490 -8 10
92 12 0 0 -493 -6 8
92 14 0 0 -495 0 6
92 16 0 0 -498 0 5
92 19 0 0 -499 -1 5
92 21 0 0 -496 -2 4
92 23 0 0 -497 -3 5
92 25 0 0 -491 -7 6
92 26 0 0 -486 -3 7
92 28 0 0 -464 -2 7
92 30 0 0 -455 6 8
92 32 0 0 -421 32 7
92 35 0 0 -402 73 2
92 37 0 0 -387 125 0
92 38 0 0 -384 178 1
92 40 0 0 -399 232 2
92 42 0 0 -421 276 4
92 44 0 0 -464 301 4
92 47 0 0 -503 301 4
92 49 0 0 -528 279 3
92 51 0 0 -540 250 2
92 52 0 0 -548 222 1
92 55 0 0 -548 195 0
92 57 0 0 -550 167 0
92 59 0 0 -550 142 0
92 61 0 0 -551 125 6
92 62 0 0 -552 101 2
92 64 0 0 -543 80 6
92 66 0 0 -600 73 -1
92 67 0 0 -593 41 0
92 68 0 63 -532 0 3
92 69 0 0 -626 -1 -1
92 70 0 106 3 0 0
92 71 0 133 2 0 0
92 72 0 165 2 1 0
92 73 0 204 2 1 0
92 74 0 253 0 0 0
92 75 0 311 1 2 0
92 76 0 383 0 0 0
92 77 0 468 1 2 0
92 78 0 570 0 3 0
92 79 0 700 0 0 0
92 80 0 864 0 3 0
92 81 0 1079 0 0 0
92 82 0 1362 0 3 0
92 83 0 1735 0 0 0
92 84 0 2209 0 3 0
92 85 0 2799 0 0 0
92 86 0 3503 0 0 0
92 87 0 4285 0 3 0
92 88 0 5072 0 0 0
92 89 0 5786 -1 2 0
92 90 0 6395 0 0 0
92 91 0 6899 -1 2 0
92 92 0 7265 0 0 0
92 93 0 7398 -1 1 0
92 94 0 7186 0 0 0
92 95 0 6585 -1 0 0
92 96 0 5656 -1 0 0
92 97 0 0 -1 0 0
93 2 0 0 -524 2 1
93 3 0 0 -519 -14 -10
93 66 0 0 -572 45 -2
93 67 0 0 -575 10 4
93 68 0 4 -541 8 2
93 69 0 0 -630 0 1
93 70 0 94 2 0 0
93 71 0 117 1 0 0
93 72 0 143 1 0 0
93 73 0 173 1 1 0
93 74 0 212 0 0 0
93 75 0 256 0 0 0
93 76 0 312 0 0 0
93 77 0 378 0 0 0
93 78 0 457 0 0 0
93 79 0 558 0 0 0
93 80 0 684 0 0 0
93 81 0 848 0 0 0
93 82 0 1060 0 0 0
93 83 0 1335 0 0 0
93 84 0 1677 0 0 0
93 85 0 2090 0 0 0
93 86 0 2570 0 0 0
93 87 0 3093 0 0 0
93 88 0 3626 0 0 0
93 89 0 4135 0 0 0
93 90 0 4602 0 0 0
93 91 0 5011 0 0 0
93 92 0 5323 0 0 0
93 93 0 5463 0 0 0
93 94 0 5351 0 0 0
93 95 0 4952 0 0 0
93 96 0 4301 -1 0 0
93 97 0 0 -1 0 0
94 2 0 0 -528 15 7
94 3 0 0 -526 -14 5
94 4 0 0 -515 39 2
94 6 0 0 -528 23 63
94 8 0 0 -541 27 50
94 10 0 0 -555 19 79
94 12 0 0 -562 12 64
94 14 0 0 -561 8 78
94 16 0 0 -559 5 79
94 19 0 0 -556 5 70
94 21 0 0 -557 0 77
94 23 0 0 -556 -4 78
94 25 0 0 -556 -5 79
94 27 0 0 -550 -4 71
94 29 0 0 -539 -2 82
94 31 0 0 -527 14 67
94 33 0 0 -507 33 79
94 35 0 0 -482 66 80
94 37 0 0 -469 115 77
94 38 0 0 -470 163 74
94 40 0 0 -475 211 58
94 42 0 0 -490 252 67
94 44 0 0 -507 276 59
94 46 0 0 -530 280 66
94 48 0 0 -542 266 61
94 50 0 0 -550 246 66
94 53 0 0 -552 220 64
94 55 0 0 -554 193 67
94 57 0 0 -553 164 67
94 59 0 0 -557 135 62
94 61 0 0 -558 107 59
94 62 0 0 -554 76 57
94 64 0 0 -543 34 17
94 66 0 0 -553 46 13
94 67 0 0 -563 22 8
94 68 0 3 -509 -12 -3
94 69 0 0 -595 0 -5
94 70 0 81 1 0 0
94 71 0 100 1 0 0
94 72 0 120 1 0 0
94 73 0 144 1 1 0
94 74 0 173 0 0 0
94 75 0 207 0 1 0
94 76 0 250 0 0 0
94 77 0 301 0 2 0
94 78 0 361 0 2 0
94 79 0 438 0 0 0
94 80 0 533 0 3 0
94 81 0 656 0 0 0
94 82 0 812 0 3 0
94 83 0 1010 0 0 0
94 84 0 1253 0 0 0
94 85 0 1541 0 3 0
94 86 0 1869 0 0 0
94 87 0 2224 0 2 0
94 88 0 2589 0 0 0
94 89 0 2948 0 2 0
94 90 0 3291 0 0 0
94 91 0 3599 0 1 0
94 92 0 3838 0 0 0
94 93 0 3956 0 1 0
94 94 0 3897 0 0 0
94 95 0 3637 0 0 0
94 96 0 3195 -1 0 0
94 97 0 0 0 0 0
95 2 0 0 -533 7 6
95 3 0 0 -517 -7 31
95 66 0 0 -549 25 29
95 67 0 0 -570 -13 22
95 68 0 3 -529 -13 -4
95 69 0 0 -612 15 -10
95 70 0 67 1 0 0
95 71 0 82 1 0 0
95 72 0 98 0 0 0
95 73 0 115 0 1 0
95 74 0 138 0 0 0
95 75 0 164 0 0 0
95 76 0 196 0 0 0
95 77 0 234 0 0 0
95 78 0 280 0 0 0
95 79 0 337 0 0 0
95 80 0 407 0 0 0
95 81 0 497 0 0 0
95 82 0 609 0 0 0
95 83 0 749 0 0 0
95 84 0 918 0 0 0
95 85 0 1117 0 0 0
95 86 0 1343 0 0 0
95 87 0 1586 0 0 0
95 88 0 1840 0 0 0
95 89 0 2095 0 0 0
95 90 0 2341 0 0 0
95 91 0 2565 0 0 0
95 92 0 2741 0 0 0
95 93 0 2832 0 0 0
95 94 0 2804 0 0 0
95 95 0 2637 0 0 0
95 96 0 2343 0 0 0
95 97 0 0 0 0 0
96 2 0 0 -481 -12 52
96 3 0 0 -524 -46 19
96 4 0 0 -525 16 15
96 5 0 0 -491 -44 38
96 6 0 0 -526 -5 12
96 7 0 0 -533 -33 27
96 8 0 0 -546 9 14
96 9 0 0 -575 -48 24
96 10 0 0 -566 15 -3
96 11 0 0 -588 -30 27
96 12 0 0 -573 22 -5
96 13 0 0 -610 -25 19
96 14 0 0 -575 22 -3
96 15 0 0 -600 -14 2
96 16 0 0 -597 27 10
96 17 0 0 -587 -18 0
96 18 0 0 -607 31 10
96 19 0 0 -585 -22 0
96 20 0 0 -612 23 11
96 21 0 0 -584 -23 0
96 22 0 0 -613 19 12
96 23 0 0 -576 -22 -6
96 24 0 0 -617 23 14
96 25 0 0 -579 -18 -7
96 26 0 0 -606 41 22
96 27 0 0 -574 -16 -1
96 28 0 0 -571 32 -1
96 29 0 0 -602 13 17
96 30 0 0 -585 40 19
96 31 0 0 -571 15 1
96 32 0 0 -573 57 23
96 33 0 0 -556 39 18
96 34 0 0 -567 96 51
96 35 0 0 -538 81 15
96 36 0 0 -560 142 53
96 37 0 0 -526 124 20
96 38 0 0 -555 182 55
96 39 0 0 -521 168 21
96 40 0 0 -550 227 51
96 41 0 0 -520 208 23
96 42 0 0 -558 257 54
96 43 0 0 -523 239 22
96 44 0 0 -565 290 50
96 45 0 0 -530 257 25
96 46 0 0 -575 294 53
96 47 0 0 -538 257 25
96 48 0 0 -579 294 51
96 49 0 0 -543 244 27
96 50 0 0 -584 269 53
96 51 0 0 -546 222 27
96 52 0 0 -584 252 52
96 53 0 0 -548 197 28
96 54 0 0 -584 224 52
96 55 0 0 -549 170 29
96 56 0 0 -581 199 53
96 57 0 0 -550 143 29
96 58 0 0 -576 174 54
96 59 0 0 -550 118 30
96 60 0 0 -564 149 54
96 61 0 0 -557 93 37
96 62 0 0 -538 113 68
96 63 0 0 -554 76 36
96 64 0 0 -511 90 65
96 65 0 0 -534 46 13
96 66 0 0 -563 79 20
96 67 0 0 -594 32 5
96 68 0 2 -495 26 15
96 69 0 0 -575 28 -2
96 70 0 53 0 0 0
96 71 0 65 0 0 0
96 72 0 77 0 0 0
96 73 0 90 0 1 0
96 74 0 107 0 1 0
96 75 0 126 0 2 0
96 76 0 150 0 2 0
96 77 0 178 0 2 0
96 78 0 212 0 3 0
96 79 0 253 0 3 0
96 80 0 304 0 3 0
96 81 0 368 0 3 0
96 82 0 446 0 3 0
96 83 0 543 0 3 0
96 84 0 658 0 3 0
96 85 0 794 0 3 0
96 86 0 947 0 3 0
96 87 0 1114 0 2 0
96 88 0 1291 0 2 0
96 89 0 1472 0 2 0
96 90 0 1650 0 2 0
96 91 0 1814 0 2 0
96 92 0 1944 0 1 0
96 93 0 2018 0 1 0
96 94 0 2009 0 1 0
96 95 0 1906 0 0 0
96 96 0 1713 0 0 0
96 97 0 0 0 0 0
97 2 0 0 -490 -10 -12
97 3 0 0 -464 -7 -36
97 4 0 0 -476 -89 7
97 5 0 0 -536 -69 -6
97 6 0 0 -557 -7 -20
97 7 0 0 -471 6 -6
97 8 0 0 -552 2 -6
97 9 0 0 -565 8 -4
97 10 0 0 -547 1 -16
97 11 0 0 -464 12 -13
97 12 0 0 -547 6 -15
97 13 0 0 -465 13 -15
97 14 0 0 -462 -11 -14
97 15 0 0 -553 -12 -20
97 16 0 0 -454 -11 -15
97 17 0 0 -557 0 -19
97 18 0 0 -453 -11 -14
97 19 0 0 -556 0 -17
97 20 0 0 -451 -12 -15
97 21 0 0 -556 8 -17
97 22 0 0 -454 -13 -16
97 23 0 0 -547 1 -16
97 24 0 0 -457 -13 -16
97 25 0 0 -547 0 -17
97 26 0 0 -570 -16 -11
97 27 0 0 -553 -6 -11
97 28 0 0 -517 5 -11
97 29 0 0 -560 23 -14
97 30 0 0 -471 3 -8
97 31 0 0 -557 11 -6
97 32 0 0 -487 11 -2
97 33 0 0 -531 16 -2
97 34 0 0 -519 35 0
97 35 0 0 -533 65 -3
97 36 0 0 -531 68 6
97 37 0 0 -527 99 -2
97 38 0 0 -530 107 11
97 39 0 0 -522 130 -4
97 40 0 0 -531 142 16
97 41 0 0 -522 159 -1
97 42 0 0 -534 169 18
97 43 0 0 -522 179 -1
97 44 0 0 -532 187 19
97 45 0 0 -524 195 0
97 46 0 0 -536 189 19
97 47 0 0 -524 194 0
97 48 0 0 -535 182 19
97 49 0 0 -526 188 0
97 50 0 0 -538 164 18
97 51 0 0 -526 172 -1
97 52 0 0 -537 146 17
97 53 0 0 -528 157 -1
97 54 0 0 -539 125 16
97 55 0 0 -528 139 -2
97 56 0 0 -537 105 14
97 57 0 0 -529 122 -2
97 58 0 0 -537 85 12
97 59 0 0 -532 105 0
97 60 0 0 -543 71 10
97 61 0 0 -544 89 0
97 62 0 0 -542 65 13
97 63 0 0 -563 73 0
97 64 0 0 -533 75 -11
97 65 0 0 -495 6 4
97 66 0 0 -471 12 10
97 67 0 0 -472 3 6
97 68 0 0 -468 -8 14
97 69 0 0 -558 30 -22
97 70 0 0 0 0 0
97 71 0 0 0 0 0
97 72 0 0 0 0 0
97 73 0 0 0 1 0
97 74 0 0 0 1 0
97 75 0 0 0 1 0
97 76 0 0 0 2 0
97 77 0 0 0 2 0
97 78 0 0 0 2 0
97 79 0 0 0 2 0
97 80 0 0 0 3 0
97 81 0 0 0 3 0
97 82 0 0 0 3 0
97 83 0 0 0 3 0
97 84 0 0 0 3 0
97 85 0 0 0 3 0
97 86 0 0 0 2 0
97 87 0 0 0 2 0
97 88 0 0 0 2 0
97 89 0 0 0 2 0
97 90 0 0 0 2 0
97 91 0 0 0 1 0
97 92 0 0 0 1 0
97 93 0 0 0 1 0
97 94 0 0 0 0 0
97 95 0 0 0 0 0
97 96 0 0 0 0 0
97 97 0 0 0 0 0
