env_min(m) 0.0000 0.0000 0.0000
env_max(m) 10.0000 10.0000 3.0000
NumCells_XYZ 100 100 30
CellSizes_XYZ[m] 0.1000 0.1000 0.1000
GasSourceLocation_XYZ[m] 4.3571 4.2143 0.5000
GasType ethanol
Cell_x	 Cell_y	 Cell_z	 Gas_conc[10^⁻3ppm]	 Wind_u[10^⁻3m/s]	 Wind_v[10^⁻3m/s]	 Wind_w[10^⁻3m/s]
2 2 0 0 0 0 0
2 3 0 0 1 -1 0
2 4 0 0 1 -5 0
2 5 0 0 1 -5 0
2 6 0 0 1 -8 0
2 7 0 0 2 -8 0
2 8 0 0 0 -11 0
2 9 0 0 0 -11 0
2 10 0 0 -1 -12 0
2 11 0 0 0 -12 0
2 12 0 0 -1 -11 0
2 13 0 0 -1 -11 0
2 14 0 0 -2 -8 0
2 15 0 0 -2 -7 0
2 16 0 0 0 -1 0
2 17 0 0 0 0 0
2 35 0 0 483 6 8
2 36 0 0 487 11 11
2 37 0 0 489 5 -19
2 38 0 0 471 0 -5
2 39 0 0 482 -5 -15
2 40 0 0 468 -2 -1
2 41 0 0 481 -9 -13
2 42 0 0 468 -5 -1
2 43 0 0 482 -11 -15
2 44 0 0 470 -5 -1
2 45 0 0 483 -12 -16
2 46 0 0 484 -12 -17
2 47 0 0 483 -12 -16
2 48 0 0 481 -9 -11
2 49 0 0 484 -11 -17
2 50 0 0 471 -5 -2
2 51 0 0 484 -11 -17
2 52 0 0 471 -5 -2
2 53 0 0 484 -11 -17
2 54 0 0 471 -4 -2
2 55 0 0 484 -11 -17
2 56 0 0 471 -4 -2
2 57 0 0 484 -11 -17
2 58 0 0 471 -4 -2
2 59 0 0 484 -11 -17
2 60 0 0 470 -4 -2
2 61 0 0 484 -11 -17
2 62 0 0 470 -4 -2
2 63 0 0 484 -10 -17
2 64 0 0 470 -3 -2
2 65 0 0 484 -10 -17
2 66 0 0 469 -3 -2
2 67 0 0 484 -10 -17
2 68 0 0 469 -3 -2
2 69 0 0 484 -9 -17
2 70 0 0 469 -3 -2
2 71 0 0 484 -9 -17
2 72 0 0 468 -2 -2
2 73 0 0 484 -8 -18
2 74 0 0 467 -1 -2
2 75 0 0 484 -8 -19
2 76 0 0 466 -1 -2
2 77 0 0 483 -7 -20
2 78 0 0 464 0 -1
2 79 0 0 483 -6 -20
2 80 0 0 464 0 -1
2 81 0 0 483 -5 -22
2 82 0 0 469 1 0
2 83 0 0 482 -3 -23
2 84 0 0 470 4 3
2 85 0 0 482 0 -21
2 86 0 0 474 7 8
2 87 0 0 476 4 -10
2 88 0 0 477 7 10
2 89 0 0 473 4 -10
2 90 0 0 475 1 15
2 91 0 0 470 0 -7
2 92 0 0 460 0 36
2 93 0 0 452 4 -14
2 94 0 0 462 1 7
2 95 0 0 461 5 11
2 96 0 0 472 0 -40
2 97 0 0 526 16 -42
3 2 0 0 2 -1 0
3 3 0 0 3 -3 0
3 4 0 0 2 -4 0
3 5 0 0 3 -7 0
3 6 0 0 1 -8 0
3 7 0 0 4 -10 0
3 8 0 0 0 -11 0
3 9 0 0 3 -13 0
3 10 0 0 -2 -14 0
3 11 0 0 2 -14 0
3 12 0 0 -3 -13 0
3 13 0 0 0 -12 0
3 14 0 0 -5 -11 0
3 15 0 0 -4 -6 0
3 16 0 0 -3 0 0
3 35 0 0 396 -48 -10
3 36 0 0 588 -77 -8
3 37 0 0 571 -110 1
3 38 0 0 519 -104 8
3 39 0 0 525 -138 24
3 40 0 0 521 -127 21
3 41 0 0 526 -169 27
3 42 0 0 516 -146 19
3 43 0 0 526 -179 25
3 44 0 0 519 -151 19
3 45 0 0 534 -188 25
3 46 0 0 514 -157 18
3 47 0 0 529 -184 25
3 48 0 0 520 -150 19
3 49 0 0 543 -187 23
3 50 0 0 519 -152 19
3 51 0 0 541 -186 23
3 52 0 0 517 -150 18
3 53 0 0 538 -182 23
3 54 0 0 520 -146 18
3 55 0 0 541 -181 23
3 56 0 0 519 -145 18
3 57 0 0 538 -178 23
3 58 0 0 519 -141 18
3 59 0 0 539 -175 23
3 60 0 0 520 -138 18
3 61 0 0 539 -173 23
3 62 0 0 520 -135 18
3 63 0 0 537 -169 24
3 64 0 0 521 -130 18
3 65 0 0 539 -167 24
3 66 0 0 519 -128 18
3 67 0 0 536 -162 24
3 68 0 0 522 -122 18
3 69 0 0 540 -160 24
3 70 0 0 520 -119 18
3 71 0 0 537 -155 24
3 72 0 0 521 -113 18
3 73 0 0 538 -150 24
3 74 0 0 522 -107 18
3 75 0 0 540 -147 24
3 76 0 0 520 -103 18
3 77 0 0 538 -141 25
3 78 0 0 520 -94 17
3 79 0 0 536 -130 26
3 80 0 0 522 -85 17
3 81 0 0 540 -126 26
3 82 0 0 520 -79 15
3 83 0 0 536 -112 24
3 84 0 0 525 -65 15
3 85 0 0 539 -104 24
3 86 0 0 525 -55 14
3 87 0 0 535 -89 22
3 88 0 0 526 -38 17
3 89 0 0 534 -73 21
3 90 0 0 529 -23 6
3 91 0 0 529 -46 12
3 92 0 0 525 -6 27
3 93 0 0 515 -46 18
3 94 0 0 498 6 31
3 95 0 0 493 -27 21
3 96 0 0 514 39 7
3 97 0 0 444 36 34
4 2 0 0 5 -1 0
4 3 0 0 4 -2 0
4 14 0 0 -6 -10 0
4 15 0 0 -7 -7 0
4 16 0 0 -10 0 0
4 35 0 0 635 8 -1
4 36 0 0 611 -17 23
4 37 0 0 565 -76 26
4 39 0 0 566 -117 1
4 41 0 0 550 -148 0
4 42 0 0 533 -160 0
4 44 0 0 533 -166 6
4 46 0 0 517 -165 3
4 48 0 0 527 -168 16
4 51 0 0 522 -167 13
4 53 0 0 518 -164 7
4 55 0 0 525 -160 12
4 57 0 0 520 -158 10
4 59 0 0 523 -154 10
4 61 0 0 522 -151 11
4 63 0 0 520 -148 10
4 65 0 0 524 -145 11
4 67 0 0 518 -141 9
4 69 0 0 525 -137 14
4 71 0 0 517 -133 11
4 73 0 0 521 -127 12
4 75 0 0 522 -121 15
4 77 0 0 513 -117 11
4 79 0 0 515 -108 5
4 81 0 0 523 -99 12
4 83 0 0 511 -93 8
4 85 0 0 523 -79 8
4 87 0 0 515 -73 21
4 89 0 0 512 -66 19
4 91 0 0 519 -59 1
4 93 0 0 523 -54 -6
4 95 0 0 515 -54 -15
4 96 0 0 514 -35 24
4 97 0 0 521 -3 25
5 2 0 0 5 -1 0
5 3 0 0 7 -3 0
5 5 0 0 5 -5 0
5 7 0 0 4 -9 0
5 9 0 0 3 -12 0
5 11 0 0 0 -13 0
5 13 0 0 -2 -15 0
5 14 0 0 -11 -12 0
5 15 0 0 -11 -9 0
5 16 0 0 -12 -1 1
5 35 0 0 617 -4 -2
5 36 0 0 598 -64 7
5 37 0 0 579 -90 9
5 96 0 0 501 11 3
5 97 0 0 496 6 11
6 2 0 0 9 -1 0
6 3 0 0 8 -2 0
6 14 0 0 -11 -16 1
6 15 0 0 -16 -13 0
6 16 0 0 -23 0 0
6 35 0 0 733 -10 2
6 36 0 0 637 -77 -1
6 37 0 0 607 -100 -3
6 39 0 0 552 -190 2
6 41 0 0 534 -173 10
6 42 0 0 510 -187 10
6 44 0 0 501 -172 4
6 46 0 0 492 -173 13
6 48 0 0 493 -173 13
6 51 0 0 488 -165 8
6 53 0 0 489 -164 13
6 55 0 0 488 -161 12
6 57 0 0 488 -156 9
6 59 0 0 488 -155 13
6 61 0 0 488 -149 8
6 63 0 0 487 -149 13
6 65 0 0 487 -143 7
6 67 0 0 485 -141 14
6 69 0 0 484 -136 11
6 71 0 0 483 -133 13
6 73 0 0 481 -127 13
6 75 0 0 479 -122 15
6 77 0 0 478 -113 6
6 79 0 0 476 -109 16
6 81 0 0 477 -97 5
6 83 0 0 477 -88 14
6 85 0 0 481 -78 3
6 87 0 0 477 -63 13
6 89 0 0 473 -50 16
6 91 0 0 474 -42 8
6 93 0 0 474 -24 11
6 95 0 0 461 -8 8
6 96 0 0 483 -29 5
6 97 0 0 498 0 13
7 2 0 0 9 -2 0
7 3 0 0 11 -5 0
7 5 0 0 9 -7 0
7 7 0 0 8 -10 0
7 9 0 0 6 -15 0
7 10 0 0 1 -18 0
7 13 0 0 -2 -23 0
7 14 0 0 -17 -22 2
7 15 0 0 -17 -20 0
7 16 0 0 -29 -2 0
7 35 0 0 754 -36 -4
7 36 0 0 643 -121 -8
7 37 0 0 635 -183 -12
7 96 0 0 485 41 -2
7 97 0 0 489 0 13
8 2 0 0 13 -1 0
8 3 0 0 13 -1 0
8 5 0 0 14 -7 0
8 7 0 0 13 -12 0
8 8 0 0 11 -19 0
8 14 0 0 -14 -31 1
8 15 0 0 -31 -38 1
8 16 0 0 -67 -20 -1
8 17 0 0 -51 -1 -8
8 35 0 0 916 -132 -2
8 36 0 0 752 -218 -23
8 37 0 0 680 -178 -8
8 41 0 0 532 -196 0
8 42 0 0 526 -202 -4
8 44 0 0 508 -183 -1
8 46 0 0 507 -180 -2
8 48 0 0 501 -173 0
8 50 0 0 501 -168 -2
8 53 0 0 498 -163 0
8 55 0 0 500 -160 -1
8 57 0 0 498 -156 -1
8 59 0 0 499 -154 -1
8 61 0 0 498 -150 -1
8 63 0 0 497 -148 0
8 65 0 0 498 -145 -1
8 67 0 0 494 -141 0
8 69 0 0 495 -138 -1
8 71 0 0 491 -133 0
8 73 0 0 489 -128 0
8 75 0 0 486 -122 -1
8 77 0 0 483 -115 -1
8 79 0 0 478 -107 0
8 81 0 0 480 -99 -1
8 83 0 0 474 -90 0
8 85 0 0 480 -80 -1
8 87 0 0 468 -69 0
8 89 0 0 469 -59 0
8 91 0 0 474 -50 -1
8 93 0 0 468 -36 0
8 95 0 0 462 -27 -3
8 96 0 0 478 -26 6
8 97 0 0 492 0 9
9 2 0 0 14 -3 -1
9 3 0 0 17 -6 0
9 10 0 0 6 -24 0
9 12 0 0 0 -35 1
9 14 0 0 -14 -42 3
9 15 0 0 -23 -54 0
9 16 0 0 -78 -62 -1
9 17 0 0 -11 -161 5
9 18 0 0 -4 -157 -8
9 19 0 0 -3 -168 14
9 20 0 0 7 -167 5
9 21 0 0 -4 -196 12
9 22 0 0 5 -195 7
9 23 0 0 -6 -233 8
9 24 0 0 3 -225 7
9 25 0 0 -8 -274 3
9 26 0 0 3 -266 7
9 27 0 0 -11 -323 -4
9 28 0 0 3 -325 7
9 29 0 0 -13 -383 -13
9 30 0 0 5 -418 8
9 31 0 0 -10 -463 -21
9 32 0 0 2 -574 13
9 33 0 0 -86 -257 -90
9 34 0 0 -168 -178 -164
9 35 0 0 990 -557 -56
9 36 0 0 713 -375 -18
9 37 0 0 648 -281 -12
9 39 0 0 577 -238 -17
9 96 0 0 468 18 -4
9 97 0 0 486 -2 10
10 2 0 0 19 0 0
10 3 0 0 18 -1 0
10 5 0 0 19 -8 0
10 7 0 0 19 -13 0
10 8 0 0 18 -21 0
10 14 0 0 0 -47 4
10 15 0 0 -5 -67 3
10 16 0 0 -12 -91 0
10 17 0 0 0 -115 2
10 18 0 0 5 -125 0
10 19 0 0 18 -138 3
10 20 0 0 9 -143 0
10 21 0 0 23 -161 1
10 22 0 0 13 -171 -3
10 23 0 0 28 -191 2
10 24 0 0 17 -206 -1
10 25 0 0 32 -228 3
10 26 0 0 22 -248 0
10 27 0 0 39 -273 4
10 28 0 0 31 -300 1
10 29 0 0 50 -331 5
10 30 0 0 49 -370 1
10 31 0 0 68 -411 0
10 32 0 0 80 -472 0
10 33 0 0 122 -579 -12
10 34 0 0 286 -776 6
10 35 0 0 670 -531 -3
10 36 0 0 594 -350 -12
10 37 0 0 573 -294 -12
10 42 0 0 493 -213 0
10 44 0 0 481 -194 0
10 46 0 0 480 -184 0
10 48 0 0 480 -174 0
10 50 0 0 479 -168 0
10 53 0 0 480 -164 0
10 55 0 0 481 -160 0
10 57 0 0 481 -157 1
10 59 0 0 481 -155 1
10 61 0 0 482 -152 0
10 63 0 0 480 -151 0
10 65 0 0 481 -147 0
10 67 0 0 477 -145 0
10 69 0 0 476 -142 0
10 71 0 0 472 -138 0
10 73 0 0 469 -133 0
10 75 0 0 465 -128 0
10 77 0 0 463 -120 -1
10 79 0 0 456 -114 -1
10 81 0 0 457 -103 -1
10 83 0 0 449 -96 -1
10 85 0 0 453 -82 0
10 87 0 0 446 -71 -1
10 89 0 0 444 -60 0
10 91 0 0 448 -46 0
10 93 0 0 442 -31 1
10 95 0 0 438 -17 0
10 96 0 0 462 -35 5
10 97 0 0 479 -1 6
11 2 0 0 19 -3 -1
11 3 0 0 23 -7 0
11 10 0 0 17 -29 0
11 12 0 0 11 -45 0
11 14 0 0 4 -51 4
11 15 0 0 12 -74 2
11 16 0 0 0 -92 0
11 17 0 0 20 -110 2
11 18 0 0 11 -120 1
11 19 0 0 29 -135 3
11 20 0 0 22 -141 4
11 21 0 0 38 -161 4
11 22 0 0 27 -172 5
11 23 0 0 43 -195 4
11 24 0 0 34 -207 5
11 25 0 0 52 -233 4
11 26 0 0 42 -249 4
11 27 0 0 63 -277 3
11 28 0 0 57 -298 3
11 29 0 0 80 -330 3
11 30 0 0 76 -361 2
11 31 0 0 115 -393 6
11 32 0 0 145 -454 8
11 33 0 0 200 -498 14
11 34 0 0 262 -585 19
11 35 0 0 500 -510 25
11 36 0 0 455 -357 12
11 37 0 0 521 -340 0
11 39 0 0 523 -273 -3
11 41 0 0 494 -234 -1
11 96 0 0 453 16 -4
11 97 0 0 471 -4 8
12 2 0 0 24 0 1
12 3 0 0 24 0 0
12 5 0 0 25 -8 0
12 7 0 0 26 -13 0
12 8 0 0 27 -21 0
12 21 0 0 51 -143 0
12 23 0 0 60 -172 0
12 25 0 0 73 -203 0
12 26 0 0 92 -240 1
12 28 0 0 118 -285 3
12 30 0 0 158 -330 5
12 42 0 0 476 -216 0
12 44 0 0 473 -192 0
12 46 0 0 480 -185 0
12 48 0 0 480 -173 0
12 50 0 0 484 -168 0
12 53 0 0 485 -163 0
12 55 0 0 488 -159 0
12 57 0 0 489 -156 0
12 59 0 0 490 -155 0
12 61 0 0 490 -153 0
12 63 0 0 489 -151 0
12 65 0 0 488 -150 0
12 67 0 0 485 -147 0
12 69 0 0 483 -145 0
12 71 0 0 479 -141 0
12 73 0 0 475 -137 0
12 75 0 0 470 -132 -1
12 77 0 0 466 -125 -1
12 79 0 0 460 -117 -1
12 81 0 0 457 -108 -1
12 83 0 0 450 -98 -1
12 85 0 0 449 -88 0
12 87 0 0 442 -74 0
12 89 0 0 441 -64 0
12 91 0 0 439 -50 0
12 93 0 0 433 -35 0
12 95 0 0 430 -24 0
12 96 0 0 449 -35 6
12 97 0 0 465 0 4
13 2 0 0 24 -2 -1
13 3 0 0 29 -8 0
13 10 0 0 29 -31 0
13 12 0 0 25 -45 0
13 14 0 0 31 -64 0
13 16 0 0 34 -91 0
13 18 0 0 43 -118 0
13 33 0 0 230 -398 6
13 35 0 0 352 -410 4
13 37 0 0 441 -335 0
13 39 0 0 469 -281 0
13 41 0 0 469 -234 0
13 96 0 0 439 15 -3
13 97 0 0 456 -5 9
14 2 0 0 29 0 1
14 3 0 0 31 0 0
14 18 0 0 65 -109 0
14 21 0 0 76 -132 0
14 23 0 0 89 -159 1
14 25 0 0 104 -188 0
14 26 0 0 124 -220 1
14 28 0 0 151 -254 1
14 30 0 0 191 -288 2
14 32 0 0 246 -322 3
14 42 0 0 453 -205 0
14 44 0 0 453 -190 -1
14 46 0 0 462 -179 0
14 48 0 0 466 -170 0
14 50 0 0 470 -165 0
14 53 0 0 474 -160 0
14 55 0 0 477 -158 0
14 57 0 0 480 -155 0
14 59 0 0 481 -154 0
14 61 0 0 482 -154 0
14 63 0 0 481 -153 0
14 65 0 0 480 -152 0
14 67 0 0 477 -151 0
14 69 0 0 473 -149 0
14 71 0 0 468 -146 0
14 73 0 0 463 -142 0
14 75 0 0 457 -137 0
14 77 0 0 451 -131 -1
14 79 0 0 445 -123 -1
14 81 0 0 440 -114 -1
14 83 0 0 433 -104 -1
14 85 0 0 429 -92 0
14 87 0 0 424 -79 -1
14 89 0 0 420 -67 -1
14 91 0 0 419 -51 0
14 93 0 0 415 -37 0
14 95 0 0 411 -22 -1
14 96 0 0 434 -35 6
14 97 0 0 447 -1 3
15 2 0 0 29 0 -1
15 3 0 0 34 -8 0
15 5 0 0 31 -6 0
15 7 0 0 33 -11 0
15 8 0 0 37 -19 0
15 10 0 0 41 -29 0
15 12 0 0 45 -44 0
15 14 0 0 49 -64 0
15 16 0 0 55 -85 0
15 35 0 0 324 -324 3
15 37 0 0 384 -294 3
15 39 0 0 425 -254 1
15 41 0 0 432 -227 0
15 96 0 0 423 15 -3
15 97 0 0 440 -5 11
16 2 0 0 32 2 1
16 3 0 0 36 3 0
16 12 0 0 61 -38 0
16 14 0 0 70 -55 0
16 16 0 0 79 -76 0
16 18 0 0 90 -98 0
16 21 0 0 102 -121 0
16 23 0 0 116 -145 0
16 25 0 0 133 -170 0
16 26 0 0 154 -195 0
16 28 0 0 183 -222 0
16 30 0 0 218 -245 0
16 32 0 0 263 -264 0
16 35 0 0 318 -266 -1
16 37 0 0 366 -252 0
16 39 0 0 398 -230 0
16 41 0 0 419 -209 0
16 42 0 0 435 -195 0
16 44 0 0 445 -180 0
16 46 0 0 456 -173 0
16 48 0 0 462 -163 0
16 50 0 0 470 -160 0
16 53 0 0 475 -156 0
16 55 0 0 479 -154 0
16 57 0 0 483 -153 0
16 59 0 0 485 -153 0
16 61 0 0 485 -154 0
16 63 0 0 485 -154 0
16 65 0 0 483 -154 0
16 67 0 0 480 -154 0
16 69 0 0 475 -154 0
16 71 0 0 470 -152 0
16 73 0 0 463 -148 0
16 75 0 0 456 -144 0
16 77 0 0 449 -137 0
16 79 0 0 441 -130 0
16 81 0 0 434 -121 0
16 83 0 0 426 -110 0
16 85 0 0 421 -98 0
16 87 0 0 414 -85 0
16 89 0 0 410 -71 0
16 91 0 0 406 -55 -1
16 93 0 0 403 -39 0
16 96 0 0 418 -36 6
16 97 0 0 430 0 2
17 2 0 0 33 0 -1
17 3 0 0 38 -7 0
17 5 0 0 35 -3 0
17 7 0 0 39 -7 0
17 8 0 0 45 -13 0
17 10 0 0 53 -23 0
17 95 0 0 397 -25 0
17 96 0 0 407 14 -3
17 97 0 0 423 -5 13
18 2 0 0 34 3 1
18 3 0 0 38 5 0
18 12 0 0 78 -27 0
18 14 0 0 88 -45 0
18 16 0 0 99 -65 0
18 18 0 0 111 -86 0
18 20 0 0 123 -106 0
18 23 0 0 138 -128 0
18 25 0 0 156 -149 0
18 26 0 0 177 -171 0
18 28 0 0 203 -192 0
18 30 0 0 235 -209 0
18 32 0 0 270 -222 0
18 34 0 0 313 -225 0
18 36 0 0 349 -217 0
18 38 0 0 380 -204 0
18 40 0 0 400 -191 0
18 42 0 0 422 -179 0
18 44 0 0 433 -169 0
18 46 0 0 447 -162 0
18 48 0 0 455 -156 0
18 51 0 0 464 -153 0
18 53 0 0 470 -151 0
18 55 0 0 476 -150 0
18 57 0 0 480 -150 0
18 59 0 0 483 -152 0
18 61 0 0 484 -153 0
18 63 0 0 483 -155 0
18 65 0 0 481 -157 0
18 67 0 0 477 -159 0
18 69 0 0 472 -159 0
18 71 0 0 465 -158 0
18 73 0 0 457 -156 0
18 75 0 0 448 -152 0
18 96 0 0 401 -36 6
18 97 0 0 412 -1 1
19 2 0 0 34 1 0
19 3 0 0 39 -5 0
19 5 0 0 38 0 0
19 7 0 0 44 -1 0
19 8 0 0 54 -5 0
19 10 0 0 67 -13 0
19 77 0 0 439 -146 0
19 79 0 0 430 -138 0
19 81 0 0 421 -129 0
19 83 0 0 412 -117 0
19 85 0 0 405 -105 0
19 87 0 0 398 -90 0
19 89 0 0 392 -75 0
19 91 0 0 388 -59 0
19 93 0 0 384 -42 0
19 95 0 0 379 -25 -1
19 96 0 0 389 13 -3
19 97 0 0 405 -6 15
20 2 0 0 32 5 2
20 3 0 0 38 8 1
20 5 0 0 35 7 0
20 7 0 0 43 8 0
20 8 0 0 56 9 0
20 11 0 0 74 0 0
20 13 0 0 91 -16 0
20 15 0 0 107 -35 0
20 17 0 0 119 -54 0
20 18 0 0 131 -73 0
20 20 0 0 144 -93 0
20 22 0 0 159 -112 0
20 24 0 0 176 -131 0
20 26 0 0 196 -148 0
20 28 0 0 220 -164 0
20 30 0 0 248 -177 0
20 32 0 0 279 -187 0
20 35 0 0 312 -190 0
20 37 0 0 343 -186 0
20 39 0 0 370 -179 0
20 41 0 0 393 -170 0
20 42 0 0 412 -162 0
20 44 0 0 428 -155 0
20 46 0 0 441 -150 0
20 48 0 0 452 -146 0
20 51 0 0 463 -145 0
20 53 0 0 471 -144 0
20 55 0 0 478 -145 0
20 57 0 0 483 -147 0
20 59 0 0 486 -150 0
20 61 0 0 488 -153 0
20 63 0 0 487 -157 0
20 65 0 0 485 -161 0
20 96 0 0 383 -37 6
20 97 0 0 398 5 0
21 2 0 0 32 1 0
21 3 0 0 36 -1 0
21 67 0 0 480 -164 0
21 69 0 0 473 -166 0
21 71 0 0 465 -166 0
21 73 0 0 455 -165 0
21 75 0 0 445 -162 0
21 77 0 0 433 -156 0
21 79 0 0 422 -148 0
21 81 0 0 411 -138 0
21 83 0 0 401 -126 0
21 85 0 0 392 -112 0
21 87 0 0 384 -97 0
21 89 0 0 377 -81 0
21 91 0 0 372 -63 0
21 93 0 0 368 -45 0
21 95 0 0 362 -27 -1
21 96 0 0 370 12 -3
21 97 0 0 386 -6 17
22 2 0 0 26 5 1
22 3 0 0 32 10 1
22 5 0 0 32 11 0
22 7 0 0 44 18 -1
22 8 0 0 64 24 -1
22 11 0 0 94 17 -3
22 13 0 0 118 0 -2
22 15 0 0 127 -16 -2
22 17 0 0 139 -41 0
22 18 0 0 150 -60 0
22 20 0 0 162 -79 0
22 22 0 0 176 -96 0
22 24 0 0 193 -112 0
22 26 0 0 211 -127 0
22 29 0 0 233 -140 0
22 31 0 0 257 -150 0
22 33 0 0 284 -158 0
22 35 0 0 312 -160 0
22 37 0 0 339 -159 0
22 39 0 0 364 -155 0
22 41 0 0 385 -150 0
22 43 0 0 405 -145 0
22 44 0 0 422 -140 0
22 46 0 0 437 -137 0
22 48 0 0 450 -135 0
22 51 0 0 462 -135 0
22 53 0 0 471 -136 0
22 55 0 0 479 -138 0
22 57 0 0 486 -142 0
22 59 0 0 490 -147 0
22 96 0 0 363 -37 6
22 97 0 0 372 0 -1
23 2 0 0 25 3 0
23 3 0 0 26 3 0
23 61 0 0 492 -153 0
23 63 0 0 491 -159 0
23 65 0 0 488 -164 0
23 67 0 0 483 -170 0
23 69 0 0 475 -174 0
23 71 0 0 465 -176 0
23 73 0 0 453 -176 0
23 75 0 0 440 -174 0
23 77 0 0 426 -168 0
23 79 0 0 412 -160 0
23 81 0 0 399 -150 0
23 83 0 0 387 -137 0
23 85 0 0 376 -122 0
23 87 0 0 367 -105 0
23 89 0 0 359 -87 0
23 91 0 0 353 -68 0
23 93 0 0 348 -49 0
23 95 0 0 342 -29 0
23 96 0 0 350 10 -3
23 97 0 0 363 6 0
24 2 0 0 24 6 1
24 3 0 0 23 11 1
24 4 0 0 21 13 0
24 5 0 0 24 23 0
24 6 0 0 29 27 -2
24 7 0 0 37 37 -1
24 8 0 0 46 43 -2
24 9 0 0 63 59 -4
24 10 0 0 80 51 -4
24 11 0 0 103 55 -9
24 12 0 0 111 26 -8
24 13 0 0 121 26 -7
24 15 0 0 150 -11 -1
24 17 0 0 161 -30 -1
24 18 0 0 169 -50 0
24 20 0 0 180 -66 0
24 22 0 0 192 -82 0
24 24 0 0 207 -96 0
24 27 0 0 224 -108 0
24 29 0 0 243 -118 0
24 31 0 0 265 -126 0
24 33 0 0 289 -132 0
24 35 0 0 313 -135 0
24 37 0 0 337 -134 0
24 39 0 0 361 -132 0
24 41 0 0 382 -129 0
24 43 0 0 402 -126 0
24 44 0 0 419 -124 0
24 46 0 0 436 -122 0
24 48 0 0 450 -122 0
24 51 0 0 463 -123 0
24 53 0 0 474 -126 0
24 55 0 0 484 -131 0
24 57 0 0 491 -136 0
24 59 0 0 496 -144 0
24 96 0 0 342 -38 6
24 97 0 0 386 8 1
25 2 0 0 8 2 0
25 3 0 0 13 10 0
25 4 0 0 12 15 0
25 5 0 0 15 25 -1
25 6 0 0 18 33 -1
25 7 0 0 25 44 -2
25 8 0 0 38 59 -3
25 9 0 0 59 70 -4
25 10 0 0 96 78 -4
25 11 0 0 137 53 -4
25 12 0 0 143 27 -5
25 13 0 0 151 2 -3
25 61 0 0 499 -152 0
25 63 0 0 499 -160 0
25 65 0 0 495 -169 0
25 67 0 0 489 -177 0
25 69 0 0 479 -184 0
25 71 0 0 467 -188 0
25 73 0 0 452 -190 0
25 75 0 0 436 -189 0
25 77 0 0 419 -183 0
25 79 0 0 403 -175 0
25 81 0 0 387 -163 0
25 83 0 0 373 -149 0
25 85 0 0 360 -133 0
25 87 0 0 349 -114 0
25 89 0 0 340 -95 0
25 91 0 0 333 -74 0
25 93 0 0 328 -53 0
25 95 0 0 322 -32 0
25 96 0 0 328 9 -2
25 97 0 0 342 -7 21
26 2 0 0 5 0 0
26 3 0 0 2 7 0
26 4 0 0 3 20 0
26 5 0 0 2 22 0
26 6 0 0 5 41 0
26 7 0 0 4 47 0
26 8 0 0 11 79 0
26 9 0 0 14 101 0
26 10 0 0 157 162 0
26 11 0 0 164 106 -3
26 12 0 0 173 44 -1
26 13 0 0 176 33 2
26 15 0 0 177 -6 0
26 17 0 0 180 -23 0
26 18 0 0 186 -42 0
26 20 0 0 195 -55 0
26 22 0 0 206 -69 0
26 24 0 0 219 -80 0
26 27 0 0 234 -90 0
26 29 0 0 252 -99 0
26 31 0 0 271 -105 0
26 33 0 0 292 -109 0
26 35 0 0 314 -112 0
26 37 0 0 337 -112 0
26 39 0 0 359 -111 0
26 41 0 0 379 -109 0
26 43 0 0 399 -107 0
26 44 0 0 418 -106 0
26 46 0 0 436 -106 0
26 48 0 0 452 -107 0
26 51 0 0 466 -110 0
26 53 0 0 479 -115 0
26 55 0 0 490 -122 0
26 57 0 0 499 -130 0
26 96 0 0 320 -38 6
26 97 0 0 324 0 -6
27 2 0 0 0 2 0
27 3 0 0 2 10 3
27 4 0 0 -2 17 -4
27 5 0 0 5 26 8
27 6 0 0 -5 38 -7
27 7 0 0 7 53 12
27 8 0 0 -5 75 -11
27 9 0 0 -4 129 -2
27 10 0 0 138 40 -2
27 11 0 0 237 100 -3
27 12 0 0 202 24 0
27 13 0 0 194 0 -1
27 59 0 0 505 -139 0
27 61 0 0 508 -150 0
27 63 0 0 508 -162 0
27 65 0 0 505 -174 0
27 67 0 0 498 -186 0
27 69 0 0 486 -196 0
27 71 0 0 471 -203 0
27 73 0 0 453 -207 0
27 75 0 0 433 -207 0
27 77 0 0 412 -202 0
27 79 0 0 392 -192 0
27 81 0 0 374 -179 0
27 83 0 0 357 -164 0
27 85 0 0 342 -145 0
27 87 0 0 329 -125 0
27 89 0 0 319 -103 0
27 91 0 0 311 -81 0
27 93 0 0 305 -58 0
27 95 0 0 299 -35 0
27 96 0 0 305 7 -2
27 97 0 0 318 -7 23
28 10 0 0 247 -6 3
28 11 0 0 220 -1 1
28 12 0 0 210 17 1
28 13 0 0 204 13 0
28 15 0 0 196 -8 0
28 17 0 0 197 -23 0
28 18 0 0 201 -36 0
28 20 0 0 207 -47 0
28 22 0 0 217 -58 0
28 25 0 0 228 -67 0
28 27 0 0 242 -75 0
28 29 0 0 258 -81 0
28 31 0 0 276 -86 0
28 33 0 0 295 -89 0
28 35 0 0 315 -90 0
28 37 0 0 336 -90 0
28 39 0 0 357 -90 0
28 41 0 0 378 -88 0
28 43 0 0 399 -88 0
28 44 0 0 418 -87 0
28 46 0 0 437 -89 0
28 48 0 0 455 -91 0
28 51 0 0 471 -96 0
28 53 0 0 486 -102 0
28 55 0 0 498 -111 0
28 96 0 0 295 -40 6
28 97 0 0 298 0 -8
29 10 0 0 239 2 1
29 11 0 0 206 6 2
29 12 0 0 218 -2 0
29 13 0 0 217 -17 -4
29 57 0 0 509 -122 0
29 59 0 0 517 -134 0
29 61 0 0 521 -148 0
29 63 0 0 522 -164 0
29 65 0 0 519 -180 0
29 67 0 0 510 -196 0
29 69 0 0 497 -210 0
29 71 0 0 479 -222 0
29 73 0 0 456 -228 0
29 75 0 0 431 -229 0
29 77 0 0 405 -224 0
29 79 0 0 380 -214 0
29 81 0 0 358 -199 0
29 83 0 0 338 -181 0
29 85 0 0 322 -160 0
29 87 0 0 308 -137 0
29 89 0 0 296 -113 0
29 91 0 0 288 -88 0
29 93 0 0 281 -63 0
29 95 0 0 274 -38 0
29 96 0 0 279 4 -2
29 97 0 0 290 -7 24
30 10 0 0 250 0 1
30 11 0 0 204 -4 3
30 12 0 0 212 9 0
30 13 0 0 212 0 -3
30 15 0 0 205 -11 0
30 17 0 0 208 -22 0
30 18 0 0 211 -31 0
30 20 0 0 217 -40 0
30 22 0 0 225 -48 0
30 25 0 0 236 -55 0
30 27 0 0 248 -61 0
30 29 0 0 263 -65 0
30 31 0 0 279 -68 0
30 33 0 0 297 -70 0
30 35 0 0 316 -70 0
30 37 0 0 336 -70 0
30 39 0 0 356 -69 0
30 41 0 0 377 -68 0
30 43 0 0 398 -67 0
30 44 0 0 419 -68 0
30 46 0 0 439 -70 0
30 48 0 0 459 -74 0
30 51 0 0 477 -79 0
30 96 0 0 268 -42 5
30 97 0 0 267 0 -14
31 10 0 0 233 1 1
31 11 0 0 200 3 1
31 12 0 0 220 -13 0
31 13 0 0 220 -22 -2
31 53 0 0 494 -88 0
31 55 0 0 509 -98 0
31 57 0 0 522 -111 0
31 59 0 0 532 -127 0
31 61 0 0 538 -145 0
31 63 0 0 540 -165 0
31 65 0 0 537 -186 0
31 67 0 0 528 -207 0
31 69 0 0 512 -227 0
31 71 0 0 489 -244 0
31 73 0 0 460 -255 0
31 75 0 0 428 -258 0
31 77 0 0 397 -252 0
31 79 0 0 367 -239 0
31 81 0 0 340 -221 0
31 83 0 0 317 -200 0
31 85 0 0 298 -176 0
31 87 0 0 283 -150 0
31 89 0 0 270 -123 0
31 91 0 0 261 -96 0
31 93 0 0 254 -68 0
31 95 0 0 247 -42 0
31 96 0 0 250 2 -1
31 97 0 0 260 -6 25
32 10 0 0 248 1 0
32 11 0 0 206 -5 2
32 12 0 0 224 4 0
32 13 0 0 224 8 0
32 15 0 0 212 -12 0
32 17 0 0 216 -19 0
32 18 0 0 219 -26 0
32 20 0 0 225 -33 0
32 23 0 0 232 -39 0
32 25 0 0 241 -44 0
32 27 0 0 252 -48 0
32 29 0 0 265 -51 0
32 31 0 0 280 -52 0
32 33 0 0 297 -52 0
32 35 0 0 315 -51 0
32 37 0 0 335 -50 0
32 39 0 0 355 -48 0
32 41 0 0 377 -47 0
32 96 0 0 238 -41 5
32 97 0 0 235 0 -17
33 10 0 0 237 1 0
33 11 0 0 203 4 1
33 12 0 0 229 -17 1
33 13 0 0 228 -22 -2
33 43 0 0 399 -46 0
33 44 0 0 421 -47 0
33 46 0 0 443 -49 0
33 48 0 0 464 -54 0
33 51 0 0 485 -61 0
33 53 0 0 505 -71 0
33 55 0 0 522 -83 0
33 57 0 0 538 -99 0
33 59 0 0 550 -118 0
33 61 0 0 559 -140 0
33 63 0 0 563 -165 0
33 65 0 0 562 -192 0
33 67 0 0 552 -221 0
33 69 0 0 534 -249 0
33 71 0 0 507 -273 0
33 73 0 0 470 -289 0
33 75 0 0 427 -293 0
33 77 0 0 387 -285 0
33 79 0 0 351 -270 0
33 81 0 0 319 -248 0
33 83 0 0 293 -223 0
33 85 0 0 272 -195 0
33 87 0 0 255 -165 0
33 89 0 0 242 -135 0
33 91 0 0 233 -105 0
33 93 0 0 225 -74 0
33 95 0 0 219 -45 0
33 96 0 0 219 0 0
33 97 0 0 228 -5 26
34 10 0 0 252 2 0
34 11 0 0 212 -4 1
34 12 0 0 233 6 -1
34 13 0 0 232 9 0
34 15 0 0 219 -11 0
34 17 0 0 223 -16 0
34 19 0 0 226 -22 0
34 21 0 0 230 -27 0
34 23 0 0 236 -31 0
34 25 0 0 245 -35 0
34 27 0 0 255 -37 0
34 29 0 0 267 -37 0
34 31 0 0 280 -37 0
34 33 0 0 296 -35 0
34 35 0 0 313 -33 0
34 37 0 0 333 -30 0
34 96 0 0 207 -40 6
34 97 0 0 202 0 -19
35 10 0 0 243 1 -1
35 11 0 0 208 5 0
35 12 0 0 236 -15 0
35 13 0 0 234 -21 -1
35 39 0 0 353 -27 0
35 41 0 0 375 -25 0
35 43 0 0 398 -23 0
35 44 0 0 422 -24 0
35 46 0 0 447 -26 0
35 48 0 0 471 -32 0
35 50 0 0 494 -40 0
35 53 0 0 517 -51 0
35 55 0 0 538 -66 0
35 57 0 0 557 -84 0
35 59 0 0 573 -106 0
35 61 0 0 585 -132 0
35 63 0 0 592 -162 0
35 65 0 0 593 -197 0
35 67 0 0 584 -235 0
35 69 0 0 563 -273 0
35 71 0 0 529 -308 0
35 73 0 0 478 -335 -1
35 75 0 0 422 -341 0
35 77 0 0 373 -329 -1
35 79 0 0 328 -307 0
35 81 0 0 292 -279 0
35 83 0 0 263 -247 0
35 85 0 0 240 -214 0
35 87 0 0 223 -180 0
35 89 0 0 209 -146 0
35 91 0 0 199 -113 0
35 93 0 0 192 -80 0
35 95 0 0 186 -49 0
35 96 0 0 186 -3 0
35 97 0 0 193 -5 26
36 10 0 0 257 2 -2
36 11 0 0 218 -3 1
36 12 0 0 238 6 -1
36 13 0 0 238 9 0
36 15 0 0 224 -10 0
36 17 0 0 228 -14 0
36 19 0 0 230 -19 0
36 21 0 0 234 -22 0
36 23 0 0 239 -25 0
36 25 0 0 246 -26 0
36 27 0 0 255 -26 0
36 29 0 0 266 -25 0
36 96 0 0 171 -40 6
36 97 0 0 171 -1 -12
37 10 0 0 248 2 -2
37 11 0 0 213 5 0
37 12 0 0 241 -14 0
37 13 0 0 239 -21 -1
37 31 0 0 278 -22 0
37 33 0 0 293 -19 0
37 35 0 0 310 -15 0
37 37 0 0 329 -10 0
37 39 0 0 350 -5 0
37 41 0 0 373 -1 0
37 43 0 0 398 0 0
37 44 0 0 424 1 0
37 46 0 0 451 -1 0
37 48 0 0 478 -6 0
37 50 0 0 505 -15 0
37 53 0 0 530 -28 0
37 55 0 0 555 -44 0
37 57 0 0 578 -65 0
37 59 0 0 599 -90 0
37 61 0 0 617 -120 0
37 63 0 0 629 -157 0
37 65 0 0 635 -200 0
37 67 0 0 630 -250 1
37 69 0 0 610 -304 0
37 71 0 0 572 -357 3
37 73 0 0 508 -395 1
37 75 0 0 423 -397 2
37 77 0 0 357 -379 2
37 79 0 0 303 -351 1
37 81 0 0 261 -314 1
37 83 0 0 230 -275 0
37 85 0 0 206 -235 0
37 87 0 0 189 -197 0
37 89 0 0 176 -159 0
37 91 0 0 167 -121 0
37 93 0 0 160 -85 0
37 95 0 0 155 -51 0
37 96 0 0 150 -7 0
37 97 0 0 156 -5 24
38 10 0 0 262 3 -2
38 11 0 0 223 -3 1
38 12 0 0 243 7 -1
38 13 0 0 243 9 0
38 17 0 0 232 -13 0
38 19 0 0 233 -16 0
38 21 0 0 236 -18 0
38 30 0 0 0 0 0
38 31 0 0 0 0 0
38 32 0 0 0 0 0
38 33 0 1 0 0 0
38 34 0 2 0 0 0
38 35 0 4 0 0 0
38 36 0 5 0 0 0
38 37 0 6 0 0 0
38 38 0 7 0 0 0
38 39 0 8 0 0 0
38 40 0 10 0 0 0
38 41 0 18 0 0 0
38 42 0 31 0 0 0
38 43 0 43 0 0 0
38 44 0 41 0 0 0
38 45 0 27 0 0 0
38 46 0 12 0 0 0
38 47 0 4 0 0 0
38 48 0 1 0 0 0
38 49 0 0 0 0 0
38 50 0 0 0 0 0
38 66 0 0 687 -259 -1
38 68 0 0 667 -330 -3
38 70 0 0 612 -409 -4
38 96 0 0 136 -42 5
38 97 0 0 131 -3 -10
39 10 0 0 252 2 -4
39 11 0 0 218 6 0
39 12 0 0 245 -14 0
39 13 0 0 244 -21 0
39 15 0 0 229 -10 0
39 23 0 0 240 -19 0
39 25 0 0 246 -19 0
39 27 0 0 253 -17 0
39 29 0 0 263 -14 0
39 30 0 0 0 0 0
39 31 0 0 274 -9 0
39 32 0 1 0 0 0
39 33 0 4 288 -3 0
39 34 0 8 0 0 0
39 35 0 14 304 2 0
39 36 0 21 0 0 0
39 37 0 29 323 9 0
39 38 0 45 0 0 0
39 39 0 86 345 16 0
39 40 0 146 0 0 0
39 41 0 191 369 22 0
39 42 0 243 0 0 0
39 43 0 299 395 27 0
39 44 0 283 424 28 0
39 45 0 184 0 0 0
39 46 0 81 454 27 0
39 47 0 24 0 0 0
39 48 0 5 485 21 0
39 49 0 0 0 0 0
39 50 0 0 516 12 0
39 53 0 0 546 0 0
39 55 0 0 574 -18 0
39 57 0 0 602 -41 0
39 59 0 0 628 -68 0
39 61 0 0 652 -103 0
39 63 0 0 672 -145 0
39 65 0 0 685 -196 0
39 72 0 0 510 -478 -5
39 75 0 0 399 -492 -4
39 77 0 0 319 -450 -8
39 79 0 0 256 -403 -3
39 81 0 0 213 -352 -2
39 83 0 0 183 -302 -1
39 85 0 0 161 -256 -1
39 87 0 0 145 -211 -1
39 89 0 0 133 -169 0
39 91 0 0 125 -130 -1
39 93 0 0 120 -90 0
39 95 0 0 116 -58 0
39 96 0 0 109 -14 1
39 97 0 0 114 -4 21
40 10 0 0 267 3 -2
40 11 0 0 228 -3 1
40 12 0 0 247 7 -1
40 13 0 0 247 10 0
40 30 0 0 0 0 0
40 31 0 1 0 0 0
40 32 0 4 0 0 0
40 33 0 11 0 0 0
40 34 0 22 0 0 0
40 35 0 38 0 0 0
40 36 0 61 0 0 0
40 37 0 98 0 0 0
40 38 0 214 0 0 0
40 39 0 566 0 0 0
40 40 0 1060 0 0 0
40 41 0 1274 0 0 0
40 42 0 1352 0 0 0
40 43 0 1505 0 0 0
40 44 0 1370 0 0 0
40 45 0 889 0 0 0
40 46 0 418 0 0 0
40 47 0 151 0 0 0
40 48 0 48 0 0 0
40 49 0 18 0 0 0
40 50 0 8 0 0 0
40 51 0 3 0 0 0
40 52 0 1 0 0 0
40 53 0 0 0 0 0
40 54 0 0 0 0 0
40 66 0 0 770 -267 0
40 68 0 0 767 -372 -9
40 70 0 0 730 -490 -9
40 73 0 0 611 -596 -22
40 75 0 0 403 -583 -8
40 96 0 0 94 -35 3
40 97 0 0 87 -5 -4
41 10 0 0 257 3 -4
41 11 0 0 222 6 0
41 12 0 0 249 -13 0
41 13 0 0 248 -21 0
41 15 0 0 232 -9 0
41 17 0 0 235 -12 0
41 19 0 0 235 -15 0
41 21 0 0 237 -15 0
41 23 0 0 240 -15 0
41 25 0 0 244 -13 0
41 27 0 0 250 -9 0
41 29 0 0 258 -4 0
41 30 0 1 0 0 0
41 31 0 4 268 2 0
41 32 0 10 0 0 0
41 33 0 25 281 10 0
41 34 0 51 0 0 0
41 35 0 93 296 19 0
41 36 0 162 0 0 0
41 37 0 329 315 30 0
41 38 0 916 0 0 0
41 39 0 2643 337 40 0
41 40 0 5012 0 0 0
41 41 0 5914 363 49 0
41 42 0 5847 0 0 0
41 43 0 6017 392 56 0
41 44 0 5204 424 59 0
41 45 0 3344 0 0 0
41 46 0 1699 458 59 0
41 47 0 710 0 0 0
41 48 0 251 493 54 0
41 49 0 93 0 0 0
41 50 0 40 528 44 0
41 51 0 16 0 0 0
41 52 0 5 562 30 0
41 53 0 1 0 0 0
41 54 0 0 0 0 0
41 55 0 0 595 12 0
41 57 0 0 629 -11 0
41 59 0 0 661 -40 0
41 61 0 0 694 -78 0
41 63 0 0 724 -125 0
41 65 0 0 751 -186 0
41 77 0 0 289 -518 -1
41 79 0 0 214 -452 0
41 81 0 0 170 -385 -2
41 83 0 0 138 -325 -4
41 85 0 0 119 -271 -4
41 87 0 0 106 -222 -4
41 89 0 0 97 -177 -4
41 91 0 0 90 -135 -5
41 93 0 0 88 -93 -4
41 95 0 0 84 -55 -3
41 96 0 0 71 -18 0
41 97 0 0 73 -5 15
42 10 0 0 272 4 -2
42 11 0 0 232 -3 1
42 12 0 0 251 7 -1
42 13 0 0 251 9 0
42 30 0 2 0 0 0
42 31 0 7 0 0 0
42 32 0 20 0 0 0
42 33 0 49 0 0 0
42 34 0 102 0 0 0
42 35 0 199 0 0 0
42 36 0 406 0 0 0
42 37 0 1010 0 0 0
42 38 0 2972 0 0 0
42 39 0 7957 0 0 0
42 40 0 14635 0 0 0
42 41 0 18078 0 0 0
42 42 0 18907 0 0 0
42 43 0 19117 0 0 0
42 44 0 15731 0 0 0
42 45 0 9917 0 0 0
42 46 0 5340 0 0 0
42 47 0 2466 0 0 0
42 48 0 936 0 0 0
42 49 0 351 0 0 0
42 50 0 151 0 0 0
42 51 0 64 0 0 0
42 52 0 22 0 0 0
42 53 0 6 0 0 0
42 54 0 1 0 0 0
42 55 0 0 0 0 0
42 66 0 0 874 -247 -6
42 68 0 0 892 -355 -7
42 70 0 0 820 -548 -18
42 71 0 0 750 -604 -23
42 72 0 0 678 -762 -27
42 73 0 0 468 -787 -9
42 74 0 0 381 -738 -11
42 75 0 0 248 -697 -9
42 76 0 0 215 -641 -9
42 77 0 0 145 -573 -6
42 78 0 0 152 -534 -10
42 79 0 0 104 -477 -10
42 80 0 0 122 -449 -14
42 81 0 0 81 -401 -9
42 82 0 0 103 -377 -17
42 83 0 0 67 -335 -6
42 84 0 0 89 -314 -16
42 85 0 0 56 -276 -5
42 86 0 0 79 -260 -15
42 87 0 0 49 -223 -3
42 88 0 0 72 -210 -13
42 89 0 0 46 -173 -3
42 90 0 0 66 -163 -12
42 91 0 0 46 -126 -3
42 92 0 0 62 -119 -9
42 93 0 0 48 -84 -5
42 94 0 0 56 -76 -7
42 95 0 0 50 -42 -3
42 96 0 0 56 -38 0
42 97 0 0 47 -4 -4
43 10 0 0 262 3 -4
43 11 0 0 227 6 0
43 12 0 0 254 -13 0
43 13 0 0 252 -21 0
43 15 0 0 236 -10 0
43 17 0 0 238 -12 0
43 19 0 0 236 -14 0
43 21 0 0 237 -14 0
43 23 0 0 238 -12 0
43 25 0 0 240 -8 0
43 27 0 0 244 -3 0
43 29 0 0 251 4 0
43 30 0 4 0 0 0
43 31 0 12 259 13 0
43 32 0 33 0 0 0
43 33 0 81 270 24 0
43 34 0 176 0 0 0
43 35 0 377 285 37 0
43 36 0 926 0 0 0
43 37 0 2712 303 50 0
43 38 0 7911 0 0 0
43 39 0 18671 325 64 0
43 40 0 31642 0 0 0
43 41 0 40057 352 78 0
43 42 0 44647 0 0 0
43 43 0 44882 384 88 0
43 44 0 35510 420 95 0
43 45 0 22109 0 0 0
43 46 0 12318 459 96 0
43 47 0 6062 0 0 0
43 48 0 2498 499 91 0
43 49 0 1013 0 0 0
43 50 0 452 539 81 0
43 51 0 192 0 0 0
43 52 0 69 578 66 0
43 53 0 19 0 0 0
43 54 0 4 616 48 0
43 55 0 0 0 0 0
43 56 0 0 0 0 0
43 57 0 0 654 24 0
43 59 0 0 694 -3 0
43 61 0 0 736 -40 0
43 63 0 0 780 -88 0
43 65 0 0 825 -151 0
43 70 0 0 919 -489 -26
43 71 0 0 884 -684 -28
43 72 0 0 904 -895 -37
43 73 0 0 511 -992 -39
43 74 0 0 278 -797 -15
43 75 0 0 187 -750 -17
43 76 0 0 159 -642 -10
43 77 0 0 103 -585 -5
43 78 0 0 102 -524 -7
43 79 0 0 68 -489 -5
43 80 0 0 84 -447 -12
43 81 0 0 50 -409 -5
43 82 0 0 70 -376 -13
43 83 0 0 36 -343 -2
43 84 0 0 61 -313 -14
43 85 0 0 31 -283 -2
43 86 0 0 54 -256 -14
43 87 0 0 25 -229 -1
43 88 0 0 49 -205 -13
43 89 0 0 22 -177 -1
43 90 0 0 45 -158 -11
43 91 0 0 20 -129 0
43 92 0 0 40 -114 -8
43 93 0 0 21 -86 -2
43 94 0 0 34 -72 -5
43 95 0 0 24 -42 -1
43 96 0 0 32 -31 -1
43 97 0 0 32 -5 8
44 10 0 0 278 4 -2
44 11 0 0 238 -3 1
44 12 0 0 256 7 -1
44 13 0 0 255 8 1
44 30 0 5 0 0 0
44 31 0 17 0 0 0
44 32 0 45 0 0 0
44 33 0 114 0 0 0
44 34 0 263 0 0 0
44 35 0 628 0 0 0
44 36 0 1742 0 0 0
44 37 0 5405 0 0 0
44 38 0 15250 0 0 0
44 39 0 33094 0 0 0
44 40 0 52538 0 0 0
44 41 0 66550 0 0 0
44 42 0 76094 0 0 0
44 43 0 75207 0 0 0
44 44 0 58168 0 0 0
44 45 0 36505 0 0 0
44 46 0 20821 0 0 0
44 47 0 10770 0 0 0
44 48 0 4947 0 0 0
44 49 0 2263 0 0 0
44 50 0 1068 0 0 0
44 51 0 466 0 0 0
44 52 0 173 0 0 0
44 53 0 53 0 0 0
44 54 0 14 0 0 0
44 55 0 3 0 0 0
44 56 0 0 0 0 0
44 57 0 0 0 0 0
44 58 0 0 0 0 0
44 66 0 0 999 -183 -5
44 68 0 0 1092 -275 -7
44 70 0 0 1197 -553 7
44 71 0 0 1098 -851 -24
44 72 0 0 1338 -1351 -66
44 73 0 0 326 -1413 7
44 74 0 0 88 -1024 -4
44 75 0 0 58 -938 4
44 76 0 0 28 -728 0
44 77 0 0 13 -698 2
44 78 0 0 9 -570 0
44 79 0 0 -6 -554 0
44 80 0 0 14 -454 2
44 81 0 0 -13 -442 0
44 82 0 0 13 -371 2
44 83 0 0 -12 -352 -1
44 84 0 0 11 -308 2
44 85 0 0 -7 -282 -1
44 86 0 0 9 -250 3
44 87 0 0 -2 -224 -1
44 88 0 0 7 -198 3
44 89 0 0 2 -173 -1
44 90 0 0 6 -150 3
44 91 0 0 -8 -133 6
44 92 0 0 4 -108 2
44 93 0 0 7 -85 -4
44 94 0 0 7 -62 1
44 95 0 0 7 -45 -2
44 96 0 0 5 -23 0
44 97 0 0 13 -1 0
45 10 0 0 267 3 -5
45 11 0 0 232 6 0
45 12 0 0 258 -13 0
45 13 0 0 257 -22 0
45 15 0 0 239 -12 0
45 17 0 0 240 -14 0
45 19 0 0 237 -15 0
45 21 0 0 235 -14 0
45 23 0 0 234 -11 0
45 25 0 0 235 -6 0
45 27 0 0 237 0 0
45 29 0 0 241 10 0
45 30 0 6 0 0 0
45 31 0 20 248 21 0
45 32 0 54 0 0 0
45 33 0 138 258 35 0
45 34 0 345 0 0 0
45 35 0 892 271 52 0
45 36 0 2524 0 0 0
45 37 0 7404 288 70 0
45 38 0 19248 0 0 0
45 39 0 39426 311 89 0
45 40 0 62536 0 0 0
45 41 0 83710 340 108 0
45 42 0 99429 376 124 0
45 43 0 97012 0 0 0
45 44 0 74674 416 135 0
45 45 0 48496 0 0 0
45 46 0 28969 463 140 0
45 47 0 16176 0 0 0
45 48 0 8479 509 135 0
45 49 0 4364 0 0 0
45 50 0 2168 553 124 0
45 51 0 970 0 0 0
45 52 0 376 595 108 0
45 53 0 127 0 0 0
45 54 0 41 638 89 0
45 55 0 12 0 0 0
45 56 0 4 681 66 0
45 57 0 1 0 0 0
45 58 0 0 0 0 0
45 59 0 0 727 39 0
45 60 0 0 0 0 0
45 61 0 0 779 6 0
45 63 0 0 839 -37 0
45 65 0 0 908 -96 -1
45 70 0 0 1398 -380 5
45 71 0 0 1657 -366 -54
45 72 0 0 -532 145 152
46 10 0 0 285 4 -2
46 11 0 0 244 -3 1
46 12 0 0 260 6 -1
46 13 0 0 260 7 1
46 30 0 6 0 0 0
46 31 0 20 0 0 0
46 32 0 54 0 0 0
46 33 0 145 0 0 0
46 34 0 393 0 0 0
46 35 0 1071 0 0 0
46 36 0 2931 0 0 0
46 37 0 7648 0 0 0
46 38 0 17568 0 0 0
46 39 0 34173 0 0 0
46 40 0 57611 0 0 0
46 41 0 87052 0 0 0
46 42 0 110598 0 0 0
46 43 0 108308 0 0 0
46 44 0 83995 0 0 0
46 45 0 57387 0 0 0
46 46 0 37117 0 0 0
46 47 0 22935 0 0 0
46 48 0 13452 0 0 0
46 49 0 7506 0 0 0
46 50 0 3887 0 0 0
46 51 0 1810 0 0 0
46 52 0 753 0 0 0
46 53 0 294 0 0 0
46 54 0 116 0 0 0
46 55 0 47 0 0 0
46 56 0 19 0 0 0
46 57 0 8 0 0 0
46 58 0 3 0 0 0
46 59 0 1 0 0 0
46 60 0 0 0 0 0
46 61 0 0 0 0 0
46 66 0 0 1070 -13 0
46 68 0 0 1210 -71 2
46 70 0 0 1344 -117 -5
46 71 0 0 1618 6 -44
46 72 0 0 117 333 -32
47 10 0 0 274 4 -5
47 11 0 0 238 6 0
47 12 0 0 263 -13 0
47 13 0 0 264 -23 1
47 15 0 0 243 -16 0
47 17 0 0 242 -17 0
47 19 0 0 236 -19 0
47 21 0 0 232 -16 0
47 23 0 0 229 -12 0
47 25 0 0 228 -5 0
47 27 0 0 227 3 0
47 29 0 0 230 14 0
47 30 0 5 0 0 0
47 31 0 17 233 29 0
47 32 0 46 0 0 0
47 33 0 129 239 47 0
47 34 0 383 0 0 0
47 35 0 1090 249 67 0
47 36 0 2918 0 0 0
47 37 0 6935 264 91 0
47 38 0 14277 0 0 0
47 39 0 26507 287 116 0
47 40 0 47521 0 0 0
47 41 0 79258 316 142 0
47 42 0 106403 356 165 0
47 43 0 107011 0 0 0
47 44 0 86443 403 183 0
47 45 0 63761 0 0 0
47 46 0 45470 458 189 0
47 47 0 30891 0 0 0
47 48 0 19621 513 182 -1
47 49 0 11577 0 0 0
47 50 0 6243 565 168 0
47 51 0 3048 0 0 0
47 52 0 1369 611 152 0
47 53 0 602 0 0 0
47 54 0 274 657 135 0
47 55 0 128 0 0 0
47 56 0 59 703 115 0
47 57 0 27 0 0 0
47 58 0 12 0 0 0
47 59 0 4 753 94 0
47 60 0 1 0 0 0
47 61 0 0 810 70 0
47 62 0 0 0 0 0
47 63 0 0 880 46 0
47 65 0 0 962 9 0
47 70 0 0 1311 -42 -10
47 71 0 0 1434 17 -19
47 72 0 0 1017 118 1
48 10 0 0 293 5 -2
48 11 0 0 252 -3 1
48 12 0 0 266 4 -1
48 13 0 0 267 3 1
48 30 0 4 0 0 0
48 31 0 12 0 0 0
48 32 0 33 0 0 0
48 33 0 97 0 0 0
48 34 0 313 0 0 0
48 35 0 939 0 0 0
48 36 0 2550 0 0 0
48 37 0 5897 0 0 0
48 38 0 11567 0 0 0
48 39 0 20674 0 0 0
48 40 0 37153 0 0 0
48 41 0 63457 0 0 0
48 42 0 87427 0 0 0
48 43 0 92359 0 0 0
48 44 0 81586 0 0 0
48 45 0 67251 0 0 0
48 46 0 52910 0 0 0
48 47 0 38771 0 0 0
48 48 0 26215 0 0 0
48 49 0 16331 0 0 0
48 50 0 9281 0 0 0
48 51 0 4834 0 0 0
48 52 0 2374 0 0 0
48 53 0 1164 0 0 0
48 54 0 583 0 0 0
48 55 0 293 0 0 0
48 56 0 143 0 0 0
48 57 0 67 0 0 0
48 58 0 30 0 0 0
48 59 0 12 0 0 0
48 60 0 5 0 0 0
48 61 0 1 0 0 0
48 62 0 0 0 0 0
48 63 0 0 0 0 0
48 66 0 0 1088 77 0
48 68 0 0 1184 62 -5
48 70 0 0 1290 19 -7
48 71 0 0 1344 40 -12
48 72 0 0 1351 49 30
49 10 0 0 289 3 -4
49 11 0 0 246 5 0
49 12 0 0 270 -16 0
49 13 0 0 272 -27 2
49 15 0 0 248 -22 0
49 17 0 0 244 -23 0
49 19 0 0 235 -24 0
49 21 0 0 229 -21 0
49 23 0 0 223 -16 0
49 25 0 0 219 -8 0
49 27 0 0 216 1 0
49 29 0 0 216 15 0
49 30 0 2 0 0 0
49 31 0 8 216 31 0
49 32 0 21 0 0 0
49 33 0 61 221 53 0
49 34 0 214 0 0 0
49 35 0 694 229 77 0
49 36 0 1987 0 0 0
49 37 0 4744 241 107 0
49 38 0 9394 0 0 0
49 39 0 16443 262 141 1
49 40 0 28199 0 0 0
49 41 0 46580 293 176 1
49 42 0 64991 339 209 1
49 43 0 74000 0 0 0
49 44 0 74005 395 235 1
49 45 0 68787 0 0 0
49 46 0 58848 468 249 0
49 47 0 45830 0 0 0
49 48 0 32832 533 242 2
49 49 0 21725 0 0 0
49 50 0 13175 586 223 0
49 51 0 7391 0 0 0
49 52 0 3961 631 201 0
49 53 0 2121 0 0 0
49 54 0 1145 676 183 0
49 55 0 614 0 0 0
49 56 0 320 721 166 0
49 57 0 162 0 0 0
49 58 0 79 773 150 0
49 59 0 36 0 0 0
49 60 0 15 0 0 0
49 61 0 6 829 134 0
49 62 0 1 0 0 0
49 63 0 0 901 117 0
49 64 0 0 0 0 0
49 65 0 0 979 101 0
49 70 0 0 1313 67 -6
49 71 0 0 1347 38 -7
49 72 0 0 1378 45 27
50 10 0 0 296 5 -5
50 11 0 0 277 5 9
50 12 0 0 274 -2 0
50 13 0 0 278 -3 0
50 28 0 0 199 14 0
50 30 0 1 194 34 0
50 31 0 4 0 0 0
50 32 0 11 191 59 -3
50 33 0 31 0 0 0
50 34 0 126 193 86 -1
50 35 0 466 0 0 0
50 36 0 1465 0 0 0
50 37 0 3752 198 124 -2
50 38 0 7736 0 0 0
50 39 0 13493 215 169 -3
50 40 0 21844 245 219 -4
50 41 0 34387 0 0 0
50 42 0 49185 294 268 -5
50 43 0 61457 0 0 0
50 44 0 68723 358 312 -6
50 45 0 69578 0 0 0
50 46 0 63076 0 0 0
50 47 0 51657 450 325 -3
50 48 0 39122 0 0 0
50 49 0 27548 534 297 -7
50 50 0 17874 0 0 0
50 51 0 10772 604 264 -2
50 52 0 6212 0 0 0
50 53 0 3549 649 242 -1
50 54 0 2024 0 0 0
50 55 0 1142 0 0 0
50 56 0 630 0 0 0
50 57 0 339 0 0 0
50 58 0 177 0 0 0
50 59 0 89 0 0 0
50 60 0 42 0 0 0
50 61 0 19 0 0 0
50 62 0 8 0 0 0
50 63 0 3 0 0 0
50 64 0 1 0 0 0
50 65 0 0 0 0 0
50 66 0 0 0 0 0
50 67 0 0 0 0 0
50 68 0 0 0 0 0
50 69 0 0 0 0 0
50 70 0 0 1336 106 -9
50 71 0 0 1353 67 -11
50 72 0 0 1420 2 -16
51 10 0 0 302 3 -5
51 11 0 0 285 -8 -6
51 12 0 0 279 -24 0
51 13 0 0 278 -35 0
51 15 0 0 254 -33 0
51 17 0 0 244 -32 0
51 18 0 0 233 -33 0
51 21 0 0 224 -28 0
51 23 0 0 216 -22 0
51 25 0 0 209 -12 0
51 27 0 0 203 0 0
51 30 0 0 0 0 0
51 31 0 1 0 0 0
51 32 0 5 0 0 0
51 33 0 13 0 0 0
51 34 0 68 0 0 0
51 35 0 304 0 0 0
51 36 0 1061 0 0 0
51 37 0 2914 0 0 0
51 38 0 6236 0 0 0
51 39 0 10908 0 0 0
51 40 0 17031 0 0 0
51 41 0 26184 0 0 0
51 42 0 39010 0 0 0
51 43 0 52833 0 0 0
51 44 0 63496 0 0 0
51 45 0 67537 0 0 0
51 46 0 63728 0 0 0
51 47 0 54545 0 0 0
51 48 0 43516 0 0 0
51 49 0 32478 0 0 0
51 50 0 22446 0 0 0
51 51 0 14461 0 0 0
51 52 0 8920 0 0 0
51 53 0 5422 0 0 0
51 54 0 3276 692 225 0
51 55 0 1960 0 0 0
51 56 0 1151 734 213 0
51 57 0 663 0 0 0
51 58 0 371 783 206 0
51 59 0 199 0 0 0
51 60 0 100 839 204 0
51 61 0 48 0 0 0
51 62 0 20 0 0 0
51 63 0 9 911 201 0
51 64 0 3 0 0 0
51 65 0 1 993 199 1
51 66 0 0 1105 192 -2
51 67 0 0 0 0 0
51 68 0 0 1213 187 -1
51 69 0 0 0 0 0
51 70 0 0 1329 174 -7
51 71 0 0 1372 92 -4
51 72 0 0 1529 8 19
52 10 0 0 327 -10 -1
52 11 0 0 291 -8 0
52 12 0 0 289 -17 0
52 13 0 0 288 -20 -3
52 15 0 0 262 -49 -1
52 17 0 0 245 -46 -1
52 27 0 0 189 -8 0
52 28 0 0 182 6 0
52 30 0 0 172 23 -2
52 31 0 0 0 0 0
52 32 0 1 176 50 -2
52 33 0 4 0 0 0
52 34 0 35 167 86 -4
52 35 0 187 0 0 0
52 36 0 705 0 0 0
52 37 0 2017 163 132 -4
52 38 0 4412 175 188 -3
52 39 0 7764 0 0 0
52 40 0 12018 205 251 -5
52 41 0 18587 0 0 0
52 42 0 29033 260 319 -7
52 43 0 42085 0 0 0
52 44 0 53625 349 388 -13
52 45 0 59500 0 0 0
52 46 0 58241 0 0 0
52 47 0 51952 494 416 -18
52 48 0 43492 0 0 0
52 49 0 34258 612 381 -3
52 50 0 25168 0 0 0
52 51 0 17370 650 334 -3
52 52 0 11525 0 0 0
52 53 0 7513 674 289 1
52 54 0 4848 709 267 0
52 55 0 3090 0 0 0
52 56 0 1937 0 0 0
52 57 0 1190 0 0 0
52 58 0 709 0 0 0
52 59 0 402 0 0 0
52 60 0 210 0 0 0
52 61 0 103 0 0 0
52 62 0 46 0 0 0
52 63 0 21 0 0 0
52 64 0 8 0 0 0
52 65 0 3 0 0 0
52 66 0 1 0 0 0
52 67 0 0 0 0 0
52 68 0 0 0 0 0
52 69 0 0 0 0 0
52 70 0 0 1386 231 0
52 71 0 0 1445 162 -11
52 72 0 0 1672 26 7
53 10 0 0 342 0 -2
53 11 0 0 293 -2 0
53 12 0 0 289 -46 -3
53 13 0 0 281 -53 0
53 18 0 0 230 -45 0
53 21 0 0 218 -38 0
53 23 0 0 207 -31 0
53 25 0 0 198 -20 0
53 30 0 0 0 0 0
53 31 0 0 0 0 0
53 32 0 0 0 0 0
53 33 0 1 0 0 0
53 34 0 16 0 0 0
53 35 0 97 0 0 0
53 36 0 382 0 0 0
53 37 0 1118 0 0 0
53 38 0 2494 0 0 0
53 39 0 4484 0 0 0
53 40 0 7146 0 0 0
53 41 0 11542 0 0 0
53 42 0 19116 0 0 0
53 43 0 29519 0 0 0
53 44 0 39712 0 0 0
53 45 0 45919 0 0 0
53 46 0 46589 0 0 0
53 47 0 43256 0 0 0
53 48 0 37973 0 0 0
53 49 0 31658 0 0 0
53 50 0 24949 0 0 0
53 51 0 18722 0 0 0
53 52 0 13580 0 0 0
53 53 0 9620 0 0 0
53 54 0 6683 0 0 0
53 55 0 4560 0 0 0
53 56 0 3055 742 257 0
53 57 0 2003 0 0 0
53 58 0 1266 785 256 0
53 59 0 754 0 0 0
53 60 0 411 836 265 0
53 61 0 207 0 0 0
53 62 0 96 0 0 0
53 63 0 45 906 275 0
53 64 0 19 0 0 0
53 65 0 9 989 300 2
53 66 0 4 1110 304 -2
53 67 0 2 0 0 0
53 68 0 0 1243 346 -11
53 69 0 0 0 0 0
53 70 0 0 1435 384 -3
53 71 0 0 1562 296 -7
53 72 0 0 1829 21 0
54 10 0 0 382 -6 0
54 11 0 0 349 -26 1
54 12 0 0 314 -45 -1
54 13 0 0 298 -47 0
54 15 0 0 265 -75 0
54 17 0 0 242 -66 0
54 27 0 0 175 -16 0
54 28 0 0 166 -3 -1
54 30 0 0 151 18 -1
54 31 0 0 0 0 0
54 32 0 0 135 10 -11
54 33 0 0 131 45 -9
54 34 0 6 116 48 -8
54 35 0 38 121 92 -8
54 36 0 157 99 110 -6
54 37 0 471 118 170 -6
54 38 0 1093 96 182 -9
54 39 0 2084 120 238 -6
54 40 0 3620 108 257 -10
54 41 0 6405 151 322 -5
54 42 0 11352 144 350 -12
54 43 0 18377 206 416 -7
54 44 0 25633 219 450 -12
54 45 0 30595 324 512 -12
54 46 0 32125 366 537 -7
54 47 0 31145 535 554 -18
54 48 0 28898 577 466 -19
54 49 0 25894 628 444 -6
54 50 0 22373 0 0 0
54 51 0 18659 698 355 -5
54 52 0 15012 0 0 0
54 53 0 11627 710 306 -2
54 54 0 8705 723 292 0
54 55 0 6349 0 0 0
54 56 0 4534 0 0 0
54 57 0 3157 0 0 0
54 58 0 2103 0 0 0
54 59 0 1306 0 0 0
54 60 0 738 818 323 0
54 61 0 382 0 0 0
54 62 0 184 0 0 0
54 63 0 88 876 355 -1
54 64 0 41 0 0 0
54 65 0 19 0 0 0
54 66 0 10 0 0 0
54 67 0 5 0 0 0
54 68 0 2 0 0 0
54 69 0 0 0 0 0
54 70 0 0 1469 476 -8
54 71 0 0 1738 543 -12
54 72 0 0 2333 122 38
55 10 0 0 460 -18 0
55 11 0 0 375 -38 2
55 12 0 0 326 -100 -6
55 13 0 0 304 -99 -7
55 18 0 0 225 -60 0
55 21 0 0 210 -51 0
55 23 0 0 197 -42 0
55 25 0 0 186 -30 0
55 32 0 0 138 26 -6
55 33 0 0 127 45 -8
55 34 0 1 110 56 -6
55 35 0 11 94 81 -6
55 36 0 48 62 107 -5
55 37 0 151 74 151 -4
55 38 0 385 55 175 -4
55 39 0 825 83 225 -6
55 40 0 1653 64 265 -7
55 41 0 3281 100 310 -7
55 42 0 6151 94 364 -9
55 43 0 10177 141 422 -10
55 44 0 14418 154 505 -16
55 45 0 17524 244 551 -19
55 46 0 19153 388 686 -28
55 47 0 19860 606 637 -24
55 48 0 19975 670 498 -27
55 49 0 19839 664 389 -12
55 50 0 19291 0 0 0
55 51 0 18088 0 0 0
55 52 0 16095 0 0 0
55 53 0 13516 0 0 0
55 54 0 10810 0 0 0
55 55 0 8354 0 0 0
55 56 0 6295 744 288 0
55 57 0 4604 0 0 0
55 58 0 3198 775 299 0
55 59 0 2052 0 0 0
55 60 0 1193 0 0 0
55 61 0 633 0 0 0
55 62 0 317 0 0 0
55 63 0 158 0 0 0
55 64 0 79 0 0 0
55 65 0 40 954 413 1
55 66 0 23 1059 470 -1
55 67 0 12 0 0 0
55 68 0 6 1191 589 -17
55 69 0 3 0 0 0
55 70 0 1 1382 737 -30
55 71 0 0 1547 1043 -62
55 72 0 0 2183 1570 -34
55 73 0 0 411 1007 124
55 74 0 0 -479 752 -81
55 75 0 0 -227 1098 -27
55 76 0 0 -27 1161 0
55 77 0 0 26 1143 -22
55 78 0 0 -7 1164 0
55 79 0 0 39 1055 5
55 80 0 0 29 1089 -1
55 81 0 0 45 1025 -16
55 82 0 0 -7 1080 3
55 83 0 0 32 1022 -1
55 84 0 0 -7 1055 9
55 85 0 0 41 910 27
55 86 0 0 27 926 44
55 87 0 0 47 973 2
55 88 0 0 -3 998 -2
55 89 0 0 30 931 -1
55 90 0 0 8 929 11
55 91 0 0 26 878 -15
55 92 0 0 -11 959 3
55 93 0 0 18 904 1
55 94 0 0 0 846 2
55 95 0 0 12 839 15
55 96 0 0 -5 890 11
55 97 0 0 29 930 -2
56 2 0 0 1 -8 0
56 3 0 0 0 -27 0
56 4 0 0 11 -74 -1
56 5 0 0 5 -85 -2
56 6 0 0 15 -138 4
56 7 0 0 2 -160 2
56 8 0 0 19 -240 12
56 9 0 0 -10 -254 -8
56 10 0 0 570 -463 -42
56 11 0 0 391 -240 -12
56 12 0 0 314 -130 -4
56 13 0 0 286 -99 -6
56 28 0 0 150 -16 0
56 30 0 0 138 2 -1
56 32 0 0 132 0 1
56 33 0 0 126 14 -3
56 34 0 0 86 15 -2
56 35 0 2 42 16 0
56 36 0 11 11 126 -8
56 37 0 39 -24 134 -8
56 38 0 121 37 189 1
56 39 0 306 38 222 9
56 40 0 713 15 286 2
56 41 0 1548 12 295 -1
56 42 0 2992 22 411 0
56 43 0 4968 23 424 -2
56 44 0 7037 46 609 -2
56 45 0 8631 64 668 -1
56 46 0 9945 131 898 17
56 47 0 12167 925 1006 0
56 48 0 13922 819 517 -8
56 49 0 15843 794 410 8
56 50 0 17417 0 0 0
56 51 0 18012 793 333 2
56 52 0 17264 741 297 3
56 53 0 15365 0 0 0
56 54 0 12892 732 298 0
56 55 0 10386 0 0 0
56 56 0 8123 735 307 0
56 57 0 6139 0 0 0
56 58 0 4385 753 329 0
56 59 0 2883 0 0 0
56 60 0 1719 782 363 0
56 61 0 940 0 0 0
56 62 0 492 822 408 0
56 63 0 259 0 0 0
56 64 0 139 0 0 0
56 65 0 77 876 480 2
56 66 0 47 0 0 0
56 67 0 27 0 0 0
56 68 0 15 0 0 0
56 69 0 8 0 0 0
56 70 0 4 1151 820 -28
56 71 0 2 1185 1066 -74
56 72 0 0 1329 1409 -56
56 73 0 0 592 1892 -106
56 74 0 0 130 1685 -99
56 75 0 0 21 1360 -62
56 76 0 0 17 1221 -31
56 77 0 0 56 1202 -8
56 78 0 0 69 1143 -9
56 79 0 0 64 1118 -2
56 80 0 0 68 1061 4
56 81 0 0 40 1049 3
56 82 0 0 53 1025 7
56 83 0 0 35 1016 4
56 84 0 0 50 995 11
56 85 0 0 30 982 7
56 86 0 0 47 963 12
56 87 0 0 21 951 4
56 88 0 0 39 940 11
56 89 0 0 19 932 6
56 90 0 0 37 922 12
56 91 0 0 11 906 5
56 92 0 0 30 894 12
56 93 0 0 10 877 10
56 94 0 0 21 873 13
56 95 0 0 -6 827 2
56 96 0 0 -20 873 -14
56 97 0 0 1 853 6
57 2 0 0 14 -3 0
57 3 0 0 15 -21 1
57 4 0 0 14 -56 -2
57 5 0 0 41 -92 0
57 6 0 0 30 -108 -2
57 7 0 0 53 -150 8
57 8 0 0 43 -191 -2
57 9 0 0 26 -215 2
57 10 0 0 274 -335 -3
57 11 0 0 244 -214 -13
57 12 0 0 269 -162 -6
57 13 0 0 284 -134 -7
57 15 0 0 247 -103 -3
57 17 0 0 231 -88 0
57 19 0 0 214 -78 0
57 21 0 0 199 -66 0
57 23 0 0 186 -54 0
57 25 0 0 173 -41 0
57 27 0 0 161 -26 0
57 32 0 0 134 15 0
57 33 0 0 124 15 0
57 34 0 0 106 7 -1
57 35 0 0 2 41 -6
57 36 0 0 -19 74 -15
57 37 0 0 0 127 -52
57 38 0 0 8 146 45
57 39 0 0 27 197 12
57 40 0 0 -16 289 0
57 41 0 0 -3 330 12
57 42 0 0 -10 422 0
57 43 0 0 -4 485 7
57 44 0 0 13 609 -5
57 45 0 0 10 782 2
57 46 0 0 56 1063 -10
57 47 0 0 396 -246 13
57 48 0 11165 1060 514 -9
57 49 0 14483 890 342 3
57 50 0 17370 0 0 0
57 51 0 18967 0 0 0
57 52 0 18859 0 0 0
57 53 0 17275 0 0 0
57 54 0 14847 0 0 0
57 55 0 12206 0 0 0
57 56 0 9719 0 0 0
57 57 0 7470 0 0 0
57 58 0 5427 0 0 0
57 59 0 3643 0 0 0
57 60 0 2238 0 0 0
57 61 0 1278 0 0 0
57 62 0 710 0 0 0
57 63 0 400 0 0 0
57 64 0 230 0 0 0
57 65 0 137 0 0 0
57 66 0 86 939 564 -4
57 67 0 52 0 0 0
57 68 0 30 1004 730 -18
57 69 0 17 0 0 0
57 70 0 9 1038 859 -16
57 71 0 4 958 985 -42
57 72 0 2 939 1303 -11
57 73 0 0 554 1568 -53
57 74 0 0 248 1473 -23
57 75 0 0 192 1328 -20
57 76 0 0 115 1206 -2
57 77 0 0 76 1174 0
57 78 0 0 69 1127 6
57 79 0 0 66 1098 7
57 80 0 0 63 1052 21
57 81 0 0 39 1035 1
57 82 0 0 35 1016 12
57 83 0 0 24 1007 2
57 84 0 0 26 988 15
57 85 0 0 16 974 3
57 86 0 0 21 961 16
57 87 0 0 8 949 2
57 88 0 0 14 941 14
57 89 0 0 3 925 2
57 90 0 0 12 922 14
57 91 0 0 1 906 3
57 92 0 0 13 905 14
57 93 0 0 6 876 8
57 94 0 0 21 886 11
57 95 0 0 28 855 2
57 96 0 0 10 880 -27
57 97 0 0 16 862 -1
58 2 0 0 59 -19 -1
58 3 0 0 52 -34 0
58 4 0 0 51 -50 0
58 5 0 0 51 -68 -1
58 8 0 0 83 -148 10
58 9 0 0 135 -201 10
58 10 0 0 177 -213 1
58 11 0 0 226 -179 4
58 12 0 0 232 -150 -2
58 13 0 0 248 -106 -4
58 30 0 0 124 -12 0
58 32 0 0 121 -9 0
58 33 0 0 114 -5 0
58 34 0 0 101 7 -2
58 47 0 0 267 -197 -3
58 48 0 10444 1064 185 0
58 49 0 14828 952 134 0
58 50 0 18527 0 0 0
58 51 0 20632 781 267 8
58 52 0 20728 738 240 5
58 53 0 19111 0 0 0
58 54 0 16489 713 284 0
58 55 0 13583 0 0 0
58 56 0 10832 712 306 0
58 57 0 8360 0 0 0
58 58 0 6139 719 345 0
58 59 0 4213 0 0 0
58 60 0 2691 737 389 0
58 61 0 1630 0 0 0
58 62 0 975 761 445 0
58 63 0 593 0 0 0
58 64 0 367 793 521 0
58 65 0 232 0 0 0
58 66 0 150 0 0 0
58 67 0 95 0 0 0
58 68 0 57 0 0 0
58 69 0 34 0 0 0
58 70 0 18 0 0 0
58 71 0 9 0 0 0
58 72 0 4 0 0 0
58 73 0 2 0 0 0
58 74 0 0 0 0 0
58 75 0 0 0 0 0
58 77 0 0 219 1057 -8
58 79 0 0 148 1015 -14
58 81 0 0 112 972 -9
58 83 0 0 88 938 -4
58 85 0 0 69 906 0
58 87 0 0 52 883 1
58 89 0 0 41 864 1
58 91 0 0 27 852 6
58 93 0 0 28 837 7
58 95 0 0 18 838 -7
58 96 0 0 -9 838 -22
58 97 0 0 7 795 14
59 2 0 0 67 -18 -5
59 3 0 0 85 -45 -1
59 4 0 0 68 -50 1
59 5 0 0 85 -81 1
59 7 0 0 91 -121 2
59 8 0 0 103 -125 12
59 9 0 0 135 -173 13
59 10 0 0 159 -170 8
59 11 0 0 195 -185 14
59 12 0 0 190 -146 9
59 13 0 0 221 -140 2
59 15 0 0 228 -117 0
59 17 0 0 218 -100 0
59 19 0 0 202 -92 0
59 21 0 0 187 -80 0
59 23 0 0 173 -68 0
59 25 0 0 159 -54 0
59 27 0 0 148 -40 0
59 29 0 0 136 -25 0
59 32 0 0 122 5 -1
59 33 0 0 117 5 -2
59 34 0 0 102 -2 3
59 47 0 0 853 -14 4
59 48 0 10454 865 72 4
59 49 0 15348 867 127 6
59 50 0 19514 0 0 0
59 51 0 21918 0 0 0
59 52 0 22105 0 0 0
59 53 0 20389 0 0 0
59 54 0 17542 0 0 0
59 55 0 14380 0 0 0
59 56 0 11418 0 0 0
59 57 0 8819 0 0 0
59 58 0 6556 0 0 0
59 59 0 4636 0 0 0
59 60 0 3120 0 0 0
59 61 0 2029 0 0 0
59 62 0 1312 0 0 0
59 63 0 856 0 0 0
59 64 0 563 0 0 0
59 65 0 375 0 0 0
59 66 0 252 818 615 -2
59 67 0 165 0 0 0
59 68 0 104 846 755 -9
59 69 0 64 0 0 0
59 70 0 38 820 918 -13
59 71 0 22 0 0 0
59 72 0 12 652 1179 -21
59 73 0 8 0 0 0
59 74 0 5 0 0 0
59 75 0 4 377 1201 4
59 76 0 3 0 0 0
59 77 0 2 0 0 0
59 78 0 1 0 0 0
59 79 0 1 0 0 0
59 80 0 0 0 0 0
59 81 0 0 0 0 0
59 82 0 0 0 0 0
59 83 0 0 0 0 0
59 84 0 0 0 0 0
59 85 0 0 0 0 0
59 96 0 0 12 830 -26
59 97 0 0 14 813 0
60 2 0 0 99 -6 2
60 3 0 0 96 -14 0
60 5 0 0 118 -56 -2
60 32 0 0 116 -15 1
60 33 0 0 114 -14 1
60 34 0 0 84 -4 -4
60 47 0 0 812 -12 20
60 48 0 10181 779 49 10
60 49 0 15016 803 110 0
60 50 0 19295 0 0 0
60 51 0 21885 0 0 0
60 52 0 22259 0 0 0
60 53 0 20653 0 0 0
60 54 0 17825 0 0 0
60 55 0 14628 0 0 0
60 56 0 11636 672 307 0
60 57 0 9057 0 0 0
60 58 0 6876 673 353 0
60 59 0 5062 0 0 0
60 60 0 3614 683 404 0
60 61 0 2523 0 0 0
60 62 0 1748 694 463 0
60 63 0 1213 0 0 0
60 64 0 840 707 537 0
60 65 0 586 0 0 0
60 66 0 408 0 0 0
60 67 0 278 0 0 0
60 68 0 182 0 0 0
60 69 0 116 0 0 0
60 70 0 70 0 0 0
60 71 0 43 0 0 0
60 72 0 25 537 998 0
60 73 0 17 0 0 0
60 74 0 13 0 0 0
60 75 0 10 355 1041 8
60 76 0 8 0 0 0
60 77 0 7 263 1001 5
60 78 0 5 0 0 0
60 79 0 4 194 967 5
60 80 0 3 0 0 0
60 81 0 2 148 931 3
60 82 0 2 0 0 0
60 83 0 1 110 905 2
60 84 0 1 0 0 0
60 85 0 0 84 883 2
60 86 0 0 0 0 0
60 87 0 0 64 868 1
60 88 0 0 0 0 0
60 89 0 0 49 851 1
60 90 0 0 0 0 0
60 91 0 0 36 844 1
60 93 0 0 26 829 0
60 95 0 0 10 842 -29
60 96 0 0 -19 845 -38
60 97 0 0 -13 808 -5
61 2 0 0 102 -20 -6
61 3 0 0 122 -44 -4
61 7 0 0 127 -88 2
61 8 0 0 164 -120 2
61 10 0 0 197 -139 6
61 13 0 0 219 -135 -2
61 15 0 0 218 -130 0
61 17 0 0 206 -116 0
61 19 0 0 192 -109 0
61 21 0 0 175 -95 0
61 23 0 0 159 -82 0
61 25 0 0 145 -67 0
61 27 0 0 133 -50 0
61 29 0 0 121 -36 1
61 31 0 0 112 -21 -1
61 32 0 0 108 -3 0
61 33 0 0 105 -2 -1
61 34 0 0 98 -3 3
61 47 0 0 797 7 5
61 48 0 9356 739 40 7
61 49 0 13808 754 81 -2
61 50 0 17870 694 189 2
61 51 0 20519 0 0 0
61 52 0 21176 697 216 3
61 53 0 19950 0 0 0
61 54 0 17480 674 269 -1
61 55 0 14559 0 0 0
61 56 0 11767 0 0 0
61 57 0 9351 0 0 0
61 58 0 7324 0 0 0
61 59 0 5635 0 0 0
61 60 0 4248 0 0 0
61 61 0 3141 0 0 0
61 62 0 2292 0 0 0
61 63 0 1662 0 0 0
61 64 0 1198 0 0 0
61 65 0 865 0 0 0
61 66 0 621 710 624 0
61 67 0 434 0 0 0
61 68 0 293 707 733 1
61 69 0 192 0 0 0
61 70 0 122 659 866 0
61 71 0 78 0 0 0
61 72 0 51 0 0 0
61 73 0 38 0 0 0
61 74 0 30 0 0 0
61 75 0 25 0 0 0
61 76 0 20 0 0 0
61 77 0 17 0 0 0
61 78 0 14 0 0 0
61 79 0 10 0 0 0
61 80 0 8 0 0 0
61 81 0 6 0 0 0
61 82 0 4 0 0 0
61 83 0 3 0 0 0
61 84 0 2 0 0 0
61 85 0 1 0 0 0
61 86 0 0 0 0 0
61 87 0 0 0 0 0
61 88 0 0 0 0 0
61 89 0 0 0 0 0
61 90 0 0 0 0 0
61 91 0 0 0 0 0
61 96 0 0 28 843 -35
61 97 0 0 18 808 0
62 2 0 0 140 0 5
62 3 0 0 137 -8 -1
62 32 0 0 105 -21 3
62 33 0 0 99 -19 2
62 34 0 0 102 -12 5
62 47 0 0 760 5 0
62 48 0 8397 693 56 9
62 49 0 12388 711 92 0
62 50 0 16126 0 0 0
62 51 0 18731 0 0 0
62 52 0 19644 0 0 0
62 53 0 18879 0 0 0
62 54 0 16933 0 0 0
62 55 0 14472 0 0 0
62 56 0 12023 0 0 0
62 57 0 9838 0 0 0
62 58 0 7966 623 356 0
62 59 0 6365 0 0 0
62 60 0 4997 626 410 0
62 61 0 3849 0 0 0
62 62 0 2917 629 470 0
62 63 0 2193 0 0 0
62 64 0 1637 631 539 0
62 65 0 1220 0 0 0
62 66 0 899 623 617 0
62 67 0 645 0 0 0
62 68 0 448 605 706 0
62 69 0 303 0 0 0
62 70 0 202 560 801 -1
62 71 0 138 0 0 0
62 72 0 98 0 0 0
62 73 0 77 478 889 -3
62 74 0 64 0 0 0
62 75 0 54 365 923 0
62 76 0 44 0 0 0
62 77 0 36 280 914 -2
62 78 0 28 0 0 0
62 79 0 22 214 908 -2
62 80 0 17 0 0 0
62 81 0 12 166 892 -2
62 82 0 9 0 0 0
62 83 0 6 130 879 -2
62 84 0 4 0 0 0
62 85 0 2 102 863 -1
62 86 0 1 0 0 0
62 87 0 0 80 852 0
62 88 0 0 0 0 0
62 89 0 0 63 840 0
62 90 0 0 0 0 0
62 91 0 0 47 833 2
62 93 0 0 34 820 0
62 95 0 0 23 824 -23
62 96 0 0 -9 818 -32
62 97 0 0 -4 793 0
63 2 0 0 138 -16 -7
63 3 0 0 158 -43 -4
63 5 0 0 143 -48 0
63 7 0 0 156 -76 0
63 8 0 0 172 -104 3
63 10 0 0 192 -117 2
63 13 0 0 206 -122 3
63 15 0 0 210 -123 0
63 17 0 0 201 -126 0
63 19 0 0 182 -124 0
63 21 0 0 161 -112 0
63 23 0 0 144 -98 0
63 25 0 0 128 -81 0
63 27 0 0 117 -64 0
63 29 0 0 104 -46 0
63 31 0 0 100 -31 0
63 32 0 0 91 -13 2
63 33 0 0 91 -5 0
63 34 0 0 86 -7 3
63 47 0 0 704 4 6
63 48 0 7881 667 46 6
63 49 0 11634 671 74 3
63 50 0 15174 648 156 2
63 51 0 17690 0 0 0
63 52 0 18676 642 196 1
63 53 0 18169 0 0 0
63 54 0 16617 628 258 -1
63 55 0 14574 0 0 0
63 56 0 12458 624 304 0
63 57 0 10486 0 0 0
63 58 0 8725 0 0 0
63 59 0 7166 0 0 0
63 60 0 5794 0 0 0
63 61 0 4610 0 0 0
63 62 0 3616 0 0 0
63 63 0 2816 0 0 0
63 64 0 2175 0 0 0
63 65 0 1669 0 0 0
63 66 0 1259 0 0 0
63 67 0 924 0 0 0
63 68 0 659 0 0 0
63 69 0 459 0 0 0
63 70 0 320 0 0 0
63 71 0 230 0 0 0
63 72 0 175 0 0 0
63 73 0 143 0 0 0
63 74 0 122 0 0 0
63 75 0 103 0 0 0
63 76 0 84 0 0 0
63 77 0 68 0 0 0
63 78 0 54 0 0 0
63 79 0 41 0 0 0
63 80 0 31 0 0 0
63 81 0 23 0 0 0
63 82 0 17 0 0 0
63 83 0 12 0 0 0
63 84 0 8 0 0 0
63 85 0 5 0 0 0
63 86 0 3 0 0 0
63 87 0 1 0 0 0
63 88 0 0 0 0 0
63 89 0 0 0 0 0
63 90 0 0 0 0 0
63 91 0 0 0 0 0
63 96 0 0 32 820 -32
63 97 0 0 20 785 -1
64 2 0 0 174 5 6
64 3 0 0 174 2 -2
64 5 0 0 174 -38 -1
64 7 0 0 184 -61 -1
64 8 0 0 197 -86 0
64 10 0 0 211 -104 0
64 32 0 0 87 -26 4
64 33 0 0 81 -21 3
64 34 0 0 80 -5 0
64 47 0 0 688 6 3
64 48 0 8260 624 56 7
64 49 0 12181 640 88 4
64 50 0 15764 0 0 0
64 51 0 18142 0 0 0
64 52 0 18900 0 0 0
64 53 0 18258 0 0 0
64 54 0 16774 0 0 0
64 55 0 14941 0 0 0
64 56 0 13042 0 0 0
64 57 0 11209 0 0 0
64 58 0 9510 569 355 0
64 59 0 7971 0 0 0
64 60 0 6604 569 410 0
64 61 0 5416 0 0 0
64 62 0 4401 566 468 0
64 63 0 3552 0 0 0
64 64 0 2834 561 532 0
64 65 0 2232 0 0 0
64 66 0 1721 547 600 0
64 67 0 1288 0 0 0
64 68 0 941 524 672 0
64 69 0 677 0 0 0
64 70 0 495 482 745 0
64 71 0 377 0 0 0
64 72 0 303 0 0 0
64 73 0 257 421 810 0
64 74 0 222 0 0 0
64 75 0 189 340 845 1
64 76 0 155 0 0 0
64 77 0 125 280 854 0
64 78 0 98 0 0 0
64 79 0 75 225 856 0
64 80 0 57 0 0 0
64 81 0 43 181 849 0
64 82 0 31 0 0 0
64 83 0 22 144 842 0
64 84 0 15 0 0 0
64 85 0 9 114 833 0
64 86 0 5 0 0 0
64 87 0 3 88 826 0
64 88 0 1 0 0 0
64 89 0 0 68 817 1
64 90 0 0 0 0 0
64 91 0 0 51 814 1
64 93 0 0 36 804 -2
64 95 0 0 19 815 -27
64 96 0 0 -11 816 -33
64 97 0 0 -6 779 0
65 2 0 0 165 -3 -4
65 3 0 0 186 -39 -4
65 13 0 0 220 -120 0
65 15 0 0 219 -133 0
65 17 0 0 207 -145 0
65 19 0 0 177 -148 0
65 21 0 0 150 -134 0
65 23 0 0 128 -117 0
65 25 0 0 110 -96 0
65 27 0 0 98 -75 0
65 29 0 0 87 -54 0
65 31 0 0 82 -38 1
65 32 0 0 73 -16 0
65 33 0 0 74 -8 0
65 34 0 0 51 -4 4
65 47 0 0 624 0 5
65 48 0 9567 599 41 3
65 49 0 14010 602 69 6
65 50 0 17799 580 141 1
65 51 0 19939 0 0 0
65 52 0 20176 584 189 1
65 53 0 19059 0 0 0
65 54 0 17350 575 250 -1
65 55 0 15519 0 0 0
65 56 0 13707 572 301 0
65 57 0 11939 0 0 0
65 58 0 10269 0 0 0
65 59 0 8753 0 0 0
65 60 0 7424 0 0 0
65 61 0 6278 0 0 0
65 62 0 5282 0 0 0
65 63 0 4409 0 0 0
65 64 0 3621 0 0 0
65 65 0 2914 0 0 0
65 66 0 2286 0 0 0
65 67 0 1743 0 0 0
65 68 0 1304 0 0 0
65 69 0 970 0 0 0
65 70 0 739 0 0 0
65 71 0 589 0 0 0
65 72 0 493 0 0 0
65 73 0 427 0 0 0
65 74 0 372 0 0 0
65 75 0 317 0 0 0
65 76 0 259 0 0 0
65 77 0 208 0 0 0
65 78 0 162 0 0 0
65 79 0 124 0 0 0
65 80 0 94 0 0 0
65 81 0 70 0 0 0
65 82 0 51 0 0 0
65 83 0 36 0 0 0
65 84 0 24 0 0 0
65 85 0 15 0 0 0
65 86 0 9 0 0 0
65 87 0 5 0 0 0
65 88 0 2 0 0 0
65 89 0 1 0 0 0
65 90 0 0 0 0 0
65 91 0 0 0 0 0
65 96 0 0 34 816 -33
65 97 0 0 22 776 -1
66 2 0 0 200 9 7
66 3 0 0 201 5 -1
66 5 0 0 197 -32 -1
66 7 0 0 205 -52 0
66 8 0 0 218 -75 0
66 10 0 0 228 -95 0
66 12 0 0 238 -117 0
66 14 0 0 234 -139 0
66 16 0 0 217 -168 0
66 32 0 0 70 -30 4
66 33 0 0 64 -21 4
66 34 0 0 59 -2 0
66 47 0 0 616 6 4
66 48 0 11329 559 57 4
66 49 0 16420 573 91 9
66 50 0 20437 521 130 0
66 51 0 22265 0 0 0
66 52 0 21889 0 0 0
66 53 0 20211 0 0 0
66 54 0 18183 0 0 0
66 55 0 16248 0 0 0
66 56 0 14430 518 298 0
66 57 0 12677 0 0 0
66 58 0 11028 516 353 0
66 59 0 9558 0 0 0
66 60 0 8305 513 407 0
66 61 0 7241 0 0 0
66 62 0 6297 507 462 0
66 63 0 5416 0 0 0
66 64 0 4560 499 520 0
66 65 0 3743 0 0 0
66 66 0 2987 483 580 0
66 67 0 2323 0 0 0
66 68 0 1783 460 641 0
66 69 0 1372 0 0 0
66 70 0 1087 424 699 0
66 71 0 899 0 0 0
66 72 0 774 377 750 0
66 73 0 680 0 0 0
66 74 0 595 0 0 0
66 75 0 506 319 782 0
66 76 0 414 0 0 0
66 77 0 331 268 799 0
66 78 0 258 0 0 0
66 79 0 199 221 809 0
66 80 0 152 0 0 0
66 81 0 114 181 811 0
66 82 0 85 0 0 0
66 83 0 60 147 812 0
66 84 0 41 0 0 0
66 85 0 26 119 808 0
66 86 0 16 0 0 0
66 87 0 9 95 805 0
66 88 0 5 0 0 0
66 89 0 2 75 799 0
66 90 0 1 0 0 0
66 91 0 0 57 798 1
66 92 0 0 0 0 0
66 93 0 0 41 789 0
66 95 0 0 26 796 -26
66 96 0 0 -8 796 -32
66 97 0 0 -2 760 0
67 2 0 0 187 0 -3
67 3 0 0 210 -37 -3
67 19 0 0 168 -180 0
67 21 0 0 130 -161 0
67 23 0 0 105 -138 0
67 25 0 0 86 -111 0
67 27 0 0 75 -87 0
67 29 0 0 65 -62 0
67 31 0 0 61 -44 1
67 32 0 0 54 -20 2
67 33 0 0 52 -11 1
67 34 0 0 39 -4 4
67 47 0 0 550 -4 4
67 48 0 12752 527 36 1
67 49 0 18349 533 70 8
67 50 0 22548 0 0 0
67 51 0 24180 0 0 0
67 52 0 23422 525 186 1
67 53 0 21413 0 0 0
67 54 0 19192 521 245 0
67 55 0 17164 0 0 0
67 56 0 15303 0 0 0
67 57 0 13534 0 0 0
67 58 0 11898 0 0 0
67 59 0 10480 0 0 0
67 60 0 9310 0 0 0
67 61 0 8333 0 0 0
67 62 0 7445 0 0 0
67 63 0 6560 0 0 0
67 64 0 5644 0 0 0
67 65 0 4721 0 0 0
67 66 0 3841 0 0 0
67 67 0 3055 0 0 0
67 68 0 2411 0 0 0
67 69 0 1916 0 0 0
67 70 0 1567 0 0 0
67 71 0 1330 0 0 0
67 72 0 1163 0 0 0
67 73 0 1027 0 0 0
67 74 0 895 0 0 0
67 75 0 758 0 0 0
67 76 0 618 0 0 0
67 77 0 492 0 0 0
67 78 0 383 0 0 0
67 79 0 295 0 0 0
67 80 0 226 0 0 0
67 81 0 170 0 0 0
67 82 0 127 0 0 0
67 83 0 91 0 0 0
67 84 0 62 0 0 0
67 85 0 40 0 0 0
67 86 0 24 0 0 0
67 87 0 14 0 0 0
67 88 0 7 0 0 0
67 89 0 3 0 0 0
67 90 0 1 0 0 0
67 91 0 0 0 0 0
67 92 0 0 0 0 0
67 96 0 0 36 797 -32
67 97 0 0 22 760 -1
68 2 0 0 223 11 7
68 3 0 0 222 7 1
68 7 0 0 227 -42 0
68 8 0 0 240 -62 0
68 10 0 0 253 -84 0
68 12 0 0 265 -114 0
68 14 0 0 267 -153 -1
68 16 0 0 248 -207 -2
68 19 0 0 170 -231 -6
68 32 0 0 49 -30 5
68 33 0 0 43 -18 3
68 34 0 0 38 -2 0
68 47 0 0 547 7 3
68 48 0 13287 494 57 2
68 49 0 19109 508 95 11
68 50 0 23471 0 0 0
68 51 0 25190 0 0 0
68 52 0 24486 466 185 2
68 53 0 22525 0 0 0
68 54 0 20322 466 242 0
68 55 0 18272 0 0 0
68 56 0 16371 464 296 0
68 57 0 14579 0 0 0
68 58 0 12950 462 349 0
68 59 0 11574 0 0 0
68 60 0 10470 459 402 0
68 61 0 9558 0 0 0
68 62 0 8711 453 455 0
68 63 0 7821 0 0 0
68 64 0 6853 443 508 0
68 65 0 5840 0 0 0
68 66 0 4850 427 561 0
68 67 0 3949 0 0 0
68 68 0 3198 405 613 0
68 69 0 2610 0 0 0
68 70 0 2183 375 662 0
68 71 0 1880 0 0 0
68 72 0 1654 338 705 0
68 73 0 1458 0 0 0
68 74 0 1266 0 0 0
68 75 0 1067 294 736 0
68 76 0 867 0 0 0
68 77 0 690 253 756 0
68 78 0 539 0 0 0
68 79 0 417 214 770 0
68 80 0 322 0 0 0
68 81 0 246 179 776 0
68 82 0 185 0 0 0
68 83 0 134 148 780 0
68 84 0 93 0 0 0
68 85 0 62 121 780 0
68 86 0 39 0 0 0
68 87 0 24 97 781 0
68 88 0 14 0 0 0
68 89 0 8 76 778 0
68 90 0 5 0 0 0
68 91 0 3 57 779 1
68 92 0 1 0 0 0
68 93 0 0 41 773 -1
68 94 0 0 0 0 0
68 95 0 0 25 783 -26
68 96 0 0 -8 784 -33
68 97 0 0 -3 747 0
69 2 0 0 208 0 -3
69 3 0 0 230 -35 -3
69 5 0 0 217 -25 -1
69 21 0 0 112 -196 -4
69 23 0 0 80 -159 -1
69 25 0 0 61 -124 -1
69 27 0 0 50 -96 0
69 29 0 0 44 -67 -1
69 31 0 0 38 -48 1
69 32 0 0 29 -26 2
69 33 0 0 27 -13 0
69 34 0 0 21 -3 2
69 47 0 0 476 -8 2
69 48 0 12922 455 34 0
69 49 0 18698 464 69 9
69 50 0 23215 463 126 0
69 51 0 25302 0 0 0
69 52 0 25059 0 0 0
69 53 0 23494 0 0 0
69 54 0 21534 0 0 0
69 55 0 19588 0 0 0
69 56 0 17716 0 0 0
69 57 0 15928 0 0 0
69 58 0 14298 0 0 0
69 59 0 12929 0 0 0
69 60 0 11842 0 0 0
69 61 0 10948 0 0 0
69 62 0 10111 0 0 0
69 63 0 9207 0 0 0
69 64 0 8199 0 0 0
69 65 0 7116 0 0 0
69 66 0 6033 0 0 0
69 67 0 5023 0 0 0
69 68 0 4161 0 0 0
69 69 0 3466 0 0 0
69 70 0 2942 0 0 0
69 71 0 2551 0 0 0
69 72 0 2242 0 0 0
69 73 0 1967 0 0 0
69 74 0 1696 0 0 0
69 75 0 1422 0 0 0
69 76 0 1154 0 0 0
69 77 0 919 0 0 0
69 78 0 722 0 0 0
69 79 0 564 0 0 0
69 80 0 439 0 0 0
69 81 0 339 0 0 0
69 82 0 257 0 0 0
69 83 0 188 0 0 0
69 84 0 132 0 0 0
69 85 0 89 0 0 0
69 86 0 58 0 0 0
69 87 0 37 0 0 0
69 88 0 23 0 0 0
69 89 0 14 0 0 0
69 90 0 9 0 0 0
69 91 0 5 0 0 0
69 92 0 3 0 0 0
69 93 0 1 0 0 0
69 94 0 1 0 0 0
69 95 0 0 0 0 0
69 96 0 0 37 785 -33
69 97 0 0 21 744 0
70 2 0 0 240 13 8
70 3 0 0 239 11 1
70 8 0 0 260 -49 0
70 11 0 0 279 -69 0
70 12 0 0 310 -104 0
70 14 0 0 327 -149 0
70 16 0 0 300 -257 -9
70 17 0 0 260 -309 -10
70 18 0 0 211 -320 -16
70 19 0 0 97 -276 -8
70 20 0 0 104 -248 -9
70 21 0 0 41 -210 -2
70 22 0 0 67 -191 -6
70 23 0 0 24 -159 0
70 24 0 0 50 -147 -5
70 25 0 0 17 -121 0
70 26 0 0 39 -112 -4
70 27 0 0 15 -90 0
70 28 0 0 34 -84 -4
70 29 0 0 15 -62 -1
70 30 0 0 25 -56 -3
70 31 0 0 16 -38 0
70 32 0 0 27 -33 0
70 33 0 0 21 -17 0
70 34 0 0 15 -2 0
70 47 0 0 474 8 4
70 48 0 12053 427 57 1
70 49 0 17601 442 95 12
70 50 0 22224 403 126 0
70 51 0 24789 0 0 0
70 52 0 25207 407 186 1
70 53 0 24249 0 0 0
70 54 0 22723 410 243 0
70 55 0 21044 0 0 0
70 56 0 19319 411 295 0
70 57 0 17596 0 0 0
70 58 0 15965 411 347 0
70 59 0 14561 0 0 0
70 60 0 13432 407 397 0
70 61 0 12502 0 0 0
70 62 0 11640 402 447 0
70 63 0 10711 0 0 0
70 64 0 9666 392 495 0
70 65 0 8524 0 0 0
70 66 0 7356 378 543 0
70 67 0 6240 0 0 0
70 68 0 5258 358 589 0
70 69 0 4441 0 0 0
70 70 0 3798 333 631 0
70 71 0 3297 0 0 0
70 72 0 2886 303 668 0
70 73 0 2513 0 0 0
70 74 0 2152 0 0 0
70 75 0 1797 268 698 0
70 76 0 1459 0 0 0
70 77 0 1167 235 719 0
70 78 0 925 0 0 0
70 79 0 732 201 735 0
70 80 0 578 0 0 0
70 81 0 451 171 745 0
70 82 0 346 0 0 0
70 83 0 256 143 753 0
70 84 0 183 0 0 0
70 85 0 126 119 756 0
70 86 0 85 0 0 0
70 87 0 56 96 760 0
70 88 0 36 0 0 0
70 89 0 24 77 759 0
70 90 0 15 0 0 0
70 91 0 10 59 762 1
70 92 0 6 0 0 0
70 93 0 3 43 756 -1
70 94 0 2 0 0 0
70 95 0 1 27 767 -25
70 96 0 0 -7 768 -32
70 97 0 0 -2 730 1
71 2 0 0 222 3 -2
71 3 0 0 245 -32 -3
71 5 0 0 232 -19 0
71 7 0 0 244 -31 0
71 16 0 0 397 -181 -9
71 17 0 0 295 -353 -8
71 18 0 0 138 -369 0
71 19 0 0 90 -341 -3
71 20 0 0 55 -253 -2
71 21 0 0 41 -231 -4
71 22 0 0 34 -182 -2
71 23 0 0 25 -171 -2
71 24 0 0 26 -135 -1
71 25 0 0 19 -128 -1
71 26 0 0 21 -101 -2
71 27 0 0 16 -95 -1
71 28 0 0 18 -72 -1
71 29 0 0 15 -67 -2
71 30 0 0 14 -47 -1
71 31 0 0 13 -43 -1
71 32 0 0 12 -24 0
71 33 0 0 12 -21 -1
71 34 0 0 9 -3 0
71 47 0 0 405 -10 1
71 48 0 11104 386 36 -2
71 49 0 16331 397 70 9
71 50 0 20959 0 0 0
71 51 0 23939 0 0 0
71 52 0 25026 0 0 0
71 53 0 24763 0 0 0
71 54 0 23820 0 0 0
71 55 0 22578 0 0 0
71 56 0 21135 0 0 0
71 57 0 19542 0 0 0
71 58 0 17911 0 0 0
71 59 0 16431 0 0 0
71 60 0 15209 0 0 0
71 61 0 14196 0 0 0
71 62 0 13276 0 0 0
71 63 0 12301 0 0 0
71 64 0 11210 0 0 0
71 65 0 10006 0 0 0
71 66 0 8751 0 0 0
71 67 0 7523 0 0 0
71 68 0 6412 0 0 0
71 69 0 5461 0 0 0
71 70 0 4684 0 0 0
71 71 0 4057 0 0 0
71 72 0 3529 0 0 0
71 73 0 3050 0 0 0
71 74 0 2597 0 0 0
71 75 0 2166 0 0 0
71 76 0 1767 0 0 0
71 77 0 1426 0 0 0
71 78 0 1147 0 0 0
71 79 0 921 0 0 0
71 80 0 739 0 0 0
71 81 0 584 0 0 0
71 82 0 453 0 0 0
71 83 0 341 0 0 0
71 84 0 247 0 0 0
71 85 0 175 0 0 0
71 86 0 121 0 0 0
71 87 0 83 0 0 0
71 88 0 56 0 0 0
71 89 0 38 0 0 0
71 90 0 26 0 0 0
71 91 0 17 0 0 0
71 92 0 11 0 0 0
71 93 0 7 0 0 0
71 94 0 4 0 0 0
71 95 0 2 0 0 0
71 96 0 1 36 768 -32
71 97 0 0 21 728 0
72 2 0 0 253 11 8
72 3 0 0 252 16 2
72 8 0 0 278 -26 0
72 11 0 0 306 -34 0
72 13 0 0 346 -59 0
72 15 0 0 403 -74 0
72 16 0 0 514 -186 2
72 17 0 0 103 -52 -34
72 18 0 0 27 -498 -9
72 19 0 0 -5 -362 10
72 20 0 0 -9 -279 -1
72 21 0 0 -1 -225 22
72 22 0 0 -13 -196 -4
72 23 0 0 3 -160 22
72 24 0 0 -13 -145 -7
72 25 0 0 6 -118 21
72 26 0 0 -11 -107 -8
72 27 0 0 7 -86 19
72 28 0 0 -10 -76 -9
72 29 0 0 7 -60 17
72 30 0 0 -7 -50 -8
72 31 0 0 6 -38 12
72 32 0 0 -4 -28 -7
72 33 0 0 3 -16 4
72 34 0 0 0 -5 0
72 47 0 0 396 10 6
72 48 0 10281 359 57 0
72 49 0 15140 377 98 12
72 50 0 19653 345 130 0
72 51 0 22905 0 0 0
72 52 0 24577 347 191 1
72 53 0 25027 0 0 0
72 54 0 24773 357 246 0
72 55 0 24098 0 0 0
72 56 0 23041 360 296 0
72 57 0 21629 0 0 0
72 58 0 20006 361 346 0
72 59 0 18433 0 0 0
72 60 0 17086 359 393 0
72 61 0 15961 0 0 0
72 62 0 14952 354 439 0
72 63 0 13907 0 0 0
72 64 0 12749 346 484 0
72 65 0 11467 0 0 0
72 66 0 10115 334 527 0
72 67 0 8771 0 0 0
72 68 0 7531 317 568 0
72 69 0 6447 0 0 0
72 70 0 5537 296 606 0
72 71 0 4780 0 0 0
72 72 0 4134 271 640 0
72 73 0 3552 0 0 0
72 74 0 3015 0 0 0
72 75 0 2519 243 667 0
72 76 0 2072 0 0 0
72 77 0 1695 216 689 0
72 78 0 1387 0 0 0
72 79 0 1135 188 706 0
72 80 0 924 0 0 0
72 81 0 741 162 718 0
72 82 0 582 0 0 0
72 83 0 443 137 728 0
72 84 0 327 0 0 0
72 85 0 236 114 733 0
72 86 0 169 0 0 0
72 87 0 120 93 739 0
72 88 0 85 0 0 0
72 89 0 60 74 740 0
72 90 0 42 0 0 0
72 91 0 29 57 744 1
72 92 0 19 0 0 0
72 93 0 12 41 741 -1
72 94 0 7 0 0 0
72 95 0 4 25 752 -25
72 96 0 2 -7 754 -32
72 97 0 0 -2 714 1
73 2 0 0 233 2 -2
73 3 0 0 254 -28 -2
73 5 0 0 243 -9 0
73 7 0 0 257 -15 0
73 16 0 0 499 -40 1
73 17 0 0 367 102 -21
73 47 0 0 331 -11 0
73 48 0 9630 321 39 -2
73 49 0 14108 328 75 10
73 50 0 18417 0 0 0
73 51 0 21811 0 0 0
73 52 0 23965 0 0 0
73 53 0 25092 0 0 0
73 54 0 25539 0 0 0
73 55 0 25456 0 0 0
73 56 0 24798 0 0 0
73 57 0 23575 0 0 0
73 58 0 21968 0 0 0
73 59 0 20308 0 0 0
73 60 0 18838 0 0 0
73 61 0 17592 0 0 0
73 62 0 16477 0 0 0
73 63 0 15340 0 0 0
73 64 0 14097 0 0 0
73 65 0 12729 0 0 0
73 66 0 11283 0 0 0
73 67 0 9841 0 0 0
73 68 0 8495 0 0 0
73 69 0 7300 0 0 0
73 70 0 6274 0 0 0
73 71 0 5404 0 0 0
73 72 0 4653 0 0 0
73 73 0 3984 0 0 0
73 74 0 3382 0 0 0
73 75 0 2842 0 0 0
73 76 0 2368 0 0 0
73 77 0 1970 0 0 0
73 78 0 1643 0 0 0
73 79 0 1370 0 0 0
73 80 0 1133 0 0 0
73 81 0 920 0 0 0
73 82 0 731 0 0 0
73 83 0 564 0 0 0
73 84 0 424 0 0 0
73 85 0 314 0 0 0
73 86 0 230 0 0 0
73 87 0 169 0 0 0
73 88 0 124 0 0 0
73 89 0 91 0 0 0
73 90 0 65 0 0 0
73 91 0 46 0 0 0
73 92 0 31 0 0 0
73 93 0 20 0 0 0
73 94 0 12 0 0 0
73 95 0 7 0 0 0
73 96 0 4 36 754 -32
73 97 0 0 20 712 0
74 2 0 0 259 13 7
74 3 0 0 258 21 2
74 7 0 0 260 1 0
74 8 0 0 280 0 0
74 11 0 0 311 2 0
74 13 0 0 351 -1 0
74 15 0 0 411 -1 1
74 16 0 0 441 -45 6
74 17 0 0 484 8 27
74 47 0 0 309 13 10
74 48 0 9092 282 69 -1
74 49 0 13207 306 103 12
74 50 0 17276 283 144 1
74 51 0 20723 0 0 0
74 52 0 23255 291 197 2
74 53 0 24964 0 0 0
74 54 0 26027 305 253 0
74 55 0 26455 0 0 0
74 56 0 26139 310 299 0
74 57 0 25086 0 0 0
74 58 0 23517 314 347 0
74 59 0 21811 0 0 0
74 60 0 20250 314 390 0
74 61 0 18898 0 0 0
74 62 0 17677 311 434 0
74 63 0 16442 0 0 0
74 64 0 15110 304 474 0
74 65 0 13664 0 0 0
74 66 0 12150 293 514 0
74 67 0 10647 0 0 0
74 68 0 9238 279 551 0
74 69 0 7972 0 0 0
74 70 0 6866 262 585 0
74 71 0 5910 0 0 0
74 72 0 5082 242 616 0
74 73 0 4349 0 0 0
74 74 0 3704 0 0 0
74 75 0 3140 219 642 0
74 76 0 2654 0 0 0
74 77 0 2246 196 663 0
74 78 0 1908 0 0 0
74 79 0 1615 172 681 0
74 80 0 1352 0 0 0
74 81 0 1109 150 695 0
74 82 0 890 0 0 0
74 83 0 695 128 706 0
74 84 0 531 0 0 0
74 85 0 402 108 713 0
74 86 0 303 0 0 0
74 87 0 229 89 720 0
74 88 0 173 0 0 0
74 89 0 129 71 722 0
74 90 0 95 0 0 0
74 91 0 68 55 728 1
74 92 0 46 0 0 0
74 93 0 30 40 725 -1
74 94 0 19 0 0 0
74 95 0 11 25 738 -24
74 96 0 6 -7 739 -32
74 97 0 0 -2 699 1
75 2 0 0 237 2 -3
75 3 0 0 257 -23 -2
75 5 0 0 245 0 0
75 16 0 0 451 33 -1
75 17 0 0 488 8 19
75 47 0 0 234 10 26
75 48 0 8573 242 44 2
75 49 0 12362 262 70 4
75 50 0 16199 0 0 0
75 51 0 19647 0 0 0
75 52 0 22446 0 0 0
75 53 0 24586 0 0 0
75 54 0 26093 0 0 0
75 55 0 26875 0 0 0
75 56 0 26796 0 0 0
75 57 0 25886 0 0 0
75 58 0 24394 0 0 0
75 59 0 22709 0 0 0
75 60 0 21118 0 0 0
75 61 0 19702 0 0 0
75 62 0 18400 0 0 0
75 63 0 17084 0 0 0
75 64 0 15685 0 0 0
75 65 0 14195 0 0 0
75 66 0 12658 0 0 0
75 67 0 11147 0 0 0
75 68 0 9730 0 0 0
75 69 0 8444 0 0 0
75 70 0 7302 0 0 0
75 71 0 6299 0 0 0
75 72 0 5423 0 0 0
75 73 0 4653 0 0 0
75 74 0 3986 0 0 0
75 75 0 3414 0 0 0
75 76 0 2927 0 0 0
75 77 0 2516 0 0 0
75 78 0 2168 0 0 0
75 79 0 1857 0 0 0
75 80 0 1569 0 0 0
75 81 0 1297 0 0 0
75 82 0 1048 0 0 0
75 83 0 828 0 0 0
75 84 0 643 0 0 0
75 85 0 496 0 0 0
75 86 0 382 0 0 0
75 87 0 297 0 0 0
75 88 0 229 0 0 0
75 89 0 175 0 0 0
75 90 0 130 0 0 0
75 91 0 94 0 0 0
75 92 0 65 0 0 0
75 93 0 42 0 0 0
75 94 0 26 0 0 0
75 95 0 16 0 0 0
75 96 0 8 35 739 -32
75 97 0 0 19 697 0
76 2 0 0 255 15 7
76 3 0 0 256 26 3
76 7 0 0 257 17 0
76 8 0 0 278 24 0
76 11 0 0 308 33 0
76 16 0 0 464 16 1
76 17 0 0 517 -3 16
76 47 0 0 220 12 12
76 48 0 7959 208 75 4
76 49 0 11453 231 115 11
76 50 0 15078 0 0 0
76 51 0 18491 0 0 0
76 52 0 21447 0 0 0
76 53 0 23849 0 0 0
76 54 0 25607 256 264 0
76 55 0 26576 0 0 0
76 56 0 26637 265 305 0
76 57 0 25857 0 0 0
76 58 0 24492 270 350 0
76 59 0 22905 0 0 0
76 60 0 21365 0 0 0
76 61 0 19952 0 0 0
76 62 0 18620 0 0 0
76 63 0 17267 0 0 0
76 64 0 15843 265 467 0
76 65 0 14351 0 0 0
76 66 0 12841 257 503 0
76 67 0 11376 0 0 0
76 68 0 10003 245 537 0
76 69 0 8744 0 0 0
76 70 0 7609 231 568 0
76 71 0 6595 0 0 0
76 72 0 5702 214 597 0
76 73 0 4917 0 0 0
76 74 0 4243 0 0 0
76 75 0 3670 196 621 0
76 76 0 3184 0 0 0
76 77 0 2768 176 642 0
76 78 0 2408 0 0 0
76 79 0 2077 156 660 0
76 80 0 1764 0 0 0
76 81 0 1466 137 674 0
76 82 0 1192 0 0 0
76 83 0 950 118 686 0
76 84 0 748 0 0 0
76 85 0 587 100 694 0
76 86 0 462 0 0 0
76 87 0 365 83 702 0
76 88 0 287 0 0 0
76 89 0 222 67 706 0
76 90 0 167 0 0 0
76 91 0 122 52 712 0
76 92 0 84 0 0 0
76 93 0 55 37 710 -1
76 94 0 35 0 0 0
76 95 0 20 23 723 -24
76 96 0 11 -7 725 -32
76 97 0 0 -2 685 1
77 2 0 0 237 -3 -4
77 3 0 0 252 -17 -2
77 5 0 0 242 9 0
77 13 0 0 355 43 0
77 15 0 0 411 55 -4
77 16 0 0 477 116 -6
77 17 0 0 554 2 -2
77 47 0 0 146 -4 -3
77 48 0 7213 161 64 6
77 49 0 10411 183 91 6
77 50 0 13811 0 0 0
77 51 0 17124 220 169 3
77 52 0 20101 237 211 2
77 53 0 22581 0 0 0
77 54 0 24408 0 0 0
77 55 0 25433 0 0 0
77 56 0 25580 0 0 0
77 57 0 24946 0 0 0
77 58 0 23777 0 0 0
77 59 0 22385 0 0 0
77 60 0 20996 272 389 0
77 61 0 19679 0 0 0
77 62 0 18397 270 429 0
77 63 0 17072 0 0 0
77 64 0 15676 0 0 0
77 65 0 14229 0 0 0
77 66 0 12788 0 0 0
77 67 0 11407 0 0 0
77 68 0 10115 0 0 0
77 69 0 8920 0 0 0
77 70 0 7825 0 0 0
77 71 0 6830 0 0 0
77 72 0 5944 0 0 0
77 73 0 5159 0 0 0
77 74 0 4485 0 0 0
77 75 0 3911 0 0 0
77 76 0 3422 0 0 0
77 77 0 2996 0 0 0
77 78 0 2619 0 0 0
77 79 0 2266 0 0 0
77 80 0 1928 0 0 0
77 81 0 1607 0 0 0
77 82 0 1312 0 0 0
77 83 0 1054 0 0 0
77 84 0 839 0 0 0
77 85 0 667 0 0 0
77 86 0 533 0 0 0
77 87 0 428 0 0 0
77 88 0 341 0 0 0
77 89 0 266 0 0 0
77 90 0 202 0 0 0
77 91 0 148 0 0 0
77 92 0 103 0 0 0
77 93 0 68 0 0 0
77 94 0 43 0 0 0
77 95 0 25 0 0 0
77 96 0 14 34 725 -32
77 97 0 0 18 682 0
78 2 0 0 245 15 8
78 3 0 0 248 31 3
78 5 0 0 231 20 0
78 7 0 0 244 35 0
78 8 0 0 263 54 0
78 11 0 0 290 80 0
78 16 0 0 514 120 -5
78 17 0 0 649 26 0
78 47 0 0 138 15 -4
78 48 0 6335 120 104 5
78 49 0 9200 156 142 18
78 50 0 12309 0 0 0
78 51 0 15406 0 0 0
78 52 0 18245 0 0 0
78 53 0 20633 0 0 0
78 54 0 22397 0 0 0
78 55 0 23411 0 0 0
78 56 0 23645 224 312 0
78 57 0 23212 0 0 0
78 58 0 22325 0 0 0
78 59 0 21234 0 0 0
78 60 0 20108 0 0 0
78 61 0 18992 0 0 0
78 62 0 17847 0 0 0
78 63 0 16620 0 0 0
78 64 0 15304 0 0 0
78 65 0 13941 0 0 0
78 66 0 12598 0 0 0
78 67 0 11323 0 0 0
78 68 0 10132 0 0 0
78 69 0 9022 0 0 0
78 70 0 7989 202 554 0
78 71 0 7034 0 0 0
78 72 0 6170 189 581 0
78 73 0 5395 0 0 0
78 74 0 4723 0 0 0
78 75 0 4143 173 604 0
78 76 0 3642 0 0 0
78 77 0 3197 157 624 0
78 78 0 2795 0 0 0
78 79 0 2416 140 642 0
78 80 0 2054 0 0 0
78 81 0 1713 124 656 0
78 82 0 1401 0 0 0
78 83 0 1131 107 669 0
78 84 0 906 0 0 0
78 85 0 728 91 678 0
78 86 0 587 0 0 0
78 87 0 475 76 687 0
78 88 0 381 0 0 0
78 89 0 300 62 691 0
78 90 0 229 0 0 0
78 91 0 167 48 698 0
78 92 0 117 0 0 0
78 93 0 77 35 697 -1
78 94 0 49 0 0 0
78 95 0 29 22 709 -23
78 96 0 16 -8 712 -32
78 97 0 0 10 697 16
79 2 0 0 226 -2 -3
79 3 0 0 240 -11 0
79 13 0 0 328 108 0
79 15 0 0 381 167 -10
79 16 0 0 497 285 -16
79 17 0 0 997 704 8
79 18 0 0 -83 -168 70
79 19 0 0 2 485 -21
79 20 0 0 3 445 15
79 21 0 0 -9 365 -35
79 22 0 0 0 397 20
79 23 0 0 -14 340 -40
79 24 0 0 -2 359 21
79 25 0 0 -16 323 -41
79 26 0 0 -3 337 21
79 27 0 0 -17 312 -41
79 28 0 0 -3 323 21
79 29 0 0 -17 305 -41
79 30 0 0 -4 314 21
79 31 0 0 -17 299 -41
79 32 0 0 -4 308 20
79 33 0 0 -17 294 -40
79 34 0 0 -5 303 20
79 35 0 0 -17 290 -40
79 36 0 0 -5 299 20
79 37 0 0 -17 285 -40
79 38 0 0 -5 293 20
79 39 0 0 -17 279 -39
79 40 0 0 -5 287 21
79 41 0 0 -17 268 -38
79 42 0 0 -18 246 -22
79 43 0 0 -19 255 -38
79 44 0 0 -6 256 23
79 45 0 116 -2 234 8
79 46 0 0 9 211 57
79 47 0 0 -26 172 16
79 48 0 5372 89 150 8
79 49 0 7848 103 143 10
79 50 0 10576 0 0 0
79 51 0 13326 166 206 6
79 52 0 15873 192 225 2
79 53 0 18030 0 0 0
79 54 0 19644 211 274 0
79 55 0 20626 0 0 0
79 56 0 20975 0 0 0
79 57 0 20801 0 0 0
79 58 0 20275 230 354 0
79 59 0 19575 0 0 0
79 60 0 18810 234 390 0
79 61 0 17987 0 0 0
79 62 0 17061 233 427 0
79 63 0 15997 0 0 0
79 64 0 14812 230 461 0
79 65 0 13569 0 0 0
79 66 0 12347 223 494 0
79 67 0 11191 0 0 0
79 68 0 10110 214 525 0
79 69 0 9091 0 0 0
79 70 0 8128 0 0 0
79 71 0 7221 0 0 0
79 72 0 6385 0 0 0
79 73 0 5623 0 0 0
79 74 0 4951 0 0 0
79 75 0 4360 0 0 0
79 76 0 3840 0 0 0
79 77 0 3369 0 0 0
79 78 0 2939 0 0 0
79 79 0 2532 0 0 0
79 80 0 2146 0 0 0
79 81 0 1787 0 0 0
79 82 0 1460 0 0 0
79 83 0 1180 0 0 0
79 84 0 948 0 0 0
79 85 0 764 0 0 0
79 86 0 618 0 0 0
79 87 0 502 0 0 0
79 88 0 403 0 0 0
79 89 0 318 0 0 0
79 90 0 243 0 0 0
79 91 0 178 0 0 0
79 92 0 125 0 0 0
79 93 0 82 0 0 0
79 94 0 52 0 0 0
79 95 0 31 0 0 0
79 96 0 17 33 711 -32
79 97 0 0 17 668 0
80 2 0 0 227 16 8
80 3 0 0 233 34 3
80 7 0 0 224 46 0
80 8 0 0 236 70 0
80 11 0 0 256 99 0
80 16 0 0 357 208 -7
80 17 0 0 374 423 -5
80 18 0 0 107 571 -7
80 19 0 0 65 433 -10
80 20 0 0 43 383 -4
80 21 0 0 22 365 -1
80 22 0 0 29 340 5
80 23 0 0 7 329 0
80 24 0 0 19 314 3
80 25 0 0 0 306 -1
80 26 0 0 14 299 3
80 27 0 0 -2 293 -1
80 28 0 0 13 288 3
80 29 0 0 -3 284 -1
80 30 0 0 11 281 2
80 31 0 0 -4 277 -1
80 32 0 0 10 275 2
80 33 0 0 -4 272 -1
80 34 0 0 9 270 2
80 35 0 0 -4 267 -1
80 36 0 0 10 266 2
80 37 0 0 -5 262 -1
80 38 0 0 11 261 2
80 39 0 0 -4 257 -1
80 40 0 0 13 255 1
80 41 0 0 -3 249 -3
80 42 0 12 15 247 0
80 43 0 37 -2 240 0
80 44 0 106 19 236 3
80 45 0 294 8 229 -1
80 46 0 1191 33 217 6
80 47 0 2731 42 207 6
80 48 0 4373 86 197 13
80 49 0 6420 112 185 19
80 50 0 8696 0 0 0
80 51 0 11009 0 0 0
80 52 0 13166 0 0 0
80 53 0 15014 0 0 0
80 54 0 16441 0 0 0
80 55 0 17388 0 0 0
80 56 0 17874 0 0 0
80 57 0 17988 0 0 0
80 58 0 17856 0 0 0
80 59 0 17588 0 0 0
80 60 0 17230 0 0 0
80 61 0 16753 0 0 0
80 62 0 16100 0 0 0
80 63 0 15249 0 0 0
80 64 0 14238 0 0 0
80 65 0 13149 0 0 0
80 66 0 12068 0 0 0
80 67 0 11038 0 0 0
80 68 0 10067 0 0 0
80 69 0 9138 0 0 0
80 70 0 8242 0 0 0
80 71 0 7385 0 0 0
80 72 0 6580 0 0 0
80 73 0 5835 0 0 0
80 74 0 5164 0 0 0
80 75 0 4562 0 0 0
80 76 0 4021 0 0 0
80 77 0 3521 0 0 0
80 78 0 3061 0 0 0
80 79 0 2626 0 0 0
80 80 0 2217 0 0 0
80 81 0 1840 0 0 0
80 82 0 1500 0 0 0
80 83 0 1210 0 0 0
80 84 0 969 0 0 0
80 85 0 778 82 663 0
80 86 0 626 0 0 0
80 87 0 506 69 673 0
80 88 0 404 0 0 0
80 89 0 317 56 677 0
80 90 0 242 0 0 0
80 91 0 177 0 0 0
80 92 0 124 0 0 0
80 93 0 82 0 0 0
80 94 0 52 0 0 0
80 95 0 31 0 0 0
80 96 0 17 -8 700 -32
80 97 0 0 -2 659 1
81 2 0 0 209 0 -3
81 3 0 0 222 -6 0
81 5 0 0 214 27 0
81 12 0 0 275 137 0
81 14 0 0 310 197 -3
81 16 0 0 284 284 -1
81 17 0 0 278 391 -4
81 18 0 0 129 429 10
81 19 0 0 90 382 2
81 20 0 0 76 372 3
81 21 0 0 37 355 -2
81 22 0 0 48 343 -1
81 23 0 0 19 331 -1
81 24 0 0 32 322 0
81 25 0 0 8 316 0
81 26 0 0 23 309 0
81 27 0 0 2 304 0
81 28 0 0 19 299 0
81 29 0 0 0 296 0
81 30 0 0 17 293 0
81 31 0 0 -3 290 0
81 32 0 0 16 287 0
81 33 0 0 -4 285 1
81 34 0 0 16 283 0
81 35 0 0 -4 280 1
81 36 0 0 16 279 0
81 37 0 0 -4 275 1
81 38 0 0 17 274 0
81 39 0 0 -1 270 2
81 40 0 0 19 267 2
81 41 0 0 0 262 3
81 42 0 12 25 256 4
81 43 0 49 5 248 1
81 44 0 139 30 248 4
81 45 0 353 15 235 2
81 46 0 1065 45 228 4
81 47 0 2096 36 221 7
81 48 0 3387 78 211 11
81 49 0 4992 55 191 17
81 50 0 6793 0 0 0
81 51 0 8642 124 236 5
81 52 0 10388 0 0 0
81 53 0 11922 161 253 5
81 54 0 13167 173 292 -1
81 55 0 14088 0 0 0
81 56 0 14706 186 324 0
81 57 0 15087 0 0 0
81 58 0 15315 194 360 0
81 59 0 15445 0 0 0
81 60 0 15472 199 392 0
81 61 0 15335 0 0 0
81 62 0 14969 199 426 0
81 63 0 14362 0 0 0
81 64 0 13563 197 457 0
81 65 0 12663 0 0 0
81 66 0 11743 192 487 0
81 67 0 10849 0 0 0
81 68 0 9987 185 516 0
81 69 0 9142 0 0 0
81 70 0 8309 176 543 0
81 71 0 7500 0 0 0
81 72 0 6731 0 0 0
81 73 0 6009 164 567 0
81 74 0 5349 0 0 0
81 75 0 4742 152 590 0
81 76 0 4185 0 0 0
81 77 0 3661 138 609 0
81 78 0 3173 0 0 0
81 79 0 2711 124 626 0
81 80 0 2279 0 0 0
81 81 0 1885 110 641 0
81 82 0 1529 0 0 0
81 83 0 1226 96 654 0
81 84 0 973 0 0 0
81 85 0 773 0 0 0
81 86 0 614 0 0 0
81 87 0 489 0 0 0
81 88 0 385 0 0 0
81 89 0 300 0 0 0
81 90 0 227 0 0 0
81 91 0 166 44 685 0
81 92 0 116 0 0 0
81 93 0 76 32 684 -2
81 94 0 48 0 0 0
81 95 0 28 20 696 -23
81 96 0 16 32 699 -31
81 97 0 0 15 656 0
82 2 0 0 205 16 7
82 3 0 0 212 36 3
82 7 0 0 200 56 0
82 8 0 0 208 83 0
82 10 0 0 220 117 0
82 21 0 0 77 314 5
82 23 0 0 51 308 3
82 25 0 0 31 296 1
82 26 0 0 21 287 0
82 28 0 0 14 281 0
82 31 0 0 10 276 0
82 33 0 0 8 273 0
82 35 0 0 7 269 0
82 37 0 0 8 266 0
82 39 0 0 9 261 0
82 40 0 0 12 258 -2
82 42 0 13 19 253 -2
82 43 0 44 0 0 0
82 44 0 166 0 0 0
82 45 0 384 0 0 0
82 46 0 823 0 0 0
82 47 0 1539 0 0 0
82 48 0 2482 0 0 0
82 49 0 3674 0 0 0
82 50 0 5033 0 0 0
82 51 0 6452 0 0 0
82 52 0 7827 0 0 0
82 53 0 9082 0 0 0
82 54 0 10171 0 0 0
82 55 0 11068 0 0 0
82 56 0 11786 0 0 0
82 57 0 12369 0 0 0
82 58 0 12868 0 0 0
82 59 0 13298 0 0 0
82 60 0 13622 0 0 0
82 61 0 13766 0 0 0
82 62 0 13664 0 0 0
82 63 0 13305 0 0 0
82 64 0 12741 0 0 0
82 65 0 12054 0 0 0
82 66 0 11317 0 0 0
82 67 0 10569 0 0 0
82 68 0 9817 0 0 0
82 69 0 9053 0 0 0
82 70 0 8283 0 0 0
82 71 0 7526 0 0 0
82 72 0 6800 0 0 0
82 73 0 6114 0 0 0
82 74 0 5476 0 0 0
82 75 0 4877 0 0 0
82 76 0 4314 0 0 0
82 77 0 3775 0 0 0
82 78 0 3266 0 0 0
82 79 0 2783 0 0 0
82 80 0 2333 0 0 0
82 81 0 1922 0 0 0
82 82 0 1551 0 0 0
82 83 0 1234 0 0 0
82 84 0 968 0 0 0
82 85 0 757 0 0 0
82 86 0 590 0 0 0
82 87 0 459 0 0 0
82 88 0 355 0 0 0
82 89 0 272 0 0 0
82 90 0 204 0 0 0
82 91 0 147 0 0 0
82 92 0 102 0 0 0
82 93 0 67 0 0 0
82 94 0 42 0 0 0
82 95 0 25 0 0 0
82 96 0 14 -9 689 -32
82 97 0 0 -3 648 1
83 2 0 0 189 0 -3
83 3 0 0 198 -1 1
83 5 0 0 193 33 1
83 12 0 0 229 157 0
83 14 0 0 240 210 0
83 16 0 0 211 288 1
83 19 0 0 121 344 3
83 42 0 10 0 0 0
83 43 0 50 0 0 0
83 44 0 123 33 247 -1
83 45 0 294 0 0 0
83 46 0 595 56 243 0
83 47 0 1059 0 0 0
83 48 0 1716 0 0 0
83 49 0 2557 90 242 1
83 50 0 3542 0 0 0
83 51 0 4599 98 255 5
83 52 0 5666 0 0 0
83 53 0 6693 128 277 1
83 54 0 7655 142 308 0
83 55 0 8522 0 0 0
83 56 0 9296 155 335 0
83 57 0 9998 0 0 0
83 58 0 10655 163 366 0
83 59 0 11261 0 0 0
83 60 0 11767 168 395 0
83 61 0 12103 0 0 0
83 62 0 12209 169 425 0
83 63 0 12074 0 0 0
83 64 0 11740 168 454 0
83 65 0 11272 0 0 0
83 66 0 10724 164 482 0
83 67 0 10125 0 0 0
83 68 0 9486 158 509 0
83 69 0 8808 0 0 0
83 70 0 8107 151 534 0
83 71 0 7412 0 0 0
83 72 0 6744 0 0 0
83 73 0 6110 142 557 0
83 74 0 5513 0 0 0
83 75 0 4941 131 578 0
83 76 0 4389 0 0 0
83 77 0 3848 120 597 0
83 78 0 3331 0 0 0
83 79 0 2836 108 614 0
83 80 0 2374 0 0 0
83 81 0 1950 96 628 0
83 82 0 1567 0 0 0
83 83 0 1237 85 641 0
83 84 0 958 0 0 0
83 85 0 734 73 650 0
83 86 0 558 0 0 0
83 87 0 423 61 660 0
83 88 0 318 0 0 0
83 89 0 238 50 665 0
83 90 0 175 0 0 0
83 91 0 125 39 672 0
83 92 0 86 0 0 0
83 93 0 56 29 672 -2
83 94 0 35 0 0 0
83 95 0 21 17 685 -23
83 96 0 11 30 688 -31
83 97 0 0 14 645 0
84 2 0 0 180 14 7
84 3 0 0 187 36 3
84 10 0 0 182 122 0
84 18 0 0 101 287 0
84 21 0 0 75 289 0
84 23 0 0 50 292 0
84 25 0 0 36 286 0
84 27 0 0 25 284 0
84 29 0 0 18 279 0
84 31 0 0 14 276 0
84 33 0 0 12 273 0
84 35 0 0 11 271 0
84 37 0 0 12 268 0
84 38 0 0 14 266 0
84 40 0 0 18 263 0
84 42 0 7 23 259 0
84 43 0 33 0 0 0
84 44 0 85 34 259 0
84 45 0 192 0 0 0
84 46 0 384 0 0 0
84 47 0 688 0 0 0
84 48 0 1123 0 0 0
84 49 0 1693 0 0 0
84 50 0 2383 0 0 0
84 51 0 3156 0 0 0
84 52 0 3977 0 0 0
84 53 0 4821 0 0 0
84 54 0 5671 0 0 0
84 55 0 6493 0 0 0
84 56 0 7276 0 0 0
84 57 0 8020 0 0 0
84 58 0 8735 0 0 0
84 59 0 9405 0 0 0
84 60 0 9985 0 0 0
84 61 0 10422 0 0 0
84 62 0 10665 0 0 0
84 63 0 10703 0 0 0
84 64 0 10564 0 0 0
84 65 0 10291 0 0 0
84 66 0 9917 0 0 0
84 67 0 9462 0 0 0
84 68 0 8938 0 0 0
84 69 0 8353 0 0 0
84 70 0 7734 0 0 0
84 71 0 7119 0 0 0
84 72 0 6526 0 0 0
84 73 0 5964 0 0 0
84 74 0 5428 0 0 0
84 75 0 4900 0 0 0
84 76 0 4378 0 0 0
84 77 0 3854 0 0 0
84 78 0 3346 0 0 0
84 79 0 2853 0 0 0
84 80 0 2389 0 0 0
84 81 0 1962 0 0 0
84 82 0 1572 0 0 0
84 83 0 1233 0 0 0
84 84 0 944 0 0 0
84 85 0 711 0 0 0
84 86 0 528 0 0 0
84 87 0 388 0 0 0
84 88 0 283 0 0 0
84 89 0 206 0 0 0
84 90 0 148 0 0 0
84 91 0 104 0 0 0
84 92 0 70 0 0 0
84 93 0 45 0 0 0
84 94 0 29 0 0 0
84 95 0 17 0 0 0
84 96 0 9 -10 680 -31
84 97 0 0 -3 638 1
85 2 0 0 165 0 -3
85 3 0 0 172 0 2
85 5 0 0 168 36 1
85 7 0 0 173 61 0
85 8 0 0 177 89 0
85 12 0 0 183 160 0
85 14 0 0 181 203 0
85 16 0 0 163 260 0
85 41 0 1 0 0 0
85 42 0 7 0 0 0
85 43 0 20 0 0 0
85 44 0 51 0 0 0
85 45 0 118 0 0 0
85 46 0 231 0 0 0
85 47 0 418 46 259 0
85 48 0 692 0 0 0
85 49 0 1061 65 269 4
85 50 0 1533 0 0 0
85 51 0 2088 85 281 0
85 52 0 2717 0 0 0
85 53 0 3407 105 297 1
85 54 0 4150 117 322 0
85 55 0 4909 0 0 0
85 56 0 5659 128 345 0
85 57 0 6386 0 0 0
85 58 0 7088 135 372 0
85 59 0 7749 0 0 0
85 60 0 8333 139 399 0
85 61 0 8802 0 0 0
85 62 0 9116 141 426 0
85 63 0 9266 0 0 0
85 64 0 9265 140 452 0
85 65 0 9140 0 0 0
85 66 0 8906 138 478 0
85 67 0 8575 0 0 0
85 68 0 8158 133 503 0
85 69 0 7672 0 0 0
85 70 0 7147 127 526 0
85 71 0 6626 0 0 0
85 72 0 6125 0 0 0
85 73 0 5651 120 548 0
85 74 0 5192 0 0 0
85 75 0 4729 112 568 0
85 76 0 4257 0 0 0
85 77 0 3772 103 586 0
85 78 0 3290 0 0 0
85 79 0 2818 93 603 0
85 80 0 2367 0 0 0
85 81 0 1947 83 617 0
85 82 0 1560 0 0 0
85 83 0 1221 73 630 0
85 84 0 928 0 0 0
85 85 0 690 63 640 0
85 86 0 502 0 0 0
85 87 0 361 53 649 0
85 88 0 256 0 0 0
85 89 0 181 43 655 0
85 90 0 128 0 0 0
85 91 0 88 34 662 0
85 92 0 59 0 0 0
85 93 0 37 25 663 -2
85 94 0 24 0 0 0
85 95 0 14 15 676 -23
85 96 0 7 28 679 -31
85 97 0 0 13 635 0
86 2 0 0 153 13 6
86 3 0 0 160 35 3
86 14 0 0 141 193 0
86 17 0 0 125 232 0
86 19 0 0 93 257 0
86 21 0 0 72 264 0
86 23 0 0 52 271 0
86 25 0 0 38 273 0
86 27 0 0 27 274 0
86 29 0 0 20 273 0
86 31 0 0 16 273 0
86 33 0 0 13 272 0
86 35 0 0 12 271 0
86 37 0 0 13 271 0
86 38 0 0 15 270 0
86 40 0 0 19 270 0
86 41 0 0 0 0 0
86 42 0 4 25 269 0
86 43 0 11 0 0 0
86 44 0 28 34 271 0
86 45 0 65 0 0 0
86 46 0 130 46 275 0
86 47 0 239 0 0 0
86 48 0 405 60 282 -1
86 49 0 635 0 0 0
86 50 0 949 0 0 0
86 51 0 1341 0 0 0
86 52 0 1816 0 0 0
86 53 0 2372 0 0 0
86 54 0 3005 0 0 0
86 55 0 3678 0 0 0
86 56 0 4363 0 0 0
86 57 0 5034 0 0 0
86 58 0 5686 0 0 0
86 59 0 6301 0 0 0
86 60 0 6850 0 0 0
86 61 0 7307 0 0 0
86 62 0 7639 0 0 0
86 63 0 7837 0 0 0
86 64 0 7912 0 0 0
86 65 0 7874 0 0 0
86 66 0 7735 0 0 0
86 67 0 7499 0 0 0
86 68 0 7179 0 0 0
86 69 0 6793 0 0 0
86 70 0 6371 0 0 0
86 71 0 5953 0 0 0
86 72 0 5554 0 0 0
86 73 0 5177 0 0 0
86 74 0 4807 0 0 0
86 75 0 4423 0 0 0
86 76 0 4019 0 0 0
86 77 0 3591 0 0 0
86 78 0 3157 0 0 0
86 79 0 2722 0 0 0
86 80 0 2300 0 0 0
86 81 0 1900 0 0 0
86 82 0 1528 0 0 0
86 83 0 1196 0 0 0
86 84 0 907 0 0 0
86 85 0 671 0 0 0
86 86 0 484 0 0 0
86 87 0 343 0 0 0
86 88 0 240 0 0 0
86 89 0 168 0 0 0
86 90 0 117 0 0 0
86 91 0 80 0 0 0
86 92 0 53 0 0 0
86 93 0 34 0 0 0
86 94 0 21 0 0 0
86 95 0 12 0 0 0
86 96 0 7 -11 672 -31
86 97 0 0 -4 629 1
87 2 0 0 140 1 -3
87 3 0 0 143 4 2
87 5 0 0 142 38 1
87 7 0 0 145 64 0
87 8 0 0 147 92 0
87 10 0 0 149 123 0
87 12 0 0 147 157 0
87 39 0 0 0 0 0
87 40 0 0 0 0 0
87 41 0 0 0 0 0
87 42 0 2 0 0 0
87 43 0 5 0 0 0
87 44 0 14 0 0 0
87 45 0 33 0 0 0
87 46 0 67 0 0 0
87 47 0 127 0 0 0
87 48 0 223 0 0 0
87 49 0 361 0 0 0
87 50 0 565 71 294 0
87 51 0 836 0 0 0
87 52 0 1188 86 311 0
87 53 0 1624 0 0 0
87 54 0 2143 95 331 0
87 55 0 2715 0 0 0
87 56 0 3312 104 353 0
87 57 0 3909 0 0 0
87 58 0 4495 110 377 0
87 59 0 5052 0 0 0
87 60 0 5553 114 401 0
87 61 0 5975 0 0 0
87 62 0 6289 115 426 0
87 63 0 6487 0 0 0
87 64 0 6578 115 451 0
87 65 0 6574 0 0 0
87 66 0 6484 113 475 0
87 67 0 6312 0 0 0
87 68 0 6070 110 498 0
87 69 0 5775 0 0 0
87 70 0 5454 0 0 0
87 71 0 5139 105 520 0
87 72 0 4843 0 0 0
87 73 0 4566 100 541 0
87 74 0 4290 0 0 0
87 75 0 3995 93 560 0
87 76 0 3673 0 0 0
87 77 0 3320 86 578 0
87 78 0 2949 0 0 0
87 79 0 2568 78 594 0
87 80 0 2187 0 0 0
87 81 0 1820 70 608 0
87 82 0 1471 0 0 0
87 83 0 1157 61 621 0
87 84 0 880 0 0 0
87 85 0 653 53 630 0
87 86 0 472 0 0 0
87 87 0 336 45 640 0
87 88 0 236 0 0 0
87 89 0 166 37 646 0
87 90 0 117 0 0 0
87 91 0 81 29 654 0
87 92 0 55 0 0 0
87 93 0 35 21 654 -2
87 94 0 22 0 0 0
87 95 0 13 12 667 -23
87 96 0 7 27 670 -31
87 97 0 0 12 627 1
88 2 0 0 123 12 6
88 3 0 0 132 33 3
88 19 0 0 74 235 0
88 21 0 0 60 248 0
88 23 0 0 45 258 0
88 25 0 0 34 262 0
88 27 0 0 26 266 0
88 29 0 0 20 268 0
88 31 0 0 16 269 0
88 33 0 0 14 270 0
88 35 0 0 13 271 0
88 37 0 0 13 271 0
88 38 0 0 14 272 0
88 39 0 0 0 0 0
88 40 0 0 18 274 0
88 41 0 0 0 0 0
88 42 0 1 22 276 0
88 43 0 2 0 0 0
88 44 0 6 29 280 0
88 45 0 16 0 0 0
88 46 0 33 0 0 0
88 47 0 66 0 0 0
88 48 0 120 0 0 0
88 49 0 201 0 0 0
88 50 0 332 0 0 0
88 51 0 515 0 0 0
88 52 0 766 0 0 0
88 53 0 1094 0 0 0
88 54 0 1498 0 0 0
88 55 0 1960 0 0 0
88 56 0 2457 0 0 0
88 57 0 2967 0 0 0
88 58 0 3480 0 0 0
88 59 0 3976 0 0 0
88 60 0 4425 0 0 0
88 61 0 4800 0 0 0
88 62 0 5075 0 0 0
88 63 0 5244 0 0 0
88 64 0 5317 0 0 0
88 65 0 5309 0 0 0
88 66 0 5236 0 0 0
88 67 0 5103 0 0 0
88 68 0 4921 0 0 0
88 69 0 4705 0 0 0
88 70 0 4473 0 0 0
88 71 0 4254 0 0 0
88 72 0 4053 0 0 0
88 73 0 3871 0 0 0
88 74 0 3688 0 0 0
88 75 0 3485 0 0 0
88 76 0 3251 0 0 0
88 77 0 2982 0 0 0
88 78 0 2684 0 0 0
88 79 0 2365 0 0 0
88 80 0 2035 0 0 0
88 81 0 1707 0 0 0
88 82 0 1389 0 0 0
88 83 0 1100 0 0 0
88 84 0 844 0 0 0
88 85 0 632 0 0 0
88 86 0 463 0 0 0
88 87 0 336 0 0 0
88 88 0 242 0 0 0
88 89 0 175 0 0 0
88 90 0 127 0 0 0
88 91 0 91 0 0 0
88 92 0 63 0 0 0
88 93 0 41 0 0 0
88 94 0 27 0 0 0
88 95 0 16 0 0 0
88 96 0 9 -12 665 -31
88 97 0 0 -4 622 1
89 2 0 0 115 2 -2
89 3 0 0 114 6 2
89 5 0 0 116 39 1
89 7 0 0 117 64 0
89 8 0 0 118 93 0
89 10 0 0 117 121 0
89 12 0 0 114 152 0
89 14 0 0 107 182 0
89 17 0 0 96 213 0
89 38 0 0 0 0 0
89 39 0 0 0 0 0
89 40 0 0 0 0 0
89 41 0 0 0 0 0
89 42 0 0 0 0 0
89 43 0 1 0 0 0
89 44 0 2 0 0 0
89 45 0 7 0 0 0
89 46 0 15 37 285 0
89 47 0 32 0 0 0
89 48 0 61 47 295 0
89 49 0 106 0 0 0
89 50 0 187 57 307 0
89 51 0 306 0 0 0
89 52 0 478 68 322 0
89 53 0 711 0 0 0
89 54 0 1011 75 340 0
89 55 0 1365 0 0 0
89 56 0 1761 82 360 0
89 57 0 2183 0 0 0
89 58 0 2620 87 382 0
89 59 0 3051 0 0 0
89 60 0 3443 90 404 0
89 61 0 3766 0 0 0
89 62 0 3994 92 427 0
89 63 0 4120 0 0 0
89 64 0 4160 92 450 0
89 65 0 4134 0 0 0
89 66 0 4063 91 473 0
89 67 0 3954 0 0 0
89 68 0 3819 88 495 0
89 69 0 3667 0 0 0
89 70 0 3511 0 0 0
89 71 0 3372 85 516 0
89 72 0 3254 0 0 0
89 73 0 3154 80 536 0
89 74 0 3056 0 0 0
89 75 0 2941 75 554 0
89 76 0 2794 0 0 0
89 77 0 2608 69 571 0
89 78 0 2384 0 0 0
89 79 0 2129 63 587 0
89 80 0 1852 0 0 0
89 81 0 1566 57 601 0
89 82 0 1285 0 0 0
89 83 0 1026 50 613 0
89 84 0 795 0 0 0
89 85 0 605 43 623 0
89 86 0 454 0 0 0
89 87 0 339 37 633 0
89 88 0 254 0 0 0
89 89 0 191 30 639 0
89 90 0 144 0 0 0
89 91 0 106 24 647 0
89 92 0 76 0 0 0
89 93 0 51 17 648 -2
89 94 0 33 0 0 0
89 95 0 20 10 661 -22
89 96 0 11 25 663 -30
89 97 0 0 11 620 1
90 2 0 0 95 16 5
90 3 0 0 104 31 3
90 42 0 0 0 0 0
90 43 0 0 0 0 0
90 44 0 0 0 0 0
90 45 0 2 0 0 0
90 46 0 6 0 0 0
90 47 0 14 0 0 0
90 48 0 29 0 0 0
90 49 0 53 0 0 0
90 50 0 101 0 0 0
90 51 0 176 0 0 0
90 52 0 286 0 0 0
90 53 0 444 0 0 0
90 54 0 653 0 0 0
90 55 0 910 0 0 0
90 56 0 1209 0 0 0
90 57 0 1543 0 0 0
90 58 0 1900 0 0 0
90 59 0 2259 0 0 0
90 60 0 2587 0 0 0
90 61 0 2853 0 0 0
90 62 0 3032 0 0 0
90 63 0 3119 0 0 0
90 64 0 3131 0 0 0
90 65 0 3091 0 0 0
90 66 0 3023 0 0 0
90 67 0 2935 0 0 0
90 68 0 2837 0 0 0
90 69 0 2736 0 0 0
90 70 0 2640 0 0 0
90 71 0 2564 0 0 0
90 72 0 2510 0 0 0
90 73 0 2477 0 0 0
90 74 0 2450 0 0 0
90 75 0 2409 0 0 0
90 76 0 2338 0 0 0
90 77 0 2226 0 0 0
90 78 0 2070 0 0 0
90 79 0 1874 0 0 0
90 80 0 1647 0 0 0
90 81 0 1404 0 0 0
90 82 0 1161 0 0 0
90 83 0 935 0 0 0
90 84 0 735 0 0 0
90 85 0 570 0 0 0
90 86 0 440 0 0 0
90 87 0 341 0 0 0
90 88 0 267 0 0 0
90 89 0 209 0 0 0
90 90 0 163 0 0 0
90 91 0 124 0 0 0
90 92 0 91 0 0 0
90 93 0 62 0 0 0
90 94 0 41 0 0 0
90 95 0 25 0 0 0
90 96 0 14 -13 659 -31
90 97 0 0 -5 615 1
91 2 0 0 87 6 -1
91 3 0 0 85 9 1
91 5 0 0 90 39 1
91 7 0 0 90 64 1
91 8 0 0 90 92 0
91 10 0 0 89 119 0
91 12 0 0 86 148 0
91 14 0 0 80 175 0
91 17 0 0 72 201 0
91 19 0 0 59 221 0
91 21 0 0 48 235 0
91 23 0 0 37 246 0
91 25 0 0 29 254 0
91 27 0 0 22 259 0
91 29 0 0 17 263 0
91 31 0 0 14 266 0
91 33 0 0 12 269 0
91 35 0 0 11 271 0
91 37 0 0 11 273 0
91 39 0 0 13 275 0
91 40 0 0 15 278 0
91 42 0 0 19 281 0
91 43 0 0 0 0 0
91 44 0 0 24 286 0
91 45 0 1 0 0 0
91 46 0 2 31 293 0
91 47 0 6 0 0 0
91 48 0 14 38 302 0
91 49 0 27 0 0 0
91 50 0 55 44 314 0
91 51 0 99 0 0 0
91 52 0 167 51 329 0
91 53 0 268 0 0 0
91 54 0 405 57 346 0
91 55 0 582 0 0 0
91 56 0 797 62 365 0
91 57 0 1046 0 0 0
91 58 0 1321 66 385 0
91 59 0 1603 0 0 0
91 60 0 1862 68 406 0
91 61 0 2069 0 0 0
91 62 0 2202 69 428 0
91 63 0 2258 0 0 0
91 64 0 2254 69 450 0
91 65 0 2209 0 0 0
91 66 0 2151 0 0 0
91 67 0 2083 69 471 0
91 68 0 2015 0 0 0
91 69 0 1954 67 492 0
91 70 0 1901 0 0 0
91 71 0 1871 64 512 0
91 72 0 1864 0 0 0
91 73 0 1880 61 531 0
91 74 0 1905 0 0 0
91 75 0 1921 57 549 0
91 76 0 1909 0 0 0
91 77 0 1856 53 566 0
91 78 0 1754 0 0 0
91 79 0 1607 48 581 0
91 80 0 1425 0 0 0
91 81 0 1223 43 595 0
91 82 0 1018 0 0 0
91 83 0 827 38 607 0
91 84 0 660 0 0 0
91 85 0 524 33 617 0
91 86 0 418 0 0 0
91 87 0 338 29 627 0
91 88 0 276 0 0 0
91 89 0 225 23 633 0
91 90 0 181 0 0 0
91 91 0 141 19 642 0
91 92 0 105 0 0 0
91 93 0 73 12 642 -2
91 94 0 49 0 0 0
91 95 0 30 8 654 -23
91 96 0 17 24 658 -31
91 97 0 0 10 613 1
92 2 0 0 66 16 5
92 3 0 0 76 29 3
92 44 0 0 0 0 0
92 45 0 0 0 0 0
92 46 0 0 0 0 0
92 47 0 2 0 0 0
92 48 0 5 0 0 0
92 49 0 11 0 0 0
92 50 0 27 0 0 0
92 51 0 52 0 0 0
92 52 0 91 0 0 0
92 53 0 152 0 0 0
92 54 0 238 0 0 0
92 55 0 353 0 0 0
92 56 0 498 0 0 0
92 57 0 672 0 0 0
92 58 0 870 0 0 0
92 59 0 1075 0 0 0
92 60 0 1265 0 0 0
92 61 0 1415 0 0 0
92 62 0 1510 0 0 0
92 63 0 1546 0 0 0
92 64 0 1537 0 0 0
92 65 0 1500 0 0 0
92 66 0 1457 0 0 0
92 67 0 1410 0 0 0
92 68 0 1368 0 0 0
92 69 0 1336 0 0 0
92 70 0 1314 0 0 0
92 71 0 1314 0 0 0
92 72 0 1338 0 0 0
92 73 0 1385 0 0 0
92 74 0 1443 0 0 0
92 75 0 1494 0 0 0
92 76 0 1521 0 0 0
92 77 0 1508 0 0 0
92 78 0 1447 0 0 0
92 79 0 1339 0 0 0
92 80 0 1195 0 0 0
92 81 0 1030 0 0 0
92 82 0 862 0 0 0
92 83 0 707 0 0 0
92 84 0 573 0 0 0
92 85 0 467 0 0 0
92 86 0 385 0 0 0
92 87 0 324 0 0 0
92 88 0 275 0 0 0
92 89 0 232 0 0 0
92 90 0 192 0 0 0
92 91 0 152 0 0 0
92 92 0 115 0 0 0
92 93 0 81 0 0 0
92 94 0 54 0 0 0
92 95 0 33 0 0 0
92 96 0 19 -12 652 -30
92 97 0 0 -5 611 1
93 2 0 0 59 11 0
93 3 0 0 55 13 2
93 5 0 0 63 40 1
93 7 0 0 63 64 0
93 8 0 0 62 91 0
93 10 0 0 61 117 0
93 12 0 0 59 144 0
93 14 0 0 54 168 0
93 17 0 0 49 192 0
93 19 0 0 41 211 0
93 21 0 0 34 226 0
93 23 0 0 27 239 0
93 25 0 0 21 247 0
93 27 0 0 17 254 0
93 29 0 0 13 260 0
93 31 0 0 11 264 0
93 33 0 0 9 267 0
93 35 0 0 9 270 0
93 37 0 0 9 273 0
93 39 0 0 10 276 0
93 41 0 0 11 280 0
93 42 0 0 14 285 0
93 44 0 0 17 291 0
93 45 0 0 0 0 0
93 46 0 0 21 299 0
93 47 0 1 0 0 0
93 48 0 2 26 309 0
93 49 0 5 0 0 0
93 50 0 14 31 320 0
93 51 0 27 0 0 0
93 52 0 49 36 335 0
93 53 0 84 0 0 0
93 54 0 134 40 351 0
93 55 0 204 0 0 0
93 56 0 295 43 369 0
93 57 0 408 0 0 0
93 58 0 538 46 388 0
93 59 0 676 0 0 0
93 60 0 804 47 408 0
93 61 0 905 0 0 0
93 62 0 968 48 429 0
93 63 0 992 0 0 0
93 64 0 985 0 0 0
93 65 0 960 49 449 0
93 66 0 934 0 0 0
93 67 0 907 48 470 0
93 68 0 885 0 0 0
93 69 0 873 47 490 0
93 70 0 871 0 0 0
93 71 0 889 45 510 0
93 72 0 929 0 0 0
93 73 0 991 43 528 0
93 74 0 1063 0 0 0
93 75 0 1132 40 546 0
93 76 0 1178 0 0 0
93 77 0 1189 37 562 0
93 78 0 1155 0 0 0
93 79 0 1077 34 577 0
93 80 0 966 0 0 0
93 81 0 835 31 591 0
93 82 0 702 0 0 0
93 83 0 581 27 603 0
93 84 0 480 0 0 0
93 85 0 401 23 613 0
93 86 0 343 0 0 0
93 87 0 300 20 623 0
93 88 0 264 0 0 0
93 89 0 229 16 630 0
93 90 0 192 0 0 0
93 91 0 155 13 638 1
93 92 0 118 0 0 0
93 93 0 84 8 639 -1
93 94 0 56 0 0 0
93 95 0 35 5 653 -18
93 96 0 20 24 653 -31
93 97 0 0 9 609 1
94 2 0 0 38 8 2
94 3 0 0 50 25 3
94 46 0 0 0 0 0
94 47 0 0 0 0 0
94 48 0 1 0 0 0
94 49 0 2 0 0 0
94 50 0 6 0 0 0
94 51 0 13 0 0 0
94 52 0 24 0 0 0
94 53 0 42 0 0 0
94 54 0 70 0 0 0
94 55 0 109 0 0 0
94 56 0 163 0 0 0
94 57 0 231 0 0 0
94 58 0 310 0 0 0
94 59 0 395 0 0 0
94 60 0 474 0 0 0
94 61 0 538 0 0 0
94 62 0 578 0 0 0
94 63 0 595 0 0 0
94 64 0 593 0 0 0
94 65 0 581 0 0 0
94 66 0 569 0 0 0
94 67 0 557 0 0 0
94 68 0 549 0 0 0
94 69 0 548 0 0 0
94 70 0 557 0 0 0
94 71 0 582 0 0 0
94 72 0 626 0 0 0
94 73 0 689 0 0 0
94 74 0 761 0 0 0
94 75 0 831 0 0 0
94 76 0 882 0 0 0
94 77 0 903 0 0 0
94 78 0 885 0 0 0
94 79 0 830 0 0 0
94 80 0 746 0 0 0
94 81 0 647 0 0 0
94 82 0 547 0 0 0
94 83 0 457 0 0 0
94 84 0 385 0 0 0
94 85 0 331 0 0 0
94 86 0 293 0 0 0
94 87 0 265 0 0 0
94 88 0 240 0 0 0
94 89 0 213 0 0 0
94 90 0 182 0 0 0
94 91 0 148 0 0 0
94 92 0 113 0 0 0
94 93 0 81 0 0 0
94 94 0 54 0 0 0
94 95 0 34 0 0 0
94 96 0 19 -5 646 -29
94 97 0 0 -9 616 3
95 2 0 0 20 3 -1
95 3 0 0 28 15 0
95 5 0 0 38 38 0
95 7 0 0 39 63 0
95 8 0 0 37 89 0
95 10 0 0 37 115 0
95 12 0 0 35 140 0
95 14 0 0 33 163 0
95 17 0 0 30 185 0
95 19 0 0 25 204 0
95 21 0 0 21 219 0
95 23 0 0 16 231 0
95 25 0 0 13 241 0
95 27 0 0 10 249 0
95 29 0 0 8 255 0
95 31 0 0 6 260 0
95 33 0 0 5 264 1
95 35 0 0 5 267 1
95 37 0 0 5 271 1
95 39 0 0 6 275 1
95 41 0 0 7 279 1
95 43 0 0 8 284 1
95 44 0 0 10 291 1
95 46 0 0 13 299 1
95 47 0 0 0 0 0
95 48 0 0 15 309 1
95 49 0 1 0 0 0
95 50 0 3 18 321 1
95 51 0 6 0 0 0
95 52 0 12 21 335 1
95 53 0 21 0 0 0
95 54 0 36 0 0 0
95 55 0 57 23 350 1
95 56 0 86 0 0 0
95 57 0 124 25 367 1
95 58 0 168 0 0 0
95 59 0 216 27 386 1
95 60 0 261 0 0 0
95 61 0 297 28 405 1
95 62 0 321 0 0 0
95 63 0 333 29 425 1
95 64 0 334 0 0 0
95 65 0 330 29 445 1
95 66 0 328 0 0 0
95 67 0 326 28 465 1
95 68 0 326 0 0 0
95 69 0 332 28 485 1
95 70 0 345 0 0 0
95 71 0 370 27 504 1
95 72 0 411 0 0 0
95 73 0 465 25 522 1
95 74 0 528 0 0 0
95 75 0 589 24 539 1
95 76 0 634 0 0 0
95 77 0 656 22 555 1
95 78 0 647 0 0 0
95 79 0 609 20 569 1
95 80 0 548 0 0 0
95 81 0 476 18 582 1
95 82 0 405 0 0 0
95 83 0 342 16 595 1
95 84 0 294 0 0 0
95 85 0 261 14 605 1
95 86 0 239 0 0 0
95 87 0 223 12 615 1
95 88 0 207 0 0 0
95 89 0 186 9 620 1
95 90 0 161 0 0 0
95 91 0 132 9 630 0
95 92 0 102 0 0 0
95 93 0 73 4 631 -1
95 94 0 49 0 0 0
95 95 0 30 2 642 -16
95 96 0 18 25 652 -27
95 97 0 0 3 617 11
96 2 0 0 14 2 0
96 3 0 0 20 20 0
96 4 0 0 13 27 0
96 5 0 0 24 47 -2
96 6 0 0 10 54 0
96 7 0 0 28 72 -3
96 8 0 0 5 81 0
96 9 0 0 29 97 -4
96 10 0 0 1 107 0
96 11 0 0 30 122 -4
96 12 0 0 0 131 0
96 13 0 0 32 147 -5
96 14 0 0 -2 156 0
96 15 0 0 32 170 -5
96 16 0 0 -4 178 1
96 17 0 0 32 191 -5
96 18 0 0 -7 199 2
96 19 0 0 32 209 -5
96 20 0 0 -10 216 2
96 21 0 0 30 224 -5
96 22 0 0 -12 230 3
96 23 0 0 29 237 -5
96 24 0 0 -14 242 3
96 25 0 0 28 247 -4
96 26 0 0 -16 251 3
96 27 0 0 27 255 -4
96 28 0 0 -17 258 3
96 29 0 0 26 261 -4
96 30 0 0 -18 264 4
96 31 0 0 25 266 -4
96 32 0 0 -19 269 4
96 33 0 0 25 270 -4
96 34 0 0 -19 273 4
96 35 0 0 25 274 -4
96 36 0 0 -20 277 4
96 37 0 0 25 278 -4
96 38 0 0 -19 281 4
96 39 0 0 26 283 -4
96 40 0 0 -19 285 4
96 41 0 0 26 287 -4
96 42 0 0 -19 290 3
96 43 0 0 27 293 -4
96 44 0 0 -19 297 3
96 45 0 0 28 300 -5
96 46 0 0 -18 304 3
96 47 0 0 30 309 -5
96 48 0 0 -17 314 3
96 49 0 0 32 319 -5
96 50 0 1 -16 325 3
96 51 0 2 33 332 -5
96 52 0 4 -15 338 3
96 53 0 9 35 346 -6
96 54 0 15 -14 354 3
96 55 0 25 37 362 -6
96 56 0 40 -13 370 3
96 57 0 58 38 379 -6
96 58 0 81 -13 389 3
96 59 0 106 39 398 -6
96 60 0 129 -12 408 3
96 61 0 149 40 418 -6
96 62 0 163 -12 428 3
96 63 0 171 41 438 -6
96 64 0 174 -12 448 3
96 65 0 175 41 458 -6
96 66 0 177 -12 468 3
96 67 0 179 41 478 -6
96 68 0 183 -13 488 3
96 69 0 190 41 498 -6
96 70 0 202 -13 508 3
96 71 0 224 40 517 -6
96 72 0 256 -13 527 3
96 73 0 299 39 535 -6
96 74 0 348 -14 545 3
96 75 0 395 39 552 -6
96 76 0 432 -15 562 3
96 77 0 451 38 569 -6
96 78 0 447 -15 577 4
96 79 0 422 37 584 -5
96 80 0 381 -16 592 4
96 81 0 332 36 597 -5
96 82 0 284 -17 605 4
96 83 0 243 34 609 -5
96 84 0 214 -18 616 4
96 85 0 195 33 620 -5
96 86 0 184 -18 626 4
96 87 0 177 32 629 -5
96 88 0 167 -20 634 4
96 89 0 153 30 635 -5
96 90 0 134 -21 640 4
96 91 0 110 29 640 -4
96 92 0 85 -25 646 5
96 93 0 61 24 639 -4
96 94 0 41 -26 655 6
96 95 0 26 22 631 -9
96 96 0 15 13 662 -19
96 97 0 0 -6 641 13
97 2 0 0 1 5 0
97 3 0 0 2 16 3
97 4 0 0 2 29 -6
97 5 0 0 1 41 7
97 6 0 0 1 55 -11
97 7 0 0 0 69 13
97 8 0 0 1 84 -11
97 9 0 0 0 97 17
97 10 0 0 1 109 -15
97 11 0 0 -2 125 20
97 12 0 0 1 135 -17
97 13 0 0 -2 152 24
97 14 0 0 1 160 -17
97 15 0 0 -2 176 27
97 16 0 0 1 183 -17
97 17 0 0 -2 198 28
97 18 0 0 1 204 -16
97 19 0 0 -3 218 28
97 20 0 0 1 221 -15
97 21 0 0 -3 234 28
97 22 0 0 0 236 -13
97 23 0 0 -3 247 28
97 24 0 0 0 248 -11
97 25 0 0 -4 258 28
97 26 0 0 0 257 -9
97 27 0 0 -4 267 27
97 28 0 0 0 265 -8
97 29 0 0 -4 273 27
97 30 0 0 0 272 -5
97 31 0 0 -5 279 26
97 32 0 0 0 277 -5
97 33 0 0 -5 283 26
97 34 0 0 0 281 -4
97 35 0 0 -5 288 26
97 36 0 0 0 286 -3
97 37 0 0 -5 292 25
97 38 0 0 0 290 -2
97 39 0 0 -5 296 25
97 40 0 0 0 295 -2
97 41 0 0 -5 301 25
97 42 0 0 8 312 0
97 43 0 0 -5 307 25
97 44 0 0 0 308 0
97 45 0 0 -4 315 24
97 46 0 0 0 331 10
97 47 0 0 -4 324 24
97 48 0 0 0 327 1
97 49 0 0 -4 335 23
97 50 0 0 0 340 1
97 51 0 0 -3 349 22
97 52 0 0 0 355 2
97 53 0 0 -3 364 21
97 54 0 0 0 371 4
97 55 0 0 -3 381 19
97 56 0 0 0 390 5
97 57 0 0 -2 399 18
97 58 0 0 0 409 6
97 59 0 0 -2 419 16
97 60 0 0 0 430 7
97 61 0 0 -1 439 14
97 62 0 0 0 452 8
97 63 0 0 -1 460 12
97 64 0 0 0 474 9
97 65 0 0 0 481 10
97 66 0 0 0 496 10
97 67 0 0 0 502 8
97 68 0 0 0 518 10
97 69 0 0 0 522 6
97 70 0 0 0 539 10
97 71 0 0 0 542 5
97 72 0 0 0 559 11
97 73 0 0 0 561 3
97 74 0 0 0 579 11
97 75 0 0 0 578 1
97 76 0 0 0 597 11
97 77 0 0 1 595 0
97 78 0 0 0 613 11
97 79 0 0 1 610 0
97 80 0 0 0 629 11
97 81 0 0 1 624 -1
97 82 0 0 0 643 11
97 83 0 0 1 637 -1
97 84 0 0 0 655 11
97 85 0 0 2 647 -2
97 86 0 0 0 665 11
97 87 0 0 2 657 -2
97 88 0 0 0 674 11
97 89 0 0 1 664 -2
97 90 0 0 0 682 10
97 91 0 0 1 670 -2
97 92 0 0 -2 684 12
97 93 0 0 0 671 -4
97 94 0 0 -6 677 11
97 95 0 0 -1 671 -5
97 96 0 0 -11 682 -7
97 97 0 0 -6 652 -5
