env_min(m) 0.0000 0.0000 0.0000
env_max(m) 10.0000 10.0000 3.0000
NumCells_XYZ 100 100 30
CellSizes_XYZ[m] 0.1000 0.1000 0.1000
GasSourceLocation_XYZ[m] 4.3571 4.2143 0.5000
GasType ethanol
Cell_x	 Cell_y	 Cell_z	 Gas_conc[10^⁻3ppm]	 Wind_u[10^⁻3m/s]	 Wind_v[10^⁻3m/s]	 Wind_w[10^⁻3m/s]
2 2 0 0 0 0 0
2 3 0 0 1 -1 0
2 4 0 0 1 -5 0
2 5 0 0 1 -5 0
2 6 0 0 1 -8 0
2 7 0 0 2 -8 0
2 8 0 0 0 -11 0
2 9 0 0 0 -11 0
2 10 0 0 -1 -12 0
2 11 0 0 0 -12 0
2 12 0 0 -1 -11 0
2 13 0 0 -1 -11 0
2 14 0 0 -2 -8 0
2 15 0 0 -2 -7 0
2 16 0 0 0 -1 0
2 17 0 0 0 0 0
2 35 0 0 483 6 8
2 36 0 0 487 11 11
2 37 0 0 489 5 -19
2 38 0 0 471 0 -5
2 39 0 0 482 -5 -15
2 40 0 0 468 -2 -1
2 41 0 0 481 -9 -13
2 42 0 0 468 -5 -1
2 43 0 0 482 -11 -15
2 44 0 0 470 -5 -1
2 45 0 0 483 -12 -16
2 46 0 0 484 -12 -17
2 47 0 0 483 -12 -16
2 48 0 0 481 -9 -11
2 49 0 0 484 -11 -17
2 50 0 0 471 -5 -2
2 51 0 0 484 -11 -17
2 52 0 0 471 -5 -2
2 53 0 0 484 -11 -17
2 54 0 0 471 -4 -2
2 55 0 0 484 -11 -17
2 56 0 0 471 -4 -2
2 57 0 0 484 -11 -17
2 58 0 0 471 -4 -2
2 59 0 0 484 -11 -17
2 60 0 0 470 -4 -2
2 61 0 0 484 -11 -17
2 62 0 0 470 -4 -2
2 63 0 0 484 -10 -17
2 64 0 0 470 -3 -2
2 65 0 0 484 -10 -17
2 66 0 0 469 -3 -2
2 67 0 0 484 -10 -17
2 68 0 0 469 -3 -2
2 69 0 0 484 -9 -17
2 70 0 0 469 -3 -2
2 71 0 0 484 -9 -17
2 72 0 0 468 -2 -2
2 73 0 0 484 -8 -18
2 74 0 0 467 -1 -2
2 75 0 0 484 -8 -19
2 76 0 0 466 -1 -2
2 77 0 0 483 -7 -20
2 78 0 0 464 0 -1
2 79 0 0 483 -6 -20
2 80 0 0 464 0 -1
2 81 0 0 483 -5 -22
2 82 0 0 469 1 0
2 83 0 0 482 -3 -23
2 84 0 0 470 4 3
2 85 0 0 482 0 -21
2 86 0 0 474 7 8
2 87 0 0 476 4 -10
2 88 0 0 477 7 10
2 89 0 0 473 4 -10
2 90 0 0 475 1 15
2 91 0 0 470 0 -7
2 92 0 0 460 0 36
2 93 0 0 452 4 -14
2 94 0 0 462 1 7
2 95 0 0 461 5 11
2 96 0 0 472 0 -40
2 97 0 0 526 16 -42
3 2 0 0 2 -1 0
3 3 0 0 3 -3 0
3 4 0 0 2 -4 0
3 5 0 0 3 -7 0
3 6 0 0 1 -8 0
3 7 0 0 4 -10 0
3 8 0 0 0 -11 0
3 9 0 0 3 -13 0
3 10 0 0 -2 -14 0
3 11 0 0 2 -14 0
3 12 0 0 -3 -13 0
3 13 0 0 0 -12 0
3 14 0 0 -5 -11 0
3 15 0 0 -4 -6 0
3 16 0 0 -3 0 0
3 35 0 0 396 -48 -10
3 36 0 0 588 -77 -8
3 37 0 0 571 -110 1
3 38 0 0 519 -104 8
3 39 0 0 525 -138 24
3 40 0 0 521 -127 21
3 41 0 0 526 -169 27
3 42 0 0 516 -146 19
3 43 0 0 526 -179 25
3 44 0 0 519 -151 19
3 45 0 0 534 -188 25
3 46 0 0 514 -157 18
3 47 0 0 529 -184 25
3 48 0 0 520 -150 19
3 49 0 0 543 -187 23
3 50 0 0 519 -152 19
3 51 0 0 541 -186 23
3 52 0 0 517 -150 18
3 53 0 0 538 -182 23
3 54 0 0 520 -146 18
3 55 0 0 541 -181 23
3 56 0 0 519 -145 18
3 57 0 0 538 -178 23
3 58 0 0 519 -141 18
3 59 0 0 539 -175 23
3 60 0 0 520 -138 18
3 61 0 0 539 -173 23
3 62 0 0 520 -135 18
3 63 0 0 537 -169 24
3 64 0 0 521 -130 18
3 65 0 0 539 -167 24
3 66 0 0 519 -128 18
3 67 0 0 536 -162 24
3 68 0 0 522 -122 18
3 69 0 0 540 -160 24
3 70 0 0 520 -119 18
3 71 0 0 537 -155 24
3 72 0 0 521 -113 18
3 73 0 0 538 -150 24
3 74 0 0 522 -107 18
3 75 0 0 540 -147 24
3 76 0 0 520 -103 18
3 77 0 0 538 -141 25
3 78 0 0 520 -94 17
3 79 0 0 536 -130 26
3 80 0 0 522 -85 17
3 81 0 0 540 -126 26
3 82 0 0 520 -79 15
3 83 0 0 536 -112 24
3 84 0 0 525 -65 15
3 85 0 0 539 -104 24
3 86 0 0 525 -55 14
3 87 0 0 535 -89 22
3 88 0 0 526 -38 17
3 89 0 0 534 -73 21
3 90 0 0 529 -23 6
3 91 0 0 529 -46 12
3 92 0 0 525 -6 27
3 93 0 0 515 -46 18
3 94 0 0 498 6 31
3 95 0 0 493 -27 21
3 96 0 0 514 39 7
3 97 0 0 444 36 34
4 2 0 0 5 -1 0
4 3 0 0 4 -2 0
4 14 0 0 -6 -10 0
4 15 0 0 -7 -7 0
4 16 0 0 -10 0 0
4 35 0 0 635 8 -1
4 36 0 0 611 -17 23
4 37 0 0 565 -76 26
4 39 0 0 566 -117 1
4 41 0 0 550 -148 0
4 42 0 0 533 -160 0
4 44 0 0 533 -166 6
4 46 0 0 517 -165 3
4 48 0 0 527 -168 16
4 51 0 0 522 -167 13
4 53 0 0 518 -164 7
4 55 0 0 525 -160 12
4 57 0 0 520 -158 10
4 59 0 0 523 -154 10
4 61 0 0 522 -151 11
4 63 0 0 520 -148 10
4 65 0 0 524 -145 11
4 67 0 0 518 -141 9
4 69 0 0 525 -137 14
4 71 0 0 517 -133 11
4 73 0 0 521 -127 12
4 75 0 0 522 -121 15
4 77 0 0 513 -117 11
4 79 0 0 515 -108 5
4 81 0 0 523 -99 12
4 83 0 0 511 -93 8
4 85 0 0 523 -79 8
4 87 0 0 515 -73 21
4 89 0 0 512 -66 19
4 91 0 0 519 -59 1
4 93 0 0 523 -54 -6
4 95 0 0 515 -54 -15
4 96 0 0 514 -35 24
4 97 0 0 521 -3 25
5 2 0 0 5 -1 0
5 3 0 0 7 -3 0
5 5 0 0 5 -5 0
5 7 0 0 4 -9 0
5 9 0 0 3 -12 0
5 11 0 0 0 -13 0
5 13 0 0 -2 -15 0
5 14 0 0 -11 -12 0
5 15 0 0 -11 -9 0
5 16 0 0 -12 -1 1
5 35 0 0 617 -4 -2
5 36 0 0 598 -64 7
5 37 0 0 579 -90 9
5 96 0 0 501 11 3
5 97 0 0 496 6 11
6 2 0 0 9 -1 0
6 3 0 0 8 -2 0
6 14 0 0 -11 -16 1
6 15 0 0 -16 -13 0
6 16 0 0 -23 0 0
6 35 0 0 733 -10 2
6 36 0 0 637 -77 -1
6 37 0 0 607 -100 -3
6 39 0 0 552 -190 2
6 41 0 0 534 -173 10
6 42 0 0 510 -187 10
6 44 0 0 501 -172 4
6 46 0 0 492 -173 13
6 48 0 0 493 -173 13
6 51 0 0 488 -165 8
6 53 0 0 489 -164 13
6 55 0 0 488 -161 12
6 57 0 0 488 -156 9
6 59 0 0 488 -155 13
6 61 0 0 488 -149 8
6 63 0 0 487 -149 13
6 65 0 0 487 -143 7
6 67 0 0 485 -141 14
6 69 0 0 484 -136 11
6 71 0 0 483 -133 13
6 73 0 0 481 -127 13
6 75 0 0 479 -122 15
6 77 0 0 478 -113 6
6 79 0 0 476 -109 16
6 81 0 0 477 -97 5
6 83 0 0 477 -88 14
6 85 0 0 481 -78 3
6 87 0 0 477 -63 13
6 89 0 0 473 -50 16
6 91 0 0 474 -42 8
6 93 0 0 474 -24 11
6 95 0 0 461 -8 8
6 96 0 0 483 -29 5
6 97 0 0 498 0 13
7 2 0 0 9 -2 0
7 3 0 0 11 -5 0
7 5 0 0 9 -7 0
7 7 0 0 8 -10 0
7 9 0 0 6 -15 0
7 10 0 0 1 -18 0
7 13 0 0 -2 -23 0
7 14 0 0 -17 -22 2
7 15 0 0 -17 -20 0
7 16 0 0 -29 -2 0
7 35 0 0 754 -36 -4
7 36 0 0 643 -121 -8
7 37 0 0 635 -183 -12
7 96 0 0 485 41 -2
7 97 0 0 489 0 13
8 2 0 0 13 -1 0
8 3 0 0 13 -1 0
8 5 0 0 14 -7 0
8 7 0 0 13 -12 0
8 8 0 0 11 -19 0
8 14 0 0 -14 -31 1
8 15 0 0 -31 -38 1
8 16 0 0 -67 -20 -1
8 17 0 0 -51 -1 -8
8 35 0 0 916 -132 -2
8 36 0 0 752 -218 -23
8 37 0 0 680 -178 -8
8 41 0 0 532 -196 0
8 42 0 0 526 -202 -4
8 44 0 0 508 -183 -1
8 46 0 0 507 -180 -2
8 48 0 0 501 -173 0
8 50 0 0 501 -168 -2
8 53 0 0 498 -163 0
8 55 0 0 500 -160 -1
8 57 0 0 498 -156 -1
8 59 0 0 499 -154 -1
8 61 0 0 498 -150 -1
8 63 0 0 497 -148 0
8 65 0 0 498 -145 -1
8 67 0 0 494 -141 0
8 69 0 0 495 -138 -1
8 71 0 0 491 -133 0
8 73 0 0 489 -128 0
8 75 0 0 486 -122 -1
8 77 0 0 483 -115 -1
8 79 0 0 478 -107 0
8 81 0 0 480 -99 -1
8 83 0 0 474 -90 0
8 85 0 0 480 -80 -1
8 87 0 0 468 -69 0
8 89 0 0 469 -59 0
8 91 0 0 474 -50 -1
8 93 0 0 468 -36 0
8 95 0 0 462 -27 -3
8 96 0 0 478 -26 6
8 97 0 0 492 0 9
9 2 0 0 14 -3 -1
9 3 0 0 17 -6 0
9 10 0 0 6 -24 0
9 12 0 0 0 -35 1
9 14 0 0 -14 -42 3
9 15 0 0 -23 -54 0
9 16 0 0 -78 -62 -1
9 17 0 0 -11 -161 5
9 18 0 0 -4 -157 -8
9 19 0 0 -3 -168 14
9 20 0 0 7 -167 5
9 21 0 0 -4 -196 12
9 22 0 0 5 -195 7
9 23 0 0 -6 -233 8
9 24 0 0 3 -225 7
9 25 0 0 -8 -274 3
9 26 0 0 3 -266 7
9 27 0 0 -11 -323 -4
9 28 0 0 3 -325 7
9 29 0 0 -13 -383 -13
9 30 0 0 5 -418 8
9 31 0 0 -10 -463 -21
9 32 0 0 2 -574 13
9 33 0 0 -86 -257 -90
9 34 0 0 -168 -178 -164
9 35 0 0 990 -557 -56
9 36 0 0 713 -375 -18
9 37 0 0 648 -281 -12
9 39 0 0 577 -238 -17
9 96 0 0 468 18 -4
9 97 0 0 486 -2 10
10 2 0 0 19 0 0
10 3 0 0 18 -1 0
10 5 0 0 19 -8 0
10 7 0 0 19 -13 0
10 8 0 0 18 -21 0
10 14 0 0 0 -47 4
10 15 0 0 -5 -67 3
10 16 0 0 -12 -91 0
10 17 0 0 0 -115 2
10 18 0 0 5 -125 0
10 19 0 0 18 -138 3
10 20 0 0 9 -143 0
10 21 0 0 23 -161 1
10 22 0 0 13 -171 -3
10 23 0 0 28 -191 2
10 24 0 0 17 -206 -1
10 25 0 0 32 -228 3
10 26 0 0 22 -248 0
10 27 0 0 39 -273 4
10 28 0 0 31 -300 1
10 29 0 0 50 -331 5
10 30 0 0 49 -370 1
10 31 0 0 68 -411 0
10 32 0 0 80 -472 0
10 33 0 0 122 -579 -12
10 34 0 0 286 -776 6
10 35 0 0 670 -531 -3
10 36 0 0 594 -350 -12
10 37 0 0 573 -294 -12
10 42 0 0 493 -213 0
10 44 0 0 481 -194 0
10 46 0 0 480 -184 0
10 48 0 0 480 -174 0
10 50 0 0 479 -168 0
10 53 0 0 480 -164 0
10 55 0 0 481 -160 0
10 57 0 0 481 -157 1
10 59 0 0 481 -155 1
10 61 0 0 482 -152 0
10 63 0 0 480 -151 0
10 65 0 0 481 -147 0
10 67 0 0 477 -145 0
10 69 0 0 476 -142 0
10 71 0 0 472 -138 0
10 73 0 0 469 -133 0
10 75 0 0 465 -128 0
10 77 0 0 463 -120 -1
10 79 0 0 456 -114 -1
10 81 0 0 457 -103 -1
10 83 0 0 449 -96 -1
10 85 0 0 453 -82 0
10 87 0 0 446 -71 -1
10 89 0 0 444 -60 0
10 91 0 0 448 -46 0
10 93 0 0 442 -31 1
10 95 0 0 438 -17 0
10 96 0 0 462 -35 5
10 97 0 0 479 -1 6
11 2 0 0 19 -3 -1
11 3 0 0 23 -7 0
11 10 0 0 17 -29 0
11 12 0 0 11 -45 0
11 14 0 0 4 -51 4
11 15 0 0 12 -74 2
11 16 0 0 0 -92 0
11 17 0 0 20 -110 2
11 18 0 0 11 -120 1
11 19 0 0 29 -135 3
11 20 0 0 22 -141 4
11 21 0 0 38 -161 4
11 22 0 0 27 -172 5
11 23 0 0 43 -195 4
11 24 0 0 34 -207 5
11 25 0 0 52 -233 4
11 26 0 0 42 -249 4
11 27 0 0 63 -277 3
11 28 0 0 57 -298 3
11 29 0 0 80 -330 3
11 30 0 0 76 -361 2
11 31 0 0 115 -393 6
11 32 0 0 145 -454 8
11 33 0 0 200 -498 14
11 34 0 0 262 -585 19
11 35 0 0 500 -510 25
11 36 0 0 455 -357 12
11 37 0 0 521 -340 0
11 39 0 0 523 -273 -3
11 41 0 0 494 -234 -1
11 96 0 0 453 16 -4
11 97 0 0 471 -4 8
12 2 0 0 24 0 1
12 3 0 0 24 0 0
12 5 0 0 25 -8 0
12 7 0 0 26 -13 0
12 8 0 0 27 -21 0
12 21 0 0 51 -143 0
12 23 0 0 60 -172 0
12 25 0 0 73 -203 0
12 26 0 0 92 -240 1
12 28 0 0 118 -285 3
12 30 0 0 158 -330 5
12 42 0 0 476 -216 0
12 44 0 0 473 -192 0
12 46 0 0 480 -185 0
12 48 0 0 480 -173 0
12 50 0 0 484 -168 0
12 53 0 0 485 -163 0
12 55 0 0 488 -159 0
12 57 0 0 489 -156 0
12 59 0 0 490 -155 0
12 61 0 0 490 -153 0
12 63 0 0 489 -151 0
12 65 0 0 488 -150 0
12 67 0 0 485 -147 0
12 69 0 0 483 -145 0
12 71 0 0 479 -141 0
12 73 0 0 475 -137 0
12 75 0 0 470 -132 -1
12 77 0 0 466 -125 -1
12 79 0 0 460 -117 -1
12 81 0 0 457 -108 -1
12 83 0 0 450 -98 -1
12 85 0 0 449 -88 0
12 87 0 0 442 -74 0
12 89 0 0 441 -64 0
12 91 0 0 439 -50 0
12 93 0 0 433 -35 0
12 95 0 0 430 -24 0
12 96 0 0 449 -35 6
12 97 0 0 465 0 4
13 2 0 0 24 -2 -1
13 3 0 0 29 -8 0
13 10 0 0 29 -31 0
13 12 0 0 25 -45 0
13 14 0 0 31 -64 0
13 16 0 0 34 -91 0
13 18 0 0 43 -118 0
13 33 0 0 230 -398 6
13 35 0 0 352 -410 4
13 37 0 0 441 -335 0
13 39 0 0 469 -281 0
13 41 0 0 469 -234 0
13 96 0 0 439 15 -3
13 97 0 0 456 -5 9
14 2 0 0 29 0 1
14 3 0 0 31 0 0
14 18 0 0 65 -109 0
14 21 0 0 76 -132 0
14 23 0 0 89 -159 1
14 25 0 0 104 -188 0
14 26 0 0 124 -220 1
14 28 0 0 151 -254 1
14 30 0 0 191 -288 2
14 32 0 0 246 -322 3
14 42 0 0 453 -205 0
14 44 0 0 453 -190 -1
14 46 0 0 462 -179 0
14 48 0 0 466 -170 0
14 50 0 0 470 -165 0
14 53 0 0 474 -160 0
14 55 0 0 477 -158 0
14 57 0 0 480 -155 0
14 59 0 0 481 -154 0
14 61 0 0 482 -154 0
14 63 0 0 481 -153 0
14 65 0 0 480 -152 0
14 67 0 0 477 -151 0
14 69 0 0 473 -149 0
14 71 0 0 468 -146 0
14 73 0 0 463 -142 0
14 75 0 0 457 -137 0
14 77 0 0 451 -131 -1
14 79 0 0 445 -123 -1
14 81 0 0 440 -114 -1
14 83 0 0 433 -104 -1
14 85 0 0 429 -92 0
14 87 0 0 424 -79 -1
14 89 0 0 420 -67 -1
14 91 0 0 419 -51 0
14 93 0 0 415 -37 0
14 95 0 0 411 -22 -1
14 96 0 0 434 -35 6
14 97 0 0 447 -1 3
15 2 0 0 29 0 -1
15 3 0 0 34 -8 0
15 5 0 0 31 -6 0
15 7 0 0 33 -11 0
15 8 0 0 37 -19 0
15 10 0 0 41 -29 0
15 12 0 0 45 -44 0
15 14 0 0 49 -64 0
15 16 0 0 55 -85 0
15 35 0 0 324 -324 3
15 37 0 0 384 -294 3
15 39 0 0 425 -254 1
15 41 0 0 432 -227 0
15 96 0 0 423 15 -3
15 97 0 0 440 -5 11
16 2 0 0 32 2 1
16 3 0 0 36 3 0
16 12 0 0 61 -38 0
16 14 0 0 70 -55 0
16 16 0 0 79 -76 0
16 18 0 0 90 -98 0
16 21 0 0 102 -121 0
16 23 0 0 116 -145 0
16 25 0 0 133 -170 0
16 26 0 0 154 -195 0
16 28 0 0 183 -222 0
16 30 0 0 218 -245 0
16 32 0 0 263 -264 0
16 35 0 0 318 -266 -1
16 37 0 0 366 -252 0
16 39 0 0 398 -230 0
16 41 0 0 419 -209 0
16 42 0 0 435 -195 0
16 44 0 0 445 -180 0
16 46 0 0 456 -173 0
16 48 0 0 462 -163 0
16 50 0 0 470 -160 0
16 53 0 0 475 -156 0
16 55 0 0 479 -154 0
16 57 0 0 483 -153 0
16 59 0 0 485 -153 0
16 61 0 0 485 -154 0
16 63 0 0 485 -154 0
16 65 0 0 483 -154 0
16 67 0 0 480 -154 0
16 69 0 0 475 -154 0
16 71 0 0 470 -152 0
16 73 0 0 463 -148 0
16 75 0 0 456 -144 0
16 77 0 0 449 -137 0
16 79 0 0 441 -130 0
16 81 0 0 434 -121 0
16 83 0 0 426 -110 0
16 85 0 0 421 -98 0
16 87 0 0 414 -85 0
16 89 0 0 410 -71 0
16 91 0 0 406 -55 -1
16 93 0 0 403 -39 0
16 96 0 0 418 -36 6
16 97 0 0 430 0 2
17 2 0 0 33 0 -1
17 3 0 0 38 -7 0
17 5 0 0 35 -3 0
17 7 0 0 39 -7 0
17 8 0 0 45 -13 0
17 10 0 0 53 -23 0
17 95 0 0 397 -25 0
17 96 0 0 407 14 -3
17 97 0 0 423 -5 13
18 2 0 0 34 3 1
18 3 0 0 38 5 0
18 12 0 0 78 -27 0
18 14 0 0 88 -45 0
18 16 0 0 99 -65 0
18 18 0 0 111 -86 0
18 20 0 0 123 -106 0
18 23 0 0 138 -128 0
18 25 0 0 156 -149 0
18 26 0 0 177 -171 0
18 28 0 0 203 -192 0
18 30 0 0 235 -209 0
18 32 0 0 270 -222 0
18 34 0 0 313 -225 0
18 36 0 0 349 -217 0
18 38 0 0 380 -204 0
18 40 0 0 400 -191 0
18 42 0 0 422 -179 0
18 44 0 0 433 -169 0
18 46 0 0 447 -162 0
18 48 0 0 455 -156 0
18 51 0 0 464 -153 0
18 53 0 0 470 -151 0
18 55 0 0 476 -150 0
18 57 0 0 480 -150 0
18 59 0 0 483 -152 0
18 61 0 0 484 -153 0
18 63 0 0 483 -155 0
18 65 0 0 481 -157 0
18 67 0 0 477 -159 0
18 69 0 0 472 -159 0
18 71 0 0 465 -158 0
18 73 0 0 457 -156 0
18 75 0 0 448 -152 0
18 96 0 0 401 -36 6
18 97 0 0 412 -1 1
19 2 0 0 34 1 0
19 3 0 0 39 -5 0
19 5 0 0 38 0 0
19 7 0 0 44 -1 0
19 8 0 0 54 -5 0
19 10 0 0 67 -13 0
19 77 0 0 439 -146 0
19 79 0 0 430 -138 0
19 81 0 0 421 -129 0
19 83 0 0 412 -117 0
19 85 0 0 405 -105 0
19 87 0 0 398 -90 0
19 89 0 0 392 -75 0
19 91 0 0 388 -59 0
19 93 0 0 384 -42 0
19 95 0 0 379 -25 -1
19 96 0 0 389 13 -3
19 97 0 0 405 -6 15
20 2 0 0 32 5 2
20 3 0 0 38 8 1
20 5 0 0 35 7 0
20 7 0 0 43 8 0
20 8 0 0 56 9 0
20 11 0 0 74 0 0
20 13 0 0 91 -16 0
20 15 0 0 107 -35 0
20 17 0 0 119 -54 0
20 18 0 0 131 -73 0
20 20 0 0 144 -93 0
20 22 0 0 159 -112 0
20 24 0 0 176 -131 0
20 26 0 0 196 -148 0
20 28 0 0 220 -164 0
20 30 0 0 248 -177 0
20 32 0 0 279 -187 0
20 35 0 0 312 -190 0
20 37 0 0 343 -186 0
20 39 0 0 370 -179 0
20 41 0 0 393 -170 0
20 42 0 0 412 -162 0
20 44 0 0 428 -155 0
20 46 0 0 441 -150 0
20 48 0 0 452 -146 0
20 51 0 0 463 -145 0
20 53 0 0 471 -144 0
20 55 0 0 478 -145 0
20 57 0 0 483 -147 0
20 59 0 0 486 -150 0
20 61 0 0 488 -153 0
20 63 0 0 487 -157 0
20 65 0 0 485 -161 0
20 96 0 0 383 -37 6
20 97 0 0 398 5 0
21 2 0 0 32 1 0
21 3 0 0 36 -1 0
21 67 0 0 480 -164 0
21 69 0 0 473 -166 0
21 71 0 0 465 -166 0
21 73 0 0 455 -165 0
21 75 0 0 445 -162 0
21 77 0 0 433 -156 0
21 79 0 0 422 -148 0
21 81 0 0 411 -138 0
21 83 0 0 401 -126 0
21 85 0 0 392 -112 0
21 87 0 0 384 -97 0
21 89 0 0 377 -81 0
21 91 0 0 372 -63 0
21 93 0 0 368 -45 0
21 95 0 0 362 -27 -1
21 96 0 0 370 12 -3
21 97 0 0 386 -6 17
22 2 0 0 26 5 1
22 3 0 0 32 10 1
22 5 0 0 32 11 0
22 7 0 0 44 18 -1
22 8 0 0 64 24 -1
22 11 0 0 94 17 -3
22 13 0 0 118 0 -2
22 15 0 0 127 -16 -2
22 17 0 0 139 -41 0
22 18 0 0 150 -60 0
22 20 0 0 162 -79 0
22 22 0 0 176 -96 0
22 24 0 0 193 -112 0
22 26 0 0 211 -127 0
22 29 0 0 233 -140 0
22 31 0 0 257 -150 0
22 33 0 0 284 -158 0
22 35 0 0 312 -160 0
22 37 0 0 339 -159 0
22 39 0 0 364 -155 0
22 41 0 0 385 -150 0
22 43 0 0 405 -145 0
22 44 0 0 422 -140 0
22 46 0 0 437 -137 0
22 48 0 0 450 -135 0
22 51 0 0 462 -135 0
22 53 0 0 471 -136 0
22 55 0 0 479 -138 0
22 57 0 0 486 -142 0
22 59 0 0 490 -147 0
22 96 0 0 363 -37 6
22 97 0 0 372 0 -1
23 2 0 0 25 3 0
23 3 0 0 26 3 0
23 61 0 0 492 -153 0
23 63 0 0 491 -159 0
23 65 0 0 488 -164 0
23 67 0 0 483 -170 0
23 69 0 0 475 -174 0
23 71 0 0 465 -176 0
23 73 0 0 453 -176 0
23 75 0 0 440 -174 0
23 77 0 0 426 -168 0
23 79 0 0 412 -160 0
23 81 0 0 399 -150 0
23 83 0 0 387 -137 0
23 85 0 0 376 -122 0
23 87 0 0 367 -105 0
23 89 0 0 359 -87 0
23 91 0 0 353 -68 0
23 93 0 0 348 -49 0
23 95 0 0 342 -29 0
23 96 0 0 350 10 -3
23 97 0 0 363 6 0
24 2 0 0 24 6 1
24 3 0 0 23 11 1
24 4 0 0 21 13 0
24 5 0 0 24 23 0
24 6 0 0 29 27 -2
24 7 0 0 37 37 -1
24 8 0 0 46 43 -2
24 9 0 0 63 59 -4
24 10 0 0 80 51 -4
24 11 0 0 103 55 -9
24 12 0 0 111 26 -8
24 13 0 0 121 26 -7
24 15 0 0 150 -11 -1
24 17 0 0 161 -30 -1
24 18 0 0 169 -50 0
24 20 0 0 180 -66 0
24 22 0 0 192 -82 0
24 24 0 0 207 -96 0
24 27 0 0 224 -108 0
24 29 0 0 243 -118 0
24 31 0 0 265 -126 0
24 33 0 0 289 -132 0
24 35 0 0 313 -135 0
24 37 0 0 337 -134 0
24 39 0 0 361 -132 0
24 41 0 0 382 -129 0
24 43 0 0 402 -126 0
24 44 0 0 419 -124 0
24 46 0 0 436 -122 0
24 48 0 0 450 -122 0
24 51 0 0 463 -123 0
24 53 0 0 474 -126 0
24 55 0 0 484 -131 0
24 57 0 0 491 -136 0
24 59 0 0 496 -144 0
24 96 0 0 342 -38 6
24 97 0 0 386 8 1
25 2 0 0 8 2 0
25 3 0 0 13 10 0
25 4 0 0 12 15 0
25 5 0 0 15 25 -1
25 6 0 0 18 33 -1
25 7 0 0 25 44 -2
25 8 0 0 38 59 -3
25 9 0 0 59 70 -4
25 10 0 0 96 78 -4
25 11 0 0 137 53 -4
25 12 0 0 143 27 -5
25 13 0 0 151 2 -3
25 61 0 0 499 -152 0
25 63 0 0 499 -160 0
25 65 0 0 495 -169 0
25 67 0 0 489 -177 0
25 69 0 0 479 -184 0
25 71 0 0 467 -188 0
25 73 0 0 452 -190 0
25 75 0 0 436 -189 0
25 77 0 0 419 -183 0
25 79 0 0 403 -175 0
25 81 0 0 387 -163 0
25 83 0 0 373 -149 0
25 85 0 0 360 -133 0
25 87 0 0 349 -114 0
25 89 0 0 340 -95 0
25 91 0 0 333 -74 0
25 93 0 0 328 -53 0
25 95 0 0 322 -32 0
25 96 0 0 328 9 -2
25 97 0 0 342 -7 21
26 2 0 0 5 0 0
26 3 0 0 2 7 0
26 4 0 0 3 20 0
26 5 0 0 2 22 0
26 6 0 0 5 41 0
26 7 0 0 4 47 0
26 8 0 0 11 79 0
26 9 0 0 14 101 0
26 10 0 0 157 162 0
26 11 0 0 164 106 -3
26 12 0 0 173 44 -1
26 13 0 0 176 33 2
26 15 0 0 177 -6 0
26 17 0 0 180 -23 0
26 18 0 0 186 -42 0
26 20 0 0 195 -55 0
26 22 0 0 206 -69 0
26 24 0 0 219 -80 0
26 27 0 0 234 -90 0
26 29 0 0 252 -99 0
26 31 0 0 271 -105 0
26 33 0 0 292 -109 0
26 35 0 0 314 -112 0
26 37 0 0 337 -112 0
26 39 0 0 359 -111 0
26 41 0 0 379 -109 0
26 43 0 0 399 -107 0
26 44 0 0 418 -106 0
26 46 0 0 436 -106 0
26 48 0 0 452 -107 0
26 51 0 0 466 -110 0
26 53 0 0 479 -115 0
26 55 0 0 490 -122 0
26 57 0 0 499 -130 0
26 96 0 0 320 -38 6
26 97 0 0 324 0 -6
27 2 0 0 0 2 0
27 3 0 0 2 10 3
27 4 0 0 -2 17 -4
27 5 0 0 5 26 8
27 6 0 0 -5 38 -7
27 7 0 0 7 53 12
27 8 0 0 -5 75 -11
27 9 0 0 -4 129 -2
27 10 0 0 138 40 -2
27 11 0 0 237 100 -3
27 12 0 0 202 24 0
27 13 0 0 194 0 -1
27 59 0 0 505 -139 0
27 61 0 0 508 -150 0
27 63 0 0 508 -162 0
27 65 0 0 505 -174 0
27 67 0 0 498 -186 0
27 69 0 0 486 -196 0
27 71 0 0 471 -203 0
27 73 0 0 453 -207 0
27 75 0 0 433 -207 0
27 77 0 0 412 -202 0
27 79 0 0 392 -192 0
27 81 0 0 374 -179 0
27 83 0 0 357 -164 0
27 85 0 0 342 -145 0
27 87 0 0 329 -125 0
27 89 0 0 319 -103 0
27 91 0 0 311 -81 0
27 93 0 0 305 -58 0
27 95 0 0 299 -35 0
27 96 0 0 305 7 -2
27 97 0 0 318 -7 23
28 10 0 0 247 -6 3
28 11 0 0 220 -1 1
28 12 0 0 210 17 1
28 13 0 0 204 13 0
28 15 0 0 196 -8 0
28 17 0 0 197 -23 0
28 18 0 0 201 -36 0
28 20 0 0 207 -47 0
28 22 0 0 217 -58 0
28 25 0 0 228 -67 0
28 27 0 0 242 -75 0
28 29 0 0 258 -81 0
28 31 0 0 276 -86 0
28 33 0 0 295 -89 0
28 35 0 0 315 -90 0
28 37 0 0 336 -90 0
28 39 0 0 357 -90 0
28 41 0 0 378 -88 0
28 43 0 0 399 -88 0
28 44 0 0 418 -87 0
28 46 0 0 437 -89 0
28 48 0 0 455 -91 0
28 51 0 0 471 -96 0
28 53 0 0 486 -102 0
28 55 0 0 498 -111 0
28 96 0 0 295 -40 6
28 97 0 0 298 0 -8
29 10 0 0 239 2 1
29 11 0 0 206 6 2
29 12 0 0 218 -2 0
29 13 0 0 217 -17 -4
29 57 0 0 509 -122 0
29 59 0 0 517 -134 0
29 61 0 0 521 -148 0
29 63 0 0 522 -164 0
29 65 0 0 519 -180 0
29 67 0 0 510 -196 0
29 69 0 0 497 -210 0
29 71 0 0 479 -222 0
29 73 0 0 456 -228 0
29 75 0 0 431 -229 0
29 77 0 0 405 -224 0
29 79 0 0 380 -214 0
29 81 0 0 358 -199 0
29 83 0 0 338 -181 0
29 85 0 0 322 -160 0
29 87 0 0 308 -137 0
29 89 0 0 296 -113 0
29 91 0 0 288 -88 0
29 93 0 0 281 -63 0
29 95 0 0 274 -38 0
29 96 0 0 279 4 -2
29 97 0 0 290 -7 24
30 10 0 0 250 0 1
30 11 0 0 204 -4 3
30 12 0 0 212 9 0
30 13 0 0 212 0 -3
30 15 0 0 205 -11 0
30 17 0 0 208 -22 0
30 18 0 0 211 -31 0
30 20 0 0 217 -40 0
30 22 0 0 225 -48 0
30 25 0 0 236 -55 0
30 27 0 0 248 -61 0
30 29 0 0 263 -65 0
30 31 0 0 279 -68 0
30 33 0 0 297 -70 0
30 35 0 0 316 -70 0
30 37 0 0 336 -70 0
30 39 0 0 356 -69 0
30 41 0 0 377 -68 0
30 43 0 0 398 -67 0
30 44 0 0 419 -68 0
30 46 0 0 439 -70 0
30 48 0 0 459 -74 0
30 51 0 0 477 -79 0
30 96 0 0 268 -42 5
30 97 0 0 267 0 -14
31 10 0 0 233 1 1
31 11 0 0 200 3 1
31 12 0 0 220 -13 0
31 13 0 0 220 -22 -2
31 53 0 0 494 -88 0
31 55 0 0 509 -98 0
31 57 0 0 522 -111 0
31 59 0 0 532 -127 0
31 61 0 0 538 -145 0
31 63 0 0 540 -165 0
31 65 0 0 537 -186 0
31 67 0 0 528 -207 0
31 69 0 0 512 -227 0
31 71 0 0 489 -244 0
31 73 0 0 460 -255 0
31 75 0 0 428 -258 0
31 77 0 0 397 -252 0
31 79 0 0 367 -239 0
31 81 0 0 340 -221 0
31 83 0 0 317 -200 0
31 85 0 0 298 -176 0
31 87 0 0 283 -150 0
31 89 0 0 270 -123 0
31 91 0 0 261 -96 0
31 93 0 0 254 -68 0
31 95 0 0 247 -42 0
31 96 0 0 250 2 -1
31 97 0 0 260 -6 25
32 10 0 0 248 1 0
32 11 0 0 206 -5 2
32 12 0 0 224 4 0
32 13 0 0 224 8 0
32 15 0 0 212 -12 0
32 17 0 0 216 -19 0
32 18 0 0 219 -26 0
32 20 0 0 225 -33 0
32 23 0 0 232 -39 0
32 25 0 0 241 -44 0
32 27 0 0 252 -48 0
32 29 0 0 265 -51 0
32 31 0 0 280 -52 0
32 33 0 0 297 -52 0
32 35 0 0 315 -51 0
32 37 0 0 335 -50 0
32 39 0 0 355 -48 0
32 41 0 0 377 -47 0
32 96 0 0 238 -41 5
32 97 0 0 235 0 -17
33 10 0 0 237 1 0
33 11 0 0 203 4 1
33 12 0 0 229 -17 1
33 13 0 0 228 -22 -2
33 43 0 0 399 -46 0
33 44 0 0 421 -47 0
33 46 0 0 443 -49 0
33 48 0 0 464 -54 0
33 51 0 0 485 -61 0
33 53 0 0 505 -71 0
33 55 0 0 522 -83 0
33 57 0 0 538 -99 0
33 59 0 0 550 -118 0
33 61 0 0 559 -140 0
33 63 0 0 563 -165 0
33 65 0 0 562 -192 0
33 67 0 0 552 -221 0
33 69 0 0 534 -249 0
33 71 0 0 507 -273 0
33 73 0 0 470 -289 0
33 75 0 0 427 -293 0
33 77 0 0 387 -285 0
33 79 0 0 351 -270 0
33 81 0 0 319 -248 0
33 83 0 0 293 -223 0
33 85 0 0 272 -195 0
33 87 0 0 255 -165 0
33 89 0 0 242 -135 0
33 91 0 0 233 -105 0
33 93 0 0 225 -74 0
33 95 0 0 219 -45 0
33 96 0 0 219 0 0
33 97 0 0 228 -5 26
34 10 0 0 252 2 0
34 11 0 0 212 -4 1
34 12 0 0 233 6 -1
34 13 0 0 232 9 0
34 15 0 0 219 -11 0
34 17 0 0 223 -16 0
34 19 0 0 226 -22 0
34 21 0 0 230 -27 0
34 23 0 0 236 -31 0
34 25 0 0 245 -35 0
34 27 0 0 255 -37 0
34 29 0 0 267 -37 0
34 31 0 0 280 -37 0
34 33 0 0 296 -35 0
34 35 0 0 313 -33 0
34 37 0 0 333 -30 0
34 96 0 0 207 -40 6
34 97 0 0 202 0 -19
35 10 0 0 243 1 -1
35 11 0 0 208 5 0
35 12 0 0 236 -15 0
35 13 0 0 234 -21 -1
35 39 0 0 353 -27 0
35 41 0 0 375 -25 0
35 43 0 0 398 -23 0
35 44 0 0 422 -24 0
35 46 0 0 447 -26 0
35 48 0 0 471 -32 0
35 50 0 0 494 -40 0
35 53 0 0 517 -51 0
35 55 0 0 538 -66 0
35 57 0 0 557 -84 0
35 59 0 0 573 -106 0
35 61 0 0 585 -132 0
35 63 0 0 592 -162 0
35 65 0 0 593 -197 0
35 67 0 0 584 -235 0
35 69 0 0 563 -273 0
35 71 0 0 529 -308 0
35 73 0 0 478 -335 -1
35 75 0 0 422 -341 0
35 77 0 0 373 -329 -1
35 79 0 0 328 -307 0
35 81 0 0 292 -279 0
35 83 0 0 263 -247 0
35 85 0 0 240 -214 0
35 87 0 0 223 -180 0
35 89 0 0 209 -146 0
35 91 0 0 199 -113 0
35 93 0 0 192 -80 0
35 95 0 0 186 -49 0
35 96 0 0 186 -3 0
35 97 0 0 193 -5 26
36 10 0 0 257 2 -2
36 11 0 0 218 -3 1
36 12 0 0 238 6 -1
36 13 0 0 238 9 0
36 15 0 0 224 -10 0
36 17 0 0 228 -14 0
36 19 0 0 230 -19 0
36 21 0 0 234 -22 0
36 23 0 0 239 -25 0
36 25 0 0 246 -26 0
36 27 0 0 255 -26 0
36 29 0 0 266 -25 0
36 96 0 0 171 -40 6
36 97 0 0 171 -1 -12
37 10 0 0 248 2 -2
37 11 0 0 213 5 0
37 12 0 0 241 -14 0
37 13 0 0 239 -21 -1
37 31 0 0 278 -22 0
37 33 0 0 293 -19 0
37 34 0 1 0 0 0
37 35 0 5 310 -15 0
37 36 0 12 0 0 0
37 37 0 21 329 -10 0
37 38 0 24 0 0 0
37 39 0 20 350 -5 0
37 40 0 11 0 0 0
37 41 0 4 373 -1 0
37 42 0 1 0 0 0
37 43 0 0 398 0 0
37 44 0 0 424 1 0
37 46 0 0 451 -1 0
37 48 0 0 478 -6 0
37 50 0 0 505 -15 0
37 53 0 0 530 -28 0
37 55 0 0 555 -44 0
37 57 0 0 578 -65 0
37 59 0 0 599 -90 0
37 61 0 0 617 -120 0
37 63 0 0 629 -157 0
37 65 0 0 635 -200 0
37 67 0 0 630 -250 1
37 69 0 0 610 -304 0
37 71 0 0 572 -357 3
37 73 0 0 508 -395 1
37 75 0 0 423 -397 2
37 77 0 0 357 -379 2
37 79 0 0 303 -351 1
37 81 0 0 261 -314 1
37 83 0 0 230 -275 0
37 85 0 0 206 -235 0
37 87 0 0 189 -197 0
37 89 0 0 176 -159 0
37 91 0 0 167 -121 0
37 93 0 0 160 -85 0
37 95 0 0 155 -51 0
37 96 0 0 150 -7 0
37 97 0 0 156 -5 24
38 10 0 0 262 3 -2
38 11 0 0 223 -3 1
38 12 0 0 243 7 -1
38 13 0 0 243 9 0
38 17 0 0 232 -13 0
38 19 0 0 233 -16 0
38 21 0 0 236 -18 0
38 33 0 1 0 0 0
38 34 0 7 0 0 0
38 35 0 26 0 0 0
38 36 0 63 0 0 0
38 37 0 108 0 0 0
38 38 0 128 0 0 0
38 39 0 109 0 0 0
38 40 0 84 0 0 0
38 41 0 82 0 0 0
38 42 0 88 0 0 0
38 43 0 85 0 0 0
38 44 0 66 0 0 0
38 45 0 32 0 0 0
38 46 0 8 0 0 0
38 47 0 1 0 0 0
38 48 0 0 0 0 0
38 66 0 0 687 -259 -1
38 68 0 0 667 -330 -3
38 70 0 0 612 -409 -4
38 96 0 0 136 -42 5
38 97 0 0 131 -3 -10
39 10 0 0 252 2 -4
39 11 0 0 218 6 0
39 12 0 0 245 -14 0
39 13 0 0 244 -21 0
39 15 0 0 229 -10 0
39 23 0 0 240 -19 0
39 25 0 0 246 -19 0
39 27 0 0 253 -17 0
39 29 0 0 263 -14 0
39 31 0 0 274 -9 0
39 33 0 5 288 -3 0
39 34 0 26 0 0 0
39 35 0 92 304 2 0
39 36 0 227 0 0 0
39 37 0 388 323 9 0
39 38 0 466 0 0 0
39 39 0 448 345 16 0
39 40 0 537 0 0 0
39 41 0 833 369 22 0
39 42 0 1040 0 0 0
39 43 0 979 395 27 0
39 44 0 708 424 28 0
39 45 0 337 0 0 0
39 46 0 93 454 27 0
39 47 0 15 0 0 0
39 48 0 1 485 21 0
39 49 0 0 0 0 0
39 50 0 0 516 12 0
39 53 0 0 546 0 0
39 55 0 0 574 -18 0
39 57 0 0 602 -41 0
39 59 0 0 628 -68 0
39 61 0 0 652 -103 0
39 63 0 0 672 -145 0
39 65 0 0 685 -196 0
39 72 0 0 510 -478 -5
39 75 0 0 399 -492 -4
39 77 0 0 319 -450 -8
39 79 0 0 256 -403 -3
39 81 0 0 213 -352 -2
39 83 0 0 183 -302 -1
39 85 0 0 161 -256 -1
39 87 0 0 145 -211 -1
39 89 0 0 133 -169 0
39 91 0 0 125 -130 -1
39 93 0 0 120 -90 0
39 95 0 0 116 -58 0
39 96 0 0 109 -14 1
39 97 0 0 114 -4 21
40 10 0 0 267 3 -2
40 11 0 0 228 -3 1
40 12 0 0 247 7 -1
40 13 0 0 247 10 0
40 31 0 0 0 0 0
40 32 0 0 0 0 0
40 33 0 15 0 0 0
40 34 0 72 0 0 0
40 35 0 250 0 0 0
40 36 0 606 0 0 0
40 37 0 1027 0 0 0
40 38 0 1292 0 0 0
40 39 0 1541 0 0 0
40 40 0 2631 0 0 0
40 41 0 4693 0 0 0
40 42 0 5889 0 0 0
40 43 0 5296 0 0 0
40 44 0 3620 0 0 0
40 45 0 1718 0 0 0
40 46 0 551 0 0 0
40 47 0 159 0 0 0
40 48 0 61 0 0 0
40 49 0 31 0 0 0
40 50 0 19 0 0 0
40 51 0 11 0 0 0
40 52 0 6 0 0 0
40 53 0 2 0 0 0
40 54 0 1 0 0 0
40 55 0 0 0 0 0
40 56 0 0 0 0 0
40 66 0 0 770 -267 0
40 68 0 0 767 -372 -9
40 70 0 0 730 -490 -9
40 73 0 0 611 -596 -22
40 75 0 0 403 -583 -8
40 96 0 0 94 -35 3
40 97 0 0 87 -5 -4
41 10 0 0 257 3 -4
41 11 0 0 222 6 0
41 12 0 0 249 -13 0
41 13 0 0 248 -21 0
41 15 0 0 232 -9 0
41 17 0 0 235 -12 0
41 19 0 0 235 -15 0
41 21 0 0 237 -15 0
41 23 0 0 240 -15 0
41 25 0 0 244 -13 0
41 27 0 0 250 -9 0
41 29 0 0 258 -4 0
41 31 0 0 268 2 0
41 32 0 3 0 0 0
41 33 0 33 281 10 0
41 34 0 152 0 0 0
41 35 0 511 296 19 0
41 36 0 1220 0 0 0
41 37 0 2081 315 30 0
41 38 0 2885 0 0 0
41 39 0 4429 337 40 0
41 40 0 9066 0 0 0
41 41 0 16494 363 49 0
41 42 0 20159 0 0 0
41 43 0 16996 392 56 0
41 44 0 10724 424 59 0
41 45 0 5016 0 0 0
41 46 0 1842 458 59 0
41 47 0 691 0 0 0
41 48 0 301 493 54 0
41 49 0 145 0 0 0
41 50 0 81 528 44 0
41 51 0 48 0 0 0
41 52 0 25 562 30 0
41 53 0 11 0 0 0
41 54 0 4 0 0 0
41 55 0 1 595 12 0
41 56 0 0 0 0 0
41 57 0 0 629 -11 0
41 59 0 0 661 -40 0
41 61 0 0 694 -78 0
41 63 0 0 724 -125 0
41 65 0 0 751 -186 0
41 77 0 0 289 -518 -1
41 79 0 0 214 -452 0
41 81 0 0 170 -385 -2
41 83 0 0 138 -325 -4
41 85 0 0 119 -271 -4
41 87 0 0 106 -222 -4
41 89 0 0 97 -177 -4
41 91 0 0 90 -135 -5
41 93 0 0 88 -93 -4
41 95 0 0 84 -55 -3
41 96 0 0 71 -18 0
41 97 0 0 73 -5 15
42 10 0 0 272 4 -2
42 11 0 0 232 -3 1
42 12 0 0 251 7 -1
42 13 0 0 251 9 0
42 31 0 2 0 0 0
42 32 0 9 0 0 0
42 33 0 67 0 0 0
42 34 0 283 0 0 0
42 35 0 915 0 0 0
42 36 0 2140 0 0 0
42 37 0 3702 0 0 0
42 38 0 5870 0 0 0
42 39 0 10904 0 0 0
42 40 0 22889 0 0 0
42 41 0 39729 0 0 0
42 42 0 46532 0 0 0
42 43 0 36832 0 0 0
42 44 0 21669 0 0 0
42 45 0 10506 0 0 0
42 46 0 4819 0 0 0
42 47 0 2303 0 0 0
42 48 0 1066 0 0 0
42 49 0 488 0 0 0
42 50 0 259 0 0 0
42 51 0 149 0 0 0
42 52 0 78 0 0 0
42 53 0 34 0 0 0
42 54 0 12 0 0 0
42 55 0 3 0 0 0
42 56 0 0 0 0 0
42 66 0 0 874 -247 -6
42 68 0 0 892 -355 -7
42 70 0 0 820 -548 -18
42 71 0 0 750 -604 -23
42 72 0 0 678 -762 -27
42 73 0 0 468 -787 -9
42 74 0 0 381 -738 -11
42 75 0 0 248 -697 -9
42 76 0 0 215 -641 -9
42 77 0 0 145 -573 -6
42 78 0 0 152 -534 -10
42 79 0 0 104 -477 -10
42 80 0 0 122 -449 -14
42 81 0 0 81 -401 -9
42 82 0 0 103 -377 -17
42 83 0 0 67 -335 -6
42 84 0 0 89 -314 -16
42 85 0 0 56 -276 -5
42 86 0 0 79 -260 -15
42 87 0 0 49 -223 -3
42 88 0 0 72 -210 -13
42 89 0 0 46 -173 -3
42 90 0 0 66 -163 -12
42 91 0 0 46 -126 -3
42 92 0 0 62 -119 -9
42 93 0 0 48 -84 -5
42 94 0 0 56 -76 -7
42 95 0 0 50 -42 -3
42 96 0 0 56 -38 0
42 97 0 0 47 -4 -4
43 10 0 0 262 3 -4
43 11 0 0 227 6 0
43 12 0 0 254 -13 0
43 13 0 0 252 -21 0
43 15 0 0 236 -10 0
43 17 0 0 238 -12 0
43 19 0 0 236 -14 0
43 21 0 0 237 -14 0
43 23 0 0 238 -12 0
43 25 0 0 240 -8 0
43 27 0 0 244 -3 0
43 29 0 0 251 4 0
43 31 0 5 259 13 0
43 32 0 23 0 0 0
43 33 0 123 270 24 0
43 34 0 476 0 0 0
43 35 0 1470 285 37 0
43 36 0 3344 0 0 0
43 37 0 5807 303 50 0
43 38 0 10031 0 0 0
43 39 0 20218 325 64 0
43 40 0 41260 0 0 0
43 41 0 67726 352 78 0
43 42 0 76433 0 0 0
43 43 0 58880 384 88 0
43 44 0 34859 420 95 0
43 45 0 19071 0 0 0
43 46 0 10664 459 96 0
43 47 0 5701 0 0 0
43 48 0 2694 499 91 0
43 49 0 1231 0 0 0
43 50 0 651 539 81 0
43 51 0 375 0 0 0
43 52 0 200 578 66 0
43 53 0 91 0 0 0
43 54 0 36 616 48 0
43 55 0 12 0 0 0
43 56 0 4 0 0 0
43 57 0 1 654 24 0
43 58 0 0 0 0 0
43 59 0 0 694 -3 0
43 60 0 0 0 0 0
43 61 0 0 736 -40 0
43 62 0 0 0 0 0
43 63 0 0 780 -88 0
43 65 0 0 825 -151 0
43 70 0 0 919 -489 -26
43 71 0 0 884 -684 -28
43 72 0 0 904 -895 -37
43 73 0 0 511 -992 -39
43 74 0 0 278 -797 -15
43 75 0 0 187 -750 -17
43 76 0 0 159 -642 -10
43 77 0 0 103 -585 -5
43 78 0 0 102 -524 -7
43 79 0 0 68 -489 -5
43 80 0 0 84 -447 -12
43 81 0 0 50 -409 -5
43 82 0 0 70 -376 -13
43 83 0 0 36 -343 -2
43 84 0 0 61 -313 -14
43 85 0 0 31 -283 -2
43 86 0 0 54 -256 -14
43 87 0 0 25 -229 -1
43 88 0 0 49 -205 -13
43 89 0 0 22 -177 -1
43 90 0 0 45 -158 -11
43 91 0 0 20 -129 0
43 92 0 0 40 -114 -8
43 93 0 0 21 -86 -2
43 94 0 0 34 -72 -5
43 95 0 0 24 -42 -1
43 96 0 0 32 -31 -1
43 97 0 0 32 -5 8
44 10 0 0 278 4 -2
44 11 0 0 238 -3 1
44 12 0 0 256 7 -1
44 13 0 0 255 8 1
44 31 0 10 0 0 0
44 32 0 43 0 0 0
44 33 0 190 0 0 0
44 34 0 666 0 0 0
44 35 0 1921 0 0 0
44 36 0 4190 0 0 0
44 37 0 7131 0 0 0
44 38 0 12503 0 0 0
44 39 0 25715 0 0 0
44 40 0 51782 0 0 0
44 41 0 83352 0 0 0
44 42 0 94440 0 0 0
44 43 0 75725 0 0 0
44 44 0 49285 0 0 0
44 45 0 31023 0 0 0
44 46 0 19133 0 0 0
44 47 0 10506 0 0 0
44 48 0 5037 0 0 0
44 49 0 2395 0 0 0
44 50 0 1311 0 0 0
44 51 0 763 0 0 0
44 52 0 409 0 0 0
44 53 0 189 0 0 0
44 54 0 76 0 0 0
44 55 0 27 0 0 0
44 56 0 9 0 0 0
44 57 0 3 0 0 0
44 58 0 1 0 0 0
44 59 0 0 0 0 0
44 60 0 0 0 0 0
44 61 0 0 0 0 0
44 62 0 0 0 0 0
44 63 0 0 0 0 0
44 66 0 0 999 -183 -5
44 68 0 0 1092 -275 -7
44 70 0 0 1197 -553 7
44 71 0 0 1098 -851 -24
44 72 0 0 1338 -1351 -66
44 73 0 0 326 -1413 7
44 74 0 0 88 -1024 -4
44 75 0 0 58 -938 4
44 76 0 0 28 -728 0
44 77 0 0 13 -698 2
44 78 0 0 9 -570 0
44 79 0 0 -6 -554 0
44 80 0 0 14 -454 2
44 81 0 0 -13 -442 0
44 82 0 0 13 -371 2
44 83 0 0 -12 -352 -1
44 84 0 0 11 -308 2
44 85 0 0 -7 -282 -1
44 86 0 0 9 -250 3
44 87 0 0 -2 -224 -1
44 88 0 0 7 -198 3
44 89 0 0 2 -173 -1
44 90 0 0 6 -150 3
44 91 0 0 -8 -133 6
44 92 0 0 4 -108 2
44 93 0 0 7 -85 -4
44 94 0 0 7 -62 1
44 95 0 0 7 -45 -2
44 96 0 0 5 -23 0
44 97 0 0 13 -1 0
45 10 0 0 267 3 -5
45 11 0 0 232 6 0
45 12 0 0 258 -13 0
45 13 0 0 257 -22 0
45 15 0 0 239 -12 0
45 17 0 0 240 -14 0
45 19 0 0 237 -15 0
45 21 0 0 235 -14 0
45 23 0 0 234 -11 0
45 25 0 0 235 -6 0
45 27 0 0 237 0 0
45 29 0 0 241 10 0
45 31 0 14 248 21 0
45 32 0 61 0 0 0
45 33 0 233 258 35 0
45 34 0 730 0 0 0
45 35 0 1907 271 52 0
45 36 0 3908 0 0 0
45 37 0 6460 288 70 0
45 38 0 11261 0 0 0
45 39 0 23313 311 89 0
45 40 0 47655 0 0 0
45 41 0 79668 340 108 0
45 42 0 97255 376 124 0
45 43 0 86240 0 0 0
45 44 0 62156 416 135 0
45 45 0 42150 0 0 0
45 46 0 27003 463 140 0
45 47 0 15210 0 0 0
45 48 0 7623 509 135 0
45 49 0 3869 0 0 0
45 50 0 2211 553 124 0
45 51 0 1305 0 0 0
45 52 0 710 595 108 0
45 53 0 338 0 0 0
45 54 0 145 638 89 0
45 55 0 58 0 0 0
45 56 0 25 681 66 0
45 57 0 12 0 0 0
45 58 0 8 0 0 0
45 59 0 5 727 39 0
45 60 0 3 0 0 0
45 61 0 1 779 6 0
45 62 0 1 0 0 0
45 63 0 0 839 -37 0
45 64 0 0 0 0 0
45 65 0 0 908 -96 -1
45 66 0 0 0 0 0
45 70 0 0 1398 -380 5
45 71 0 0 1657 -366 -54
45 72 0 0 -532 145 152
46 10 0 0 285 4 -2
46 11 0 0 244 -3 1
46 12 0 0 260 6 -1
46 13 0 0 260 7 1
46 31 0 15 0 0 0
46 32 0 65 0 0 0
46 33 0 227 0 0 0
46 34 0 643 0 0 0
46 35 0 1505 0 0 0
46 36 0 2881 0 0 0
46 37 0 4760 0 0 0
46 38 0 8624 0 0 0
46 39 0 18340 0 0 0
46 40 0 38910 0 0 0
46 41 0 69851 0 0 0
46 42 0 93936 0 0 0
46 43 0 90971 0 0 0
46 44 0 68806 0 0 0
46 45 0 47304 0 0 0
46 46 0 31129 0 0 0
46 47 0 18642 0 0 0
46 48 0 10163 0 0 0
46 49 0 5572 0 0 0
46 50 0 3315 0 0 0
46 51 0 1995 0 0 0
46 52 0 1109 0 0 0
46 53 0 552 0 0 0
46 54 0 254 0 0 0
46 55 0 115 0 0 0
46 56 0 57 0 0 0
46 57 0 32 0 0 0
46 58 0 21 0 0 0
46 59 0 14 0 0 0
46 60 0 8 0 0 0
46 61 0 5 0 0 0
46 62 0 2 0 0 0
46 63 0 1 0 0 0
46 64 0 0 0 0 0
46 65 0 0 0 0 0
46 66 0 0 1070 -13 0
46 68 0 0 1210 -71 2
46 70 0 0 1344 -117 -5
46 71 0 0 1618 6 -44
46 72 0 0 117 333 -32
47 10 0 0 274 4 -5
47 11 0 0 238 6 0
47 12 0 0 263 -13 0
47 13 0 0 264 -23 1
47 15 0 0 243 -16 0
47 17 0 0 242 -17 0
47 19 0 0 236 -19 0
47 21 0 0 232 -16 0
47 23 0 0 229 -12 0
47 25 0 0 228 -5 0
47 27 0 0 227 3 0
47 29 0 0 230 14 0
47 31 0 12 233 29 0
47 32 0 52 0 0 0
47 33 0 178 239 47 0
47 34 0 479 0 0 0
47 35 0 1060 249 67 0
47 36 0 2005 0 0 0
47 37 0 3563 264 91 0
47 38 0 7055 0 0 0
47 39 0 15635 287 116 0
47 40 0 34497 0 0 0
47 41 0 64932 316 142 0
47 42 0 91286 356 165 0
47 43 0 91535 0 0 0
47 44 0 70190 403 183 0
47 45 0 48090 0 0 0
47 46 0 32538 458 189 0
47 47 0 21087 0 0 0
47 48 0 12698 513 182 -1
47 49 0 7557 0 0 0
47 50 0 4716 565 168 0
47 51 0 2934 0 0 0
47 52 0 1693 611 152 0
47 53 0 892 0 0 0
47 54 0 444 657 135 0
47 55 0 222 0 0 0
47 56 0 121 703 115 0
47 57 0 73 0 0 0
47 58 0 49 0 0 0
47 59 0 33 753 94 0
47 60 0 21 0 0 0
47 61 0 12 810 70 0
47 62 0 6 0 0 0
47 63 0 3 880 46 0
47 64 0 1 0 0 0
47 65 0 0 962 9 0
47 66 0 0 0 0 0
47 70 0 0 1311 -42 -10
47 71 0 0 1434 17 -19
47 72 0 0 1017 118 1
48 10 0 0 293 5 -2
48 11 0 0 252 -3 1
48 12 0 0 266 4 -1
48 13 0 0 267 3 1
48 31 0 7 0 0 0
48 32 0 32 0 0 0
48 33 0 113 0 0 0
48 34 0 316 0 0 0
48 35 0 740 0 0 0
48 36 0 1558 0 0 0
48 37 0 3176 0 0 0
48 38 0 6724 0 0 0
48 39 0 14823 0 0 0
48 40 0 32252 0 0 0
48 41 0 60162 0 0 0
48 42 0 84487 0 0 0
48 43 0 86211 0 0 0
48 44 0 68345 0 0 0
48 45 0 48531 0 0 0
48 46 0 34557 0 0 0
48 47 0 24301 0 0 0
48 48 0 16073 0 0 0
48 49 0 10427 0 0 0
48 50 0 6977 0 0 0
48 51 0 4583 0 0 0
48 52 0 2771 0 0 0
48 53 0 1541 0 0 0
48 54 0 816 0 0 0
48 55 0 436 0 0 0
48 56 0 252 0 0 0
48 57 0 156 0 0 0
48 58 0 104 0 0 0
48 59 0 70 0 0 0
48 60 0 44 0 0 0
48 61 0 26 0 0 0
48 62 0 14 0 0 0
48 63 0 7 0 0 0
48 64 0 2 0 0 0
48 65 0 1 0 0 0
48 66 0 0 1088 77 0
48 68 0 0 1184 62 -5
48 70 0 0 1290 19 -7
48 71 0 0 1344 40 -12
48 72 0 0 1351 49 30
49 10 0 0 289 3 -4
49 11 0 0 246 5 0
49 12 0 0 270 -16 0
49 13 0 0 272 -27 2
49 15 0 0 248 -22 0
49 17 0 0 244 -23 0
49 19 0 0 235 -24 0
49 21 0 0 229 -21 0
49 23 0 0 223 -16 0
49 25 0 0 219 -8 0
49 27 0 0 216 1 0
49 29 0 0 216 15 0
49 31 0 3 216 31 0
49 32 0 15 0 0 0
49 33 0 63 221 53 0
49 34 0 204 0 0 0
49 35 0 561 229 77 0
49 36 0 1402 0 0 0
49 37 0 3206 241 107 0
49 38 0 6859 0 0 0
49 39 0 14181 262 141 1
49 40 0 28372 0 0 0
49 41 0 49899 293 176 1
49 42 0 69082 339 209 1
49 43 0 73181 0 0 0
49 44 0 62825 395 235 1
49 45 0 48945 0 0 0
49 46 0 38026 468 249 0
49 47 0 29105 0 0 0
49 48 0 20932 533 242 2
49 49 0 14791 0 0 0
49 50 0 10677 586 223 0
49 51 0 7407 0 0 0
49 52 0 4658 631 201 0
49 53 0 2679 0 0 0
49 54 0 1472 676 183 0
49 55 0 815 0 0 0
49 56 0 484 721 166 0
49 57 0 306 0 0 0
49 58 0 204 773 150 0
49 59 0 138 0 0 0
49 60 0 87 0 0 0
49 61 0 52 829 134 0
49 62 0 29 0 0 0
49 63 0 14 901 117 0
49 64 0 6 0 0 0
49 65 0 2 979 101 0
49 66 0 0 0 0 0
49 67 0 0 0 0 0
49 70 0 0 1313 67 -6
49 71 0 0 1347 38 -7
49 72 0 0 1378 45 27
50 10 0 0 296 5 -5
50 11 0 0 277 5 9
50 12 0 0 274 -2 0
50 13 0 0 278 -3 0
50 28 0 0 199 14 0
50 30 0 0 194 34 0
50 31 0 1 0 0 0
50 32 0 5 191 59 -3
50 33 0 37 0 0 0
50 34 0 149 193 86 -1
50 35 0 483 0 0 0
50 36 0 1351 0 0 0
50 37 0 3218 198 124 -2
50 38 0 6702 0 0 0
50 39 0 12830 215 169 -3
50 40 0 23276 245 219 -4
50 41 0 38321 0 0 0
50 42 0 52862 294 268 -5
50 43 0 59402 0 0 0
50 44 0 56238 358 312 -6
50 45 0 48355 0 0 0
50 46 0 40488 0 0 0
50 47 0 33022 450 325 -3
50 48 0 25694 0 0 0
50 49 0 19908 534 297 -7
50 50 0 15468 0 0 0
50 51 0 11254 604 264 -2
50 52 0 7344 0 0 0
50 53 0 4382 649 242 -1
50 54 0 2502 0 0 0
50 55 0 1435 0 0 0
50 56 0 868 0 0 0
50 57 0 549 0 0 0
50 58 0 364 0 0 0
50 59 0 245 0 0 0
50 60 0 156 0 0 0
50 61 0 94 0 0 0
50 62 0 52 0 0 0
50 63 0 26 0 0 0
50 64 0 11 0 0 0
50 65 0 4 0 0 0
50 66 0 1 0 0 0
50 67 0 0 0 0 0
50 68 0 0 0 0 0
50 69 0 0 0 0 0
50 70 0 0 1336 106 -9
50 71 0 0 1353 67 -11
50 72 0 0 1420 2 -16
51 10 0 0 302 3 -5
51 11 0 0 285 -8 -6
51 12 0 0 279 -24 0
51 13 0 0 278 -35 0
51 15 0 0 254 -33 0
51 17 0 0 244 -32 0
51 18 0 0 233 -33 0
51 21 0 0 224 -28 0
51 23 0 0 216 -22 0
51 25 0 0 209 -12 0
51 27 0 0 203 0 0
51 31 0 0 0 0 0
51 32 0 1 0 0 0
51 33 0 28 0 0 0
51 34 0 127 0 0 0
51 35 0 436 0 0 0
51 36 0 1249 0 0 0
51 37 0 2947 0 0 0
51 38 0 5918 0 0 0
51 39 0 10707 0 0 0
51 40 0 18222 0 0 0
51 41 0 28943 0 0 0
51 42 0 40479 0 0 0
51 43 0 48209 0 0 0
51 44 0 49395 0 0 0
51 45 0 45436 0 0 0
51 46 0 39503 0 0 0
51 47 0 33476 0 0 0
51 48 0 28166 0 0 0
51 49 0 23951 0 0 0
51 50 0 19871 0 0 0
51 51 0 15138 0 0 0
51 52 0 10369 0 0 0
51 53 0 6553 0 0 0
51 54 0 3971 692 225 0
51 55 0 2389 0 0 0
51 56 0 1475 734 213 0
51 57 0 934 0 0 0
51 58 0 611 783 206 0
51 59 0 404 0 0 0
51 60 0 255 839 204 0
51 61 0 154 0 0 0
51 62 0 85 0 0 0
51 63 0 43 911 201 0
51 64 0 19 0 0 0
51 65 0 7 993 199 1
51 66 0 2 1105 192 -2
51 67 0 0 0 0 0
51 68 0 0 1213 187 -1
51 69 0 0 0 0 0
51 70 0 0 1329 174 -7
51 71 0 0 1372 92 -4
51 72 0 0 1529 8 19
52 10 0 0 327 -10 -1
52 11 0 0 291 -8 0
52 12 0 0 289 -17 0
52 13 0 0 288 -20 -3
52 15 0 0 262 -49 -1
52 17 0 0 245 -46 -1
52 27 0 0 189 -8 0
52 28 0 0 182 6 0
52 30 0 0 172 23 -2
52 31 0 0 0 0 0
52 32 0 0 176 50 -2
52 33 0 23 0 0 0
52 34 0 106 167 86 -4
52 35 0 363 0 0 0
52 36 0 1023 0 0 0
52 37 0 2361 163 132 -4
52 38 0 4609 175 188 -3
52 39 0 8096 0 0 0
52 40 0 13392 205 251 -5
52 41 0 21021 0 0 0
52 42 0 29923 260 319 -7
52 43 0 37304 0 0 0
52 44 0 40552 349 388 -13
52 45 0 39212 0 0 0
52 46 0 35167 0 0 0
52 47 0 31027 494 416 -18
52 48 0 28077 0 0 0
52 49 0 25688 612 381 -3
52 50 0 22455 0 0 0
52 51 0 17996 650 334 -3
52 52 0 13169 0 0 0
52 53 0 8995 674 289 1
52 54 0 5865 709 267 0
52 55 0 3717 0 0 0
52 56 0 2344 0 0 0
52 57 0 1484 0 0 0
52 58 0 956 0 0 0
52 59 0 619 0 0 0
52 60 0 388 0 0 0
52 61 0 232 0 0 0
52 62 0 129 0 0 0
52 63 0 66 0 0 0
52 64 0 30 0 0 0
52 65 0 12 0 0 0
52 66 0 4 0 0 0
52 67 0 1 0 0 0
52 68 0 0 0 0 0
52 69 0 0 0 0 0
52 70 0 0 1386 231 0
52 71 0 0 1445 162 -11
52 72 0 0 1672 26 7
53 10 0 0 342 0 -2
53 11 0 0 293 -2 0
53 12 0 0 289 -46 -3
53 13 0 0 281 -53 0
53 18 0 0 230 -45 0
53 21 0 0 218 -38 0
53 23 0 0 207 -31 0
53 25 0 0 198 -20 0
53 33 0 17 0 0 0
53 34 0 77 0 0 0
53 35 0 259 0 0 0
53 36 0 713 0 0 0
53 37 0 1620 0 0 0
53 38 0 3121 0 0 0
53 39 0 5452 0 0 0
53 40 0 8988 0 0 0
53 41 0 14117 0 0 0
53 42 0 20393 0 0 0
53 43 0 26288 0 0 0
53 44 0 29918 0 0 0
53 45 0 30367 0 0 0
53 46 0 28686 0 0 0
53 47 0 27013 0 0 0
53 48 0 26223 0 0 0
53 49 0 25350 0 0 0
53 50 0 23252 0 0 0
53 51 0 19839 0 0 0
53 52 0 15752 0 0 0
53 53 0 11715 0 0 0
53 54 0 8191 0 0 0
53 55 0 5437 0 0 0
53 56 0 3498 742 257 0
53 57 0 2220 0 0 0
53 58 0 1415 785 256 0
53 59 0 900 0 0 0
53 60 0 560 836 265 0
53 61 0 335 0 0 0
53 62 0 189 0 0 0
53 63 0 100 906 275 0
53 64 0 50 0 0 0
53 65 0 24 989 300 2
53 66 0 11 1110 304 -2
53 67 0 5 0 0 0
53 68 0 2 1243 346 -11
53 69 0 1 0 0 0
53 70 0 0 1435 384 -3
53 71 0 0 1562 296 -7
53 72 0 0 1829 21 0
54 10 0 0 382 -6 0
54 11 0 0 349 -26 1
54 12 0 0 314 -45 -1
54 13 0 0 298 -47 0
54 15 0 0 265 -75 0
54 17 0 0 242 -66 0
54 27 0 0 175 -16 0
54 28 0 0 166 -3 -1
54 30 0 0 151 18 -1
54 32 0 0 135 10 -11
54 33 0 10 131 45 -9
54 34 0 47 116 48 -8
54 35 0 155 121 92 -8
54 36 0 419 99 110 -6
54 37 0 947 118 170 -6
54 38 0 1827 96 182 -9
54 39 0 3244 120 238 -6
54 40 0 5451 108 257 -10
54 41 0 8677 151 322 -5
54 42 0 12704 144 350 -12
54 43 0 16722 206 416 -7
54 44 0 19687 219 450 -12
54 45 0 21095 324 512 -12
54 46 0 21628 366 537 -7
54 47 0 22468 535 554 -18
54 48 0 23631 577 466 -19
54 49 0 24177 628 444 -6
54 50 0 23477 0 0 0
54 51 0 21544 698 355 -5
54 52 0 18552 0 0 0
54 53 0 14829 710 306 -2
54 54 0 10941 723 292 0
54 55 0 7528 0 0 0
54 56 0 4937 0 0 0
54 57 0 3156 0 0 0
54 58 0 2002 0 0 0
54 59 0 1258 0 0 0
54 60 0 777 818 323 0
54 61 0 464 0 0 0
54 62 0 267 0 0 0
54 63 0 146 876 355 -1
54 64 0 78 0 0 0
54 65 0 42 0 0 0
54 66 0 23 0 0 0
54 67 0 12 0 0 0
54 68 0 7 0 0 0
54 69 0 4 0 0 0
54 70 0 2 1469 476 -8
54 71 0 0 1738 543 -12
54 72 0 0 2333 122 38
55 10 0 0 460 -18 0
55 11 0 0 375 -38 2
55 12 0 0 326 -100 -6
55 13 0 0 304 -99 -7
55 18 0 0 225 -60 0
55 21 0 0 210 -51 0
55 23 0 0 197 -42 0
55 25 0 0 186 -30 0
55 32 0 0 138 26 -6
55 33 0 5 127 45 -8
55 34 0 24 110 56 -6
55 35 0 77 94 81 -6
55 36 0 207 62 107 -5
55 37 0 473 74 151 -4
55 38 0 932 55 175 -4
55 39 0 1720 83 225 -6
55 40 0 3003 64 265 -7
55 41 0 4896 100 310 -7
55 42 0 7258 94 364 -9
55 43 0 9657 141 422 -10
55 44 0 11663 154 505 -16
55 45 0 13389 244 551 -19
55 46 0 15464 388 686 -28
55 47 0 18393 606 637 -24
55 48 0 21268 670 498 -27
55 49 0 23316 664 389 -12
55 50 0 24211 0 0 0
55 51 0 23834 0 0 0
55 52 0 21885 0 0 0
55 53 0 18404 0 0 0
55 54 0 14109 0 0 0
55 55 0 9995 0 0 0
55 56 0 6693 744 288 0
55 57 0 4329 0 0 0
55 58 0 2746 775 299 0
55 59 0 1709 0 0 0
55 60 0 1049 0 0 0
55 61 0 626 0 0 0
55 62 0 366 0 0 0
55 63 0 210 0 0 0
55 64 0 123 0 0 0
55 65 0 74 954 413 1
55 66 0 45 1059 470 -1
55 67 0 28 0 0 0
55 68 0 17 1191 589 -17
55 69 0 10 0 0 0
55 70 0 5 1382 737 -30
55 71 0 2 1547 1043 -62
55 72 0 1 2183 1570 -34
55 73 0 0 411 1007 124
55 74 0 0 -479 752 -81
55 75 0 0 -227 1098 -27
55 76 0 0 -27 1161 0
55 77 0 0 26 1143 -22
55 78 0 0 -7 1164 0
55 79 0 0 39 1055 5
55 80 0 0 29 1089 -1
55 81 0 0 45 1025 -16
55 82 0 0 -7 1080 3
55 83 0 0 32 1022 -1
55 84 0 0 -7 1055 9
55 85 0 0 41 910 27
55 86 0 0 27 926 44
55 87 0 0 47 973 2
55 88 0 0 -3 998 -2
55 89 0 0 30 931 -1
55 90 0 0 8 929 11
55 91 0 0 26 878 -15
55 92 0 0 -11 959 3
55 93 0 0 18 904 1
55 94 0 0 0 846 2
55 95 0 0 12 839 15
55 96 0 0 -5 890 11
55 97 0 0 29 930 -2
56 2 0 0 1 -8 0
56 3 0 0 0 -27 0
56 4 0 0 11 -74 -1
56 5 0 0 5 -85 -2
56 6 0 0 15 -138 4
56 7 0 0 2 -160 2
56 8 0 0 19 -240 12
56 9 0 0 -10 -254 -8
56 10 0 0 570 -463 -42
56 11 0 0 391 -240 -12
56 12 0 0 314 -130 -4
56 13 0 0 286 -99 -6
56 28 0 0 150 -16 0
56 30 0 0 138 2 -1
56 32 0 0 132 0 1
56 33 0 1 126 14 -3
56 34 0 10 86 15 -2
56 35 0 32 42 16 0
56 36 0 89 11 126 -8
56 37 0 210 -24 134 -8
56 38 0 433 37 189 1
56 39 0 845 38 222 9
56 40 0 1540 15 286 2
56 41 0 2563 12 295 -1
56 42 0 3820 22 411 0
56 43 0 5094 23 424 -2
56 44 0 6311 46 609 -2
56 45 0 7832 64 668 -1
56 46 0 10745 131 898 17
56 47 0 15229 925 1006 0
56 48 0 19422 819 517 -8
56 49 0 23003 794 410 8
56 50 0 25569 0 0 0
56 51 0 26665 793 333 2
56 52 0 25613 741 297 3
56 53 0 22309 0 0 0
56 54 0 17625 732 298 0
56 55 0 12830 0 0 0
56 56 0 8790 735 307 0
56 57 0 5770 0 0 0
56 58 0 3674 753 329 0
56 59 0 2276 0 0 0
56 60 0 1392 782 363 0
56 61 0 837 0 0 0
56 62 0 506 822 408 0
56 63 0 311 0 0 0
56 64 0 200 0 0 0
56 65 0 134 876 480 2
56 66 0 90 0 0 0
56 67 0 60 0 0 0
56 68 0 37 0 0 0
56 69 0 22 0 0 0
56 70 0 11 1151 820 -28
56 71 0 5 1185 1066 -74
56 72 0 2 1329 1409 -56
56 73 0 0 592 1892 -106
56 74 0 0 130 1685 -99
56 75 0 0 21 1360 -62
56 76 0 0 17 1221 -31
56 77 0 0 56 1202 -8
56 78 0 0 69 1143 -9
56 79 0 0 64 1118 -2
56 80 0 0 68 1061 4
56 81 0 0 40 1049 3
56 82 0 0 53 1025 7
56 83 0 0 35 1016 4
56 84 0 0 50 995 11
56 85 0 0 30 982 7
56 86 0 0 47 963 12
56 87 0 0 21 951 4
56 88 0 0 39 940 11
56 89 0 0 19 932 6
56 90 0 0 37 922 12
56 91 0 0 11 906 5
56 92 0 0 30 894 12
56 93 0 0 10 877 10
56 94 0 0 21 873 13
56 95 0 0 -6 827 2
56 96 0 0 -20 873 -14
56 97 0 0 1 853 6
57 2 0 0 14 -3 0
57 3 0 0 15 -21 1
57 4 0 0 14 -56 -2
57 5 0 0 41 -92 0
57 6 0 0 30 -108 -2
57 7 0 0 53 -150 8
57 8 0 0 43 -191 -2
57 9 0 0 26 -215 2
57 10 0 0 274 -335 -3
57 11 0 0 244 -214 -13
57 12 0 0 269 -162 -6
57 13 0 0 284 -134 -7
57 15 0 0 247 -103 -3
57 17 0 0 231 -88 0
57 19 0 0 214 -78 0
57 21 0 0 199 -66 0
57 23 0 0 186 -54 0
57 25 0 0 173 -41 0
57 27 0 0 161 -26 0
57 32 0 0 134 15 0
57 33 0 0 124 15 0
57 34 0 4 106 7 -1
57 35 0 0 2 41 -6
57 36 0 0 -19 74 -15
57 37 0 0 0 127 -52
57 38 0 0 8 146 45
57 39 0 0 27 197 12
57 40 0 0 -16 289 0
57 41 0 0 -3 330 12
57 42 0 0 -10 422 0
57 43 0 0 -4 485 7
57 44 0 0 13 609 -5
57 45 0 0 10 782 2
57 46 0 0 56 1063 -10
57 47 0 0 396 -246 13
57 48 0 17630 1060 514 -9
57 49 0 22709 890 342 3
57 50 0 26870 0 0 0
57 51 0 29330 0 0 0
57 52 0 29123 0 0 0
57 53 0 26079 0 0 0
57 54 0 21161 0 0 0
57 55 0 15809 0 0 0
57 56 0 11076 0 0 0
57 57 0 7376 0 0 0
57 58 0 4720 0 0 0
57 59 0 2918 0 0 0
57 60 0 1785 0 0 0
57 61 0 1088 0 0 0
57 62 0 684 0 0 0
57 63 0 454 0 0 0
57 64 0 317 0 0 0
57 65 0 232 0 0 0
57 66 0 165 939 564 -4
57 67 0 114 0 0 0
57 68 0 72 1004 730 -18
57 69 0 43 0 0 0
57 70 0 22 1038 859 -16
57 71 0 10 958 985 -42
57 72 0 4 939 1303 -11
57 73 0 1 554 1568 -53
57 74 0 0 248 1473 -23
57 75 0 0 192 1328 -20
57 76 0 0 115 1206 -2
57 77 0 0 76 1174 0
57 78 0 0 69 1127 6
57 79 0 0 66 1098 7
57 80 0 0 63 1052 21
57 81 0 0 39 1035 1
57 82 0 0 35 1016 12
57 83 0 0 24 1007 2
57 84 0 0 26 988 15
57 85 0 0 16 974 3
57 86 0 0 21 961 16
57 87 0 0 8 949 2
57 88 0 0 14 941 14
57 89 0 0 3 925 2
57 90 0 0 12 922 14
57 91 0 0 1 906 3
57 92 0 0 13 905 14
57 93 0 0 6 876 8
57 94 0 0 21 886 11
57 95 0 0 28 855 2
57 96 0 0 10 880 -27
57 97 0 0 16 862 -1
58 2 0 0 59 -19 -1
58 3 0 0 52 -34 0
58 4 0 0 51 -50 0
58 5 0 0 51 -68 -1
58 8 0 0 83 -148 10
58 9 0 0 135 -201 10
58 10 0 0 177 -213 1
58 11 0 0 226 -179 4
58 12 0 0 232 -150 -2
58 13 0 0 248 -106 -4
58 30 0 0 124 -12 0
58 32 0 0 121 -9 0
58 33 0 0 114 -5 0
58 34 0 0 101 7 -2
58 47 0 0 267 -197 -3
58 48 0 15931 1064 185 0
58 49 0 21960 952 134 0
58 50 0 27390 0 0 0
58 51 0 30949 781 267 8
58 52 0 31515 738 240 5
58 53 0 28873 0 0 0
58 54 0 23987 713 284 0
58 55 0 18344 0 0 0
58 56 0 13114 712 306 0
58 57 0 8855 0 0 0
58 58 0 5709 719 345 0
58 59 0 3548 0 0 0
58 60 0 2194 737 389 0
58 61 0 1378 0 0 0
58 62 0 915 761 445 0
58 63 0 656 0 0 0
58 64 0 492 793 521 0
58 65 0 378 0 0 0
58 66 0 278 0 0 0
58 67 0 195 0 0 0
58 68 0 125 0 0 0
58 69 0 74 0 0 0
58 70 0 39 0 0 0
58 71 0 18 0 0 0
58 72 0 8 0 0 0
58 73 0 4 0 0 0
58 74 0 2 0 0 0
58 75 0 2 0 0 0
58 76 0 2 0 0 0
58 77 0 2 219 1057 -8
58 78 0 2 0 0 0
58 79 0 1 148 1015 -14
58 80 0 1 0 0 0
58 81 0 1 112 972 -9
58 82 0 0 0 0 0
58 83 0 0 88 938 -4
58 84 0 0 0 0 0
58 85 0 0 69 906 0
58 86 0 0 0 0 0
58 87 0 0 52 883 1
58 88 0 0 0 0 0
58 89 0 0 41 864 1
58 91 0 0 27 852 6
58 93 0 0 28 837 7
58 95 0 0 18 838 -7
58 96 0 0 -9 838 -22
58 97 0 0 7 795 14
59 2 0 0 67 -18 -5
59 3 0 0 85 -45 -1
59 4 0 0 68 -50 1
59 5 0 0 85 -81 1
59 7 0 0 91 -121 2
59 8 0 0 103 -125 12
59 9 0 0 135 -173 13
59 10 0 0 159 -170 8
59 11 0 0 195 -185 14
59 12 0 0 190 -146 9
59 13 0 0 221 -140 2
59 15 0 0 228 -117 0
59 17 0 0 218 -100 0
59 19 0 0 202 -92 0
59 21 0 0 187 -80 0
59 23 0 0 173 -68 0
59 25 0 0 159 -54 0
59 27 0 0 148 -40 0
59 29 0 0 136 -25 0
59 32 0 0 122 5 -1
59 33 0 0 117 5 -2
59 34 0 0 102 -2 3
59 47 0 0 853 -14 4
59 48 0 14431 865 72 4
59 49 0 20938 867 127 6
59 50 0 26877 0 0 0
59 51 0 30903 0 0 0
59 52 0 31907 0 0 0
59 53 0 29694 0 0 0
59 54 0 25128 0 0 0
59 55 0 19596 0 0 0
59 56 0 14263 0 0 0
59 57 0 9776 0 0 0
59 58 0 6387 0 0 0
59 59 0 4040 0 0 0
59 60 0 2576 0 0 0
59 61 0 1710 0 0 0
59 62 0 1227 0 0 0
59 63 0 951 0 0 0
59 64 0 757 0 0 0
59 65 0 599 0 0 0
59 66 0 449 818 615 -2
59 67 0 318 0 0 0
59 68 0 207 846 755 -9
59 69 0 125 0 0 0
59 70 0 70 820 918 -13
59 71 0 38 0 0 0
59 72 0 21 652 1179 -21
59 73 0 14 0 0 0
59 74 0 10 0 0 0
59 75 0 9 377 1201 4
59 76 0 8 0 0 0
59 77 0 7 0 0 0
59 78 0 6 0 0 0
59 79 0 5 0 0 0
59 80 0 4 0 0 0
59 81 0 3 0 0 0
59 82 0 2 0 0 0
59 83 0 1 0 0 0
59 84 0 0 0 0 0
59 85 0 0 0 0 0
59 86 0 0 0 0 0
59 87 0 0 0 0 0
59 88 0 0 0 0 0
59 89 0 0 0 0 0
59 96 0 0 12 830 -26
59 97 0 0 14 813 0
60 2 0 0 99 -6 2
60 3 0 0 96 -14 0
60 5 0 0 118 -56 -2
60 32 0 0 116 -15 1
60 33 0 0 114 -14 1
60 34 0 0 84 -4 -4
60 47 0 0 812 -12 20
60 48 0 13606 779 49 10
60 49 0 19968 803 110 0
60 50 0 25631 0 0 0
60 51 0 29289 0 0 0
60 52 0 30152 0 0 0
60 53 0 28189 0 0 0
60 54 0 24135 0 0 0
60 55 0 19126 0 0 0
60 56 0 14170 672 307 0
60 57 0 9894 0 0 0
60 58 0 6609 673 353 0
60 59 0 4323 0 0 0
60 60 0 2906 683 404 0
60 61 0 2088 0 0 0
60 62 0 1633 694 463 0
60 63 0 1354 0 0 0
60 64 0 1120 707 537 0
60 65 0 899 0 0 0
60 66 0 677 0 0 0
60 67 0 480 0 0 0
60 68 0 316 0 0 0
60 69 0 196 0 0 0
60 70 0 117 0 0 0
60 71 0 70 0 0 0
60 72 0 47 537 998 0
60 73 0 36 0 0 0
60 74 0 31 0 0 0
60 75 0 27 355 1041 8
60 76 0 24 0 0 0
60 77 0 21 263 1001 5
60 78 0 17 0 0 0
60 79 0 13 194 967 5
60 80 0 10 0 0 0
60 81 0 7 148 931 3
60 82 0 4 0 0 0
60 83 0 3 110 905 2
60 84 0 1 0 0 0
60 85 0 1 84 883 2
60 86 0 0 0 0 0
60 87 0 0 64 868 1
60 88 0 0 0 0 0
60 89 0 0 49 851 1
60 91 0 0 36 844 1
60 93 0 0 26 829 0
60 95 0 0 10 842 -29
60 96 0 0 -19 845 -38
60 97 0 0 -13 808 -5
61 2 0 0 102 -20 -6
61 3 0 0 122 -44 -4
61 7 0 0 127 -88 2
61 8 0 0 164 -120 2
61 10 0 0 197 -139 6
61 13 0 0 219 -135 -2
61 15 0 0 218 -130 0
61 17 0 0 206 -116 0
61 19 0 0 192 -109 0
61 21 0 0 175 -95 0
61 23 0 0 159 -82 0
61 25 0 0 145 -67 0
61 27 0 0 133 -50 0
61 29 0 0 121 -36 1
61 31 0 0 112 -21 -1
61 32 0 0 108 -3 0
61 33 0 0 105 -2 -1
61 34 0 0 98 -3 3
61 47 0 0 797 7 5
61 48 0 13144 739 40 7
61 49 0 19195 754 81 -2
61 50 0 24151 694 189 2
61 51 0 26900 0 0 0
61 52 0 27138 697 216 3
61 53 0 25157 0 0 0
61 54 0 21623 674 269 -1
61 55 0 17365 0 0 0
61 56 0 13122 0 0 0
61 57 0 9397 0 0 0
61 58 0 6493 0 0 0
61 59 0 4465 0 0 0
61 60 0 3224 0 0 0
61 61 0 2531 0 0 0
61 62 0 2142 0 0 0
61 63 0 1865 0 0 0
61 64 0 1579 0 0 0
61 65 0 1276 0 0 0
61 66 0 966 710 624 0
61 67 0 688 0 0 0
61 68 0 463 707 733 1
61 69 0 301 0 0 0
61 70 0 194 659 866 0
61 71 0 131 0 0 0
61 72 0 98 0 0 0
61 73 0 82 0 0 0
61 74 0 72 0 0 0
61 75 0 64 0 0 0
61 76 0 56 0 0 0
61 77 0 46 0 0 0
61 78 0 37 0 0 0
61 79 0 28 0 0 0
61 80 0 21 0 0 0
61 81 0 15 0 0 0
61 82 0 10 0 0 0
61 83 0 7 0 0 0
61 84 0 4 0 0 0
61 85 0 3 0 0 0
61 86 0 2 0 0 0
61 87 0 1 0 0 0
61 88 0 1 0 0 0
61 89 0 1 0 0 0
61 90 0 0 0 0 0
61 91 0 0 0 0 0
61 92 0 0 0 0 0
61 93 0 0 0 0 0
61 94 0 0 0 0 0
61 95 0 0 0 0 0
61 96 0 0 28 843 -35
61 97 0 0 18 808 0
62 2 0 0 140 0 5
62 3 0 0 137 -8 -1
62 32 0 0 105 -21 3
62 33 0 0 99 -19 2
62 34 0 0 102 -12 5
62 47 0 0 760 5 0
62 48 0 12544 693 56 9
62 49 0 18263 711 92 0
62 50 0 22589 0 0 0
62 51 0 24505 0 0 0
62 52 0 24076 0 0 0
62 53 0 21945 0 0 0
62 54 0 18818 0 0 0
62 55 0 15292 0 0 0
62 56 0 11829 0 0 0
62 57 0 8759 0 0 0
62 58 0 6335 623 356 0
62 59 0 4640 0 0 0
62 60 0 3621 626 410 0
62 61 0 3075 0 0 0
62 62 0 2756 629 470 0
62 63 0 2471 0 0 0
62 64 0 2119 631 539 0
62 65 0 1719 0 0 0
62 66 0 1309 623 617 0
62 67 0 945 0 0 0
62 68 0 656 605 706 0
62 69 0 449 0 0 0
62 70 0 314 560 801 -1
62 71 0 235 0 0 0
62 72 0 193 0 0 0
62 73 0 170 478 889 -3
62 74 0 154 0 0 0
62 75 0 136 365 923 0
62 76 0 118 0 0 0
62 77 0 98 280 914 -2
62 78 0 79 0 0 0
62 79 0 60 214 908 -2
62 80 0 45 0 0 0
62 81 0 33 166 892 -2
62 82 0 24 0 0 0
62 83 0 17 130 879 -2
62 84 0 13 0 0 0
62 85 0 10 102 863 -1
62 86 0 8 0 0 0
62 87 0 7 80 852 0
62 88 0 7 0 0 0
62 89 0 6 63 840 0
62 90 0 5 0 0 0
62 91 0 5 47 833 2
62 92 0 4 0 0 0
62 93 0 4 34 820 0
62 94 0 3 0 0 0
62 95 0 3 23 824 -23
62 96 0 2 -9 818 -32
62 97 0 0 -4 793 0
63 2 0 0 138 -16 -7
63 3 0 0 158 -43 -4
63 5 0 0 143 -48 0
63 7 0 0 156 -76 0
63 8 0 0 172 -104 3
63 10 0 0 192 -117 2
63 13 0 0 206 -122 3
63 15 0 0 210 -123 0
63 17 0 0 201 -126 0
63 19 0 0 182 -124 0
63 21 0 0 161 -112 0
63 23 0 0 144 -98 0
63 25 0 0 128 -81 0
63 27 0 0 117 -64 0
63 29 0 0 104 -46 0
63 31 0 0 100 -31 0
63 32 0 0 91 -13 2
63 33 0 0 91 -5 0
63 34 0 0 86 -7 3
63 47 0 0 704 4 6
63 48 0 11506 667 46 6
63 49 0 16885 671 74 3
63 50 0 20907 648 156 2
63 51 0 22482 0 0 0
63 52 0 21744 642 196 1
63 53 0 19550 0 0 0
63 54 0 16714 628 258 -1
63 55 0 13741 0 0 0
63 56 0 10906 624 304 0
63 57 0 8390 0 0 0
63 58 0 6384 0 0 0
63 59 0 4985 0 0 0
63 60 0 4162 0 0 0
63 61 0 3738 0 0 0
63 62 0 3464 0 0 0
63 63 0 3154 0 0 0
63 64 0 2727 0 0 0
63 65 0 2228 0 0 0
63 66 0 1720 0 0 0
63 67 0 1273 0 0 0
63 68 0 921 0 0 0
63 69 0 672 0 0 0
63 70 0 509 0 0 0
63 71 0 413 0 0 0
63 72 0 360 0 0 0
63 73 0 327 0 0 0
63 74 0 297 0 0 0
63 75 0 264 0 0 0
63 76 0 226 0 0 0
63 77 0 185 0 0 0
63 78 0 146 0 0 0
63 79 0 111 0 0 0
63 80 0 83 0 0 0
63 81 0 61 0 0 0
63 82 0 45 0 0 0
63 83 0 34 0 0 0
63 84 0 26 0 0 0
63 85 0 22 0 0 0
63 86 0 18 0 0 0
63 87 0 16 0 0 0
63 88 0 15 0 0 0
63 89 0 14 0 0 0
63 90 0 13 0 0 0
63 91 0 11 0 0 0
63 92 0 10 0 0 0
63 93 0 9 0 0 0
63 94 0 8 0 0 0
63 95 0 6 0 0 0
63 96 0 5 32 820 -32
63 97 0 0 20 785 -1
64 2 0 0 174 5 6
64 3 0 0 174 2 -2
64 5 0 0 174 -38 -1
64 7 0 0 184 -61 -1
64 8 0 0 197 -86 0
64 10 0 0 211 -104 0
64 32 0 0 87 -26 4
64 33 0 0 81 -21 3
64 34 0 0 80 -5 0
64 47 0 0 688 6 3
64 48 0 10391 624 56 7
64 49 0 15445 640 88 4
64 50 0 19403 0 0 0
64 51 0 21041 0 0 0
64 52 0 20353 0 0 0
64 53 0 18235 0 0 0
64 54 0 15605 0 0 0
64 55 0 12979 0 0 0
64 56 0 10552 0 0 0
64 57 0 8419 0 0 0
64 58 0 6720 569 355 0
64 59 0 5550 0 0 0
64 60 0 4874 569 410 0
64 61 0 4528 0 0 0
64 62 0 4266 566 468 0
64 63 0 3912 0 0 0
64 64 0 3410 561 532 0
64 65 0 2820 0 0 0
64 66 0 2225 547 600 0
64 67 0 1702 0 0 0
64 68 0 1292 524 672 0
64 69 0 1003 0 0 0
64 70 0 814 482 745 0
64 71 0 701 0 0 0
64 72 0 635 0 0 0
64 73 0 587 421 810 0
64 74 0 537 0 0 0
64 75 0 476 340 845 1
64 76 0 406 0 0 0
64 77 0 331 280 854 0
64 78 0 260 0 0 0
64 79 0 198 225 856 0
64 80 0 148 0 0 0
64 81 0 111 181 849 0
64 82 0 84 0 0 0
64 83 0 65 144 842 0
64 84 0 52 0 0 0
64 85 0 44 114 833 0
64 86 0 39 0 0 0
64 87 0 35 88 826 0
64 88 0 33 0 0 0
64 89 0 30 68 817 1
64 90 0 28 0 0 0
64 91 0 25 51 814 1
64 92 0 23 0 0 0
64 93 0 20 36 804 -2
64 94 0 17 0 0 0
64 95 0 14 19 815 -27
64 96 0 11 -11 816 -33
64 97 0 0 -6 779 0
65 2 0 0 165 -3 -4
65 3 0 0 186 -39 -4
65 13 0 0 220 -120 0
65 15 0 0 219 -133 0
65 17 0 0 207 -145 0
65 19 0 0 177 -148 0
65 21 0 0 150 -134 0
65 23 0 0 128 -117 0
65 25 0 0 110 -96 0
65 27 0 0 98 -75 0
65 29 0 0 87 -54 0
65 31 0 0 82 -38 1
65 32 0 0 73 -16 0
65 33 0 0 74 -8 0
65 34 0 0 51 -4 4
65 47 0 0 624 0 5
65 48 0 9733 599 41 3
65 49 0 14569 602 69 6
65 50 0 18549 580 141 1
65 51 0 20366 0 0 0
65 52 0 19844 584 189 1
65 53 0 17836 0 0 0
65 54 0 15329 575 250 -1
65 55 0 12887 0 0 0
65 56 0 10697 572 301 0
65 57 0 8816 0 0 0
65 58 0 7344 0 0 0
65 59 0 6352 0 0 0
65 60 0 5781 0 0 0
65 61 0 5468 0 0 0
65 62 0 5184 0 0 0
65 63 0 4770 0 0 0
65 64 0 4192 0 0 0
65 65 0 3520 0 0 0
65 66 0 2849 0 0 0
65 67 0 2260 0 0 0
65 68 0 1800 0 0 0
65 69 0 1474 0 0 0
65 70 0 1260 0 0 0
65 71 0 1130 0 0 0
65 72 0 1047 0 0 0
65 73 0 978 0 0 0
65 74 0 895 0 0 0
65 75 0 791 0 0 0
65 76 0 671 0 0 0
65 77 0 543 0 0 0
65 78 0 425 0 0 0
65 79 0 323 0 0 0
65 80 0 242 0 0 0
65 81 0 183 0 0 0
65 82 0 141 0 0 0
65 83 0 112 0 0 0
65 84 0 94 0 0 0
65 85 0 82 0 0 0
65 86 0 74 0 0 0
65 87 0 68 0 0 0
65 88 0 64 0 0 0
65 89 0 60 0 0 0
65 90 0 55 0 0 0
65 91 0 51 0 0 0
65 92 0 45 0 0 0
65 93 0 40 0 0 0
65 94 0 34 0 0 0
65 95 0 28 0 0 0
65 96 0 22 34 816 -33
65 97 0 0 22 776 -1
66 2 0 0 200 9 7
66 3 0 0 201 5 -1
66 5 0 0 197 -32 -1
66 7 0 0 205 -52 0
66 8 0 0 218 -75 0
66 10 0 0 228 -95 0
66 12 0 0 238 -117 0
66 14 0 0 234 -139 0
66 16 0 0 217 -168 0
66 32 0 0 70 -30 4
66 33 0 0 64 -21 4
66 34 0 0 59 -2 0
66 47 0 0 616 6 4
66 48 0 9663 559 57 4
66 49 0 14419 573 91 9
66 50 0 18438 521 130 0
66 51 0 20390 0 0 0
66 52 0 19992 0 0 0
66 53 0 18055 0 0 0
66 54 0 15609 0 0 0
66 55 0 13262 0 0 0
66 56 0 11215 518 298 0
66 57 0 9510 0 0 0
66 58 0 8211 516 353 0
66 59 0 7357 0 0 0
66 60 0 6858 513 407 0
66 61 0 6548 0 0 0
66 62 0 6223 507 462 0
66 63 0 5742 0 0 0
66 64 0 5094 499 520 0
66 65 0 4351 0 0 0
66 66 0 3617 483 580 0
66 67 0 2974 0 0 0
66 68 0 2472 460 641 0
66 69 0 2116 0 0 0
66 70 0 1879 424 699 0
66 71 0 1731 0 0 0
66 72 0 1625 377 750 0
66 73 0 1522 0 0 0
66 74 0 1390 0 0 0
66 75 0 1224 319 782 0
66 76 0 1033 0 0 0
66 77 0 834 268 799 0
66 78 0 652 0 0 0
66 79 0 497 221 809 0
66 80 0 377 0 0 0
66 81 0 290 181 811 0
66 82 0 229 0 0 0
66 83 0 189 147 812 0
66 84 0 162 0 0 0
66 85 0 145 119 808 0
66 86 0 133 0 0 0
66 87 0 125 95 805 0
66 88 0 117 0 0 0
66 89 0 110 75 799 0
66 90 0 101 0 0 0
66 91 0 92 57 798 1
66 92 0 82 0 0 0
66 93 0 72 41 789 0
66 94 0 61 0 0 0
66 95 0 50 26 796 -26
66 96 0 40 -8 796 -32
66 97 0 0 -2 760 0
67 2 0 0 187 0 -3
67 3 0 0 210 -37 -3
67 19 0 0 168 -180 0
67 21 0 0 130 -161 0
67 23 0 0 105 -138 0
67 25 0 0 86 -111 0
67 27 0 0 75 -87 0
67 29 0 0 65 -62 0
67 31 0 0 61 -44 1
67 32 0 0 54 -20 2
67 33 0 0 52 -11 1
67 34 0 0 39 -4 4
67 47 0 0 550 -4 4
67 48 0 9942 527 36 1
67 49 0 14682 533 70 8
67 50 0 18722 0 0 0
67 51 0 20756 0 0 0
67 52 0 20467 525 186 1
67 53 0 18625 0 0 0
67 54 0 16270 521 245 0
67 55 0 14032 0 0 0
67 56 0 12115 0 0 0
67 57 0 10551 0 0 0
67 58 0 9377 0 0 0
67 59 0 8605 0 0 0
67 60 0 8131 0 0 0
67 61 0 7791 0 0 0
67 62 0 7405 0 0 0
67 63 0 6853 0 0 0
67 64 0 6135 0 0 0
67 65 0 5328 0 0 0
67 66 0 4539 0 0 0
67 67 0 3852 0 0 0
67 68 0 3317 0 0 0
67 69 0 2936 0 0 0
67 70 0 2679 0 0 0
67 71 0 2511 0 0 0
67 72 0 2373 0 0 0
67 73 0 2223 0 0 0
67 74 0 2027 0 0 0
67 75 0 1780 0 0 0
67 76 0 1499 0 0 0
67 77 0 1212 0 0 0
67 78 0 951 0 0 0
67 79 0 732 0 0 0
67 80 0 565 0 0 0
67 81 0 444 0 0 0
67 82 0 361 0 0 0
67 83 0 305 0 0 0
67 84 0 268 0 0 0
67 85 0 245 0 0 0
67 86 0 227 0 0 0
67 87 0 214 0 0 0
67 88 0 201 0 0 0
67 89 0 188 0 0 0
67 90 0 173 0 0 0
67 91 0 158 0 0 0
67 92 0 140 0 0 0
67 93 0 122 0 0 0
67 94 0 103 0 0 0
67 95 0 85 0 0 0
67 96 0 67 36 797 -32
67 97 0 0 22 760 -1
68 2 0 0 223 11 7
68 3 0 0 222 7 1
68 7 0 0 227 -42 0
68 8 0 0 240 -62 0
68 10 0 0 253 -84 0
68 12 0 0 265 -114 0
68 14 0 0 267 -153 -1
68 16 0 0 248 -207 -2
68 19 0 0 170 -231 -6
68 32 0 0 49 -30 5
68 33 0 0 43 -18 3
68 34 0 0 38 -2 0
68 47 0 0 547 7 3
68 48 0 10382 494 57 2
68 49 0 15136 508 95 11
68 50 0 19184 0 0 0
68 51 0 21285 0 0 0
68 52 0 21129 466 185 2
68 53 0 19454 0 0 0
68 54 0 17277 466 242 0
68 55 0 15219 0 0 0
68 56 0 13462 464 296 0
68 57 0 12014 0 0 0
68 58 0 10901 462 349 0
68 59 0 10132 0 0 0
68 60 0 9615 459 402 0
68 61 0 9203 0 0 0
68 62 0 8735 453 455 0
68 63 0 8105 0 0 0
68 64 0 7320 443 508 0
68 65 0 6457 0 0 0
68 66 0 5623 427 561 0
68 67 0 4901 0 0 0
68 68 0 4339 405 613 0
68 69 0 3936 0 0 0
68 70 0 3654 375 662 0
68 71 0 3454 0 0 0
68 72 0 3270 338 705 0
68 73 0 3055 0 0 0
68 74 0 2775 0 0 0
68 75 0 2431 294 736 0
68 76 0 2047 0 0 0
68 77 0 1660 253 756 0
68 78 0 1311 0 0 0
68 79 0 1023 214 770 0
68 80 0 803 0 0 0
68 81 0 647 179 776 0
68 82 0 539 0 0 0
68 83 0 468 148 780 0
68 84 0 421 0 0 0
68 85 0 390 121 780 0
68 86 0 367 0 0 0
68 87 0 347 97 781 0
68 88 0 327 0 0 0
68 89 0 306 76 778 0
68 90 0 282 0 0 0
68 91 0 255 57 779 1
68 92 0 227 0 0 0
68 93 0 196 41 773 -1
68 94 0 166 0 0 0
68 95 0 136 25 783 -26
68 96 0 108 -8 784 -33
68 97 0 0 -3 747 0
69 2 0 0 208 0 -3
69 3 0 0 230 -35 -3
69 5 0 0 217 -25 -1
69 21 0 0 112 -196 -4
69 23 0 0 80 -159 -1
69 25 0 0 61 -124 -1
69 27 0 0 50 -96 0
69 29 0 0 44 -67 -1
69 31 0 0 38 -48 1
69 32 0 0 29 -26 2
69 33 0 0 27 -13 0
69 34 0 0 21 -3 2
69 47 0 0 476 -8 2
69 48 0 10969 455 34 0
69 49 0 15804 464 69 9
69 50 0 19885 463 126 0
69 51 0 22027 0 0 0
69 52 0 21974 0 0 0
69 53 0 20482 0 0 0
69 54 0 18547 0 0 0
69 55 0 16746 0 0 0
69 56 0 15200 0 0 0
69 57 0 13872 0 0 0
69 58 0 12780 0 0 0
69 59 0 11950 0 0 0
69 60 0 11330 0 0 0
69 61 0 10798 0 0 0
69 62 0 10219 0 0 0
69 63 0 9496 0 0 0
69 64 0 8639 0 0 0
69 65 0 7724 0 0 0
69 66 0 6851 0 0 0
69 67 0 6103 0 0 0
69 68 0 5518 0 0 0
69 69 0 5089 0 0 0
69 70 0 4775 0 0 0
69 71 0 4530 0 0 0
69 72 0 4284 0 0 0
69 73 0 3987 0 0 0
69 74 0 3610 0 0 0
69 75 0 3159 0 0 0
69 76 0 2666 0 0 0
69 77 0 2177 0 0 0
69 78 0 1740 0 0 0
69 79 0 1381 0 0 0
69 80 0 1109 0 0 0
69 81 0 916 0 0 0
69 82 0 783 0 0 0
69 83 0 695 0 0 0
69 84 0 636 0 0 0
69 85 0 596 0 0 0
69 86 0 564 0 0 0
69 87 0 535 0 0 0
69 88 0 504 0 0 0
69 89 0 470 0 0 0
69 90 0 432 0 0 0
69 91 0 390 0 0 0
69 92 0 346 0 0 0
69 93 0 299 0 0 0
69 94 0 252 0 0 0
69 95 0 207 0 0 0
69 96 0 164 37 785 -33
69 97 0 0 21 744 0
70 2 0 0 240 13 8
70 3 0 0 239 11 1
70 8 0 0 260 -49 0
70 11 0 0 279 -69 0
70 12 0 0 310 -104 0
70 14 0 0 327 -149 0
70 16 0 0 300 -257 -9
70 17 0 0 260 -309 -10
70 18 0 0 211 -320 -16
70 19 0 0 97 -276 -8
70 20 0 0 104 -248 -9
70 21 0 0 41 -210 -2
70 22 0 0 67 -191 -6
70 23 0 0 24 -159 0
70 24 0 0 50 -147 -5
70 25 0 0 17 -121 0
70 26 0 0 39 -112 -4
70 27 0 0 15 -90 0
70 28 0 0 34 -84 -4
70 29 0 0 15 -62 -1
70 30 0 0 25 -56 -3
70 31 0 0 16 -38 0
70 32 0 0 27 -33 0
70 33 0 0 21 -17 0
70 34 0 0 15 -2 0
70 47 0 0 474 8 4
70 48 0 11511 427 57 1
70 49 0 16450 442 95 12
70 50 0 20569 403 126 0
70 51 0 22732 0 0 0
70 52 0 22776 407 186 1
70 53 0 21518 0 0 0
70 54 0 19925 410 243 0
70 55 0 18484 0 0 0
70 56 0 17218 411 295 0
70 57 0 16034 0 0 0
70 58 0 14952 411 347 0
70 59 0 14033 0 0 0
70 60 0 13270 407 397 0
70 61 0 12585 0 0 0
70 62 0 11865 402 447 0
70 63 0 11028 0 0 0
70 64 0 10088 392 495 0
70 65 0 9118 0 0 0
70 66 0 8210 378 543 0
70 67 0 7434 0 0 0
70 68 0 6822 358 589 0
70 69 0 6358 0 0 0
70 70 0 5997 333 631 0
70 71 0 5689 0 0 0
70 72 0 5364 303 668 0
70 73 0 4974 0 0 0
70 74 0 4495 0 0 0
70 75 0 3937 268 698 0
70 76 0 3339 0 0 0
70 77 0 2755 235 719 0
70 78 0 2238 0 0 0
70 79 0 1813 201 735 0
70 80 0 1491 0 0 0
70 81 0 1263 171 745 0
70 82 0 1105 0 0 0
70 83 0 1000 143 753 0
70 84 0 930 0 0 0
70 85 0 880 119 756 0
70 86 0 837 0 0 0
70 87 0 796 96 760 0
70 88 0 749 0 0 0
70 89 0 699 77 759 0
70 90 0 640 0 0 0
70 91 0 576 59 762 1
70 92 0 508 0 0 0
70 93 0 438 43 756 -1
70 94 0 368 0 0 0
70 95 0 301 27 767 -25
70 96 0 239 -7 768 -32
70 97 0 0 -2 730 1
71 2 0 0 222 3 -2
71 3 0 0 245 -32 -3
71 5 0 0 232 -19 0
71 7 0 0 244 -31 0
71 16 0 0 397 -181 -9
71 17 0 0 295 -353 -8
71 18 0 0 138 -369 0
71 19 0 0 90 -341 -3
71 20 0 0 55 -253 -2
71 21 0 0 41 -231 -4
71 22 0 0 34 -182 -2
71 23 0 0 25 -171 -2
71 24 0 0 26 -135 -1
71 25 0 0 19 -128 -1
71 26 0 0 21 -101 -2
71 27 0 0 16 -95 -1
71 28 0 0 18 -72 -1
71 29 0 0 15 -67 -2
71 30 0 0 14 -47 -1
71 31 0 0 13 -43 -1
71 32 0 0 12 -24 0
71 33 0 0 12 -21 -1
71 34 0 0 9 -3 0
71 47 0 0 405 -10 1
71 48 0 11565 386 36 -2
71 49 0 16447 397 70 9
71 50 0 20518 0 0 0
71 51 0 22734 0 0 0
71 52 0 23025 0 0 0
71 53 0 22216 0 0 0
71 54 0 21169 0 0 0
71 55 0 20228 0 0 0
71 56 0 19320 0 0 0
71 57 0 18320 0 0 0
71 58 0 17271 0 0 0
71 59 0 16272 0 0 0
71 60 0 15362 0 0 0
71 61 0 14505 0 0 0
71 62 0 13621 0 0 0
71 63 0 12654 0 0 0
71 64 0 11622 0 0 0
71 65 0 10599 0 0 0
71 66 0 9661 0 0 0
71 67 0 8861 0 0 0
71 68 0 8219 0 0 0
71 69 0 7708 0 0 0
71 70 0 7284 0 0 0
71 71 0 6897 0 0 0
71 72 0 6480 0 0 0
71 73 0 5990 0 0 0
71 74 0 5409 0 0 0
71 75 0 4752 0 0 0
71 76 0 4062 0 0 0
71 77 0 3396 0 0 0
71 78 0 2808 0 0 0
71 79 0 2325 0 0 0
71 80 0 1959 0 0 0
71 81 0 1696 0 0 0
71 82 0 1515 0 0 0
71 83 0 1393 0 0 0
71 84 0 1310 0 0 0
71 85 0 1247 0 0 0
71 86 0 1190 0 0 0
71 87 0 1132 0 0 0
71 88 0 1065 0 0 0
71 89 0 990 0 0 0
71 90 0 903 0 0 0
71 91 0 809 0 0 0
71 92 0 711 0 0 0
71 93 0 610 0 0 0
71 94 0 511 0 0 0
71 95 0 417 0 0 0
71 96 0 331 36 768 -32
71 97 0 0 21 728 0
72 2 0 0 253 11 8
72 3 0 0 252 16 2
72 8 0 0 278 -26 0
72 11 0 0 306 -34 0
72 13 0 0 346 -59 0
72 15 0 0 403 -74 0
72 16 0 0 514 -186 2
72 17 0 0 103 -52 -34
72 18 0 0 27 -498 -9
72 19 0 0 -5 -362 10
72 20 0 0 -9 -279 -1
72 21 0 0 -1 -225 22
72 22 0 0 -13 -196 -4
72 23 0 0 3 -160 22
72 24 0 0 -13 -145 -7
72 25 0 0 6 -118 21
72 26 0 0 -11 -107 -8
72 27 0 0 7 -86 19
72 28 0 0 -10 -76 -9
72 29 0 0 7 -60 17
72 30 0 0 -7 -50 -8
72 31 0 0 6 -38 12
72 32 0 0 -4 -28 -7
72 33 0 0 3 -16 4
72 34 0 0 0 -5 0
72 47 0 0 396 10 6
72 48 0 10830 359 57 0
72 49 0 15357 377 98 12
72 50 0 19236 345 130 0
72 51 0 21597 0 0 0
72 52 0 22416 347 191 1
72 53 0 22378 0 0 0
72 54 0 22116 357 246 0
72 55 0 21804 0 0 0
72 56 0 21312 360 296 0
72 57 0 20539 0 0 0
72 58 0 19567 361 346 0
72 59 0 18531 0 0 0
72 60 0 17500 359 393 0
72 61 0 16476 0 0 0
72 62 0 15420 354 439 0
72 63 0 14310 0 0 0
72 64 0 13181 346 484 0
72 65 0 12110 0 0 0
72 66 0 11148 334 527 0
72 67 0 10328 0 0 0
72 68 0 9652 317 568 0
72 69 0 9087 0 0 0
72 70 0 8591 296 606 0
72 71 0 8115 0 0 0
72 72 0 7602 271 640 0
72 73 0 7016 0 0 0
72 74 0 6344 0 0 0
72 75 0 5604 243 667 0
72 76 0 4840 0 0 0
72 77 0 4108 216 689 0
72 78 0 3462 0 0 0
72 79 0 2930 188 706 0
72 80 0 2522 0 0 0
72 81 0 2227 162 718 0
72 82 0 2021 0 0 0
72 83 0 1880 137 728 0
72 84 0 1782 0 0 0
72 85 0 1703 114 733 0
72 86 0 1628 0 0 0
72 87 0 1547 93 739 0
72 88 0 1452 0 0 0
72 89 0 1345 74 740 0
72 90 0 1222 0 0 0
72 91 0 1089 57 744 1
72 92 0 953 0 0 0
72 93 0 814 41 741 -1
72 94 0 680 0 0 0
72 95 0 554 25 752 -25
72 96 0 438 -7 754 -32
72 97 0 0 -2 714 1
73 2 0 0 233 2 -2
73 3 0 0 254 -28 -2
73 5 0 0 243 -9 0
73 7 0 0 257 -15 0
73 16 0 0 499 -40 1
73 17 0 0 367 102 -21
73 47 0 0 331 -11 0
73 48 0 9529 321 39 -2
73 49 0 13496 328 75 10
73 50 0 17092 0 0 0
73 51 0 19682 0 0 0
73 52 0 21221 0 0 0
73 53 0 22133 0 0 0
73 54 0 22748 0 0 0
73 55 0 23085 0 0 0
73 56 0 23015 0 0 0
73 57 0 22494 0 0 0
73 58 0 21647 0 0 0
73 59 0 20628 0 0 0
73 60 0 19518 0 0 0
73 61 0 18350 0 0 0
73 62 0 17130 0 0 0
73 63 0 15882 0 0 0
73 64 0 14666 0 0 0
73 65 0 13559 0 0 0
73 66 0 12591 0 0 0
73 67 0 11767 0 0 0
73 68 0 11068 0 0 0
73 69 0 10453 0 0 0
73 70 0 9887 0 0 0
73 71 0 9327 0 0 0
73 72 0 8728 0 0 0
73 73 0 8059 0 0 0
73 74 0 7313 0 0 0
73 75 0 6508 0 0 0
73 76 0 5685 0 0 0
73 77 0 4898 0 0 0
73 78 0 4203 0 0 0
73 79 0 3624 0 0 0
73 80 0 3177 0 0 0
73 81 0 2848 0 0 0
73 82 0 2617 0 0 0
73 83 0 2456 0 0 0
73 84 0 2340 0 0 0
73 85 0 2241 0 0 0
73 86 0 2144 0 0 0
73 87 0 2035 0 0 0
73 88 0 1904 0 0 0
73 89 0 1757 0 0 0
73 90 0 1589 0 0 0
73 91 0 1410 0 0 0
73 92 0 1227 0 0 0
73 93 0 1044 0 0 0
73 94 0 869 0 0 0
73 95 0 706 0 0 0
73 96 0 559 36 754 -32
73 97 0 0 20 712 0
74 2 0 0 259 13 7
74 3 0 0 258 21 2
74 7 0 0 260 1 0
74 8 0 0 280 0 0
74 11 0 0 311 2 0
74 13 0 0 351 -1 0
74 15 0 0 411 -1 1
74 16 0 0 441 -45 6
74 17 0 0 484 8 27
74 47 0 0 309 13 10
74 48 0 8195 282 69 -1
74 49 0 11611 306 103 12
74 50 0 14939 283 144 1
74 51 0 17750 0 0 0
74 52 0 19956 291 197 2
74 53 0 21714 0 0 0
74 54 0 23085 305 253 0
74 55 0 23980 0 0 0
74 56 0 24292 310 299 0
74 57 0 24032 0 0 0
74 58 0 23346 314 347 0
74 59 0 22387 0 0 0
74 60 0 21236 314 390 0
74 61 0 19956 0 0 0
74 62 0 18596 311 434 0
74 63 0 17237 0 0 0
74 64 0 15961 304 474 0
74 65 0 14849 0 0 0
74 66 0 13905 293 514 0
74 67 0 13102 0 0 0
74 68 0 12402 279 551 0
74 69 0 11758 0 0 0
74 70 0 11140 262 585 0
74 71 0 10514 0 0 0
74 72 0 9847 242 616 0
74 73 0 9115 0 0 0
74 74 0 8315 0 0 0
74 75 0 7460 219 642 0
74 76 0 6592 0 0 0
74 77 0 5760 196 663 0
74 78 0 5021 0 0 0
74 79 0 4399 172 681 0
74 80 0 3912 0 0 0
74 81 0 3547 150 695 0
74 82 0 3288 0 0 0
74 83 0 3102 128 706 0
74 84 0 2963 0 0 0
74 85 0 2840 108 713 0
74 86 0 2715 0 0 0
74 87 0 2572 89 720 0
74 88 0 2400 0 0 0
74 89 0 2206 71 722 0
74 90 0 1987 0 0 0
74 91 0 1755 55 728 1
74 92 0 1521 0 0 0
74 93 0 1289 40 725 -1
74 94 0 1070 0 0 0
74 95 0 869 25 738 -24
74 96 0 687 -7 739 -32
74 97 0 0 -2 699 1
75 2 0 0 237 2 -3
75 3 0 0 257 -23 -2
75 5 0 0 245 0 0
75 16 0 0 451 33 -1
75 17 0 0 488 8 19
75 47 0 0 234 10 26
75 48 0 7218 242 44 2
75 49 0 10250 262 70 4
75 50 0 13385 0 0 0
75 51 0 16325 0 0 0
75 52 0 18950 0 0 0
75 53 0 21245 0 0 0
75 54 0 23112 0 0 0
75 55 0 24407 0 0 0
75 56 0 25040 0 0 0
75 57 0 25032 0 0 0
75 58 0 24519 0 0 0
75 59 0 23634 0 0 0
75 60 0 22466 0 0 0
75 61 0 21105 0 0 0
75 62 0 19651 0 0 0
75 63 0 18230 0 0 0
75 64 0 16946 0 0 0
75 65 0 15875 0 0 0
75 66 0 14997 0 0 0
75 67 0 14254 0 0 0
75 68 0 13588 0 0 0
75 69 0 12948 0 0 0
75 70 0 12310 0 0 0
75 71 0 11647 0 0 0
75 72 0 10940 0 0 0
75 73 0 10167 0 0 0
75 74 0 9330 0 0 0
75 75 0 8440 0 0 0
75 76 0 7535 0 0 0
75 77 0 6663 0 0 0
75 78 0 5884 0 0 0
75 79 0 5220 0 0 0
75 80 0 4693 0 0 0
75 81 0 4293 0 0 0
75 82 0 4003 0 0 0
75 83 0 3790 0 0 0
75 84 0 3625 0 0 0
75 85 0 3472 0 0 0
75 86 0 3315 0 0 0
75 87 0 3132 0 0 0
75 88 0 2913 0 0 0
75 89 0 2667 0 0 0
75 90 0 2392 0 0 0
75 91 0 2102 0 0 0
75 92 0 1815 0 0 0
75 93 0 1533 0 0 0
75 94 0 1270 0 0 0
75 95 0 1029 0 0 0
75 96 0 814 35 739 -32
75 97 0 0 19 697 0
76 2 0 0 255 15 7
76 3 0 0 256 26 3
76 7 0 0 257 17 0
76 8 0 0 278 24 0
76 11 0 0 308 33 0
76 16 0 0 464 16 1
76 17 0 0 517 -3 16
76 47 0 0 220 12 12
76 48 0 6580 208 75 4
76 49 0 9379 231 115 11
76 50 0 12368 0 0 0
76 51 0 15315 0 0 0
76 52 0 18087 0 0 0
76 53 0 20603 0 0 0
76 54 0 22714 256 264 0
76 55 0 24262 0 0 0
76 56 0 25149 265 305 0
76 57 0 25368 0 0 0
76 58 0 25017 270 350 0
76 59 0 24208 0 0 0
76 60 0 23045 0 0 0
76 61 0 21653 0 0 0
76 62 0 20174 0 0 0
76 63 0 18770 0 0 0
76 64 0 17552 265 467 0
76 65 0 16583 0 0 0
76 66 0 15821 257 503 0
76 67 0 15185 0 0 0
76 68 0 14598 245 537 0
76 69 0 14006 0 0 0
76 70 0 13387 231 568 0
76 71 0 12723 0 0 0
76 72 0 12003 214 597 0
76 73 0 11206 0 0 0
76 74 0 10342 0 0 0
76 75 0 9419 196 621 0
76 76 0 8479 0 0 0
76 77 0 7568 176 642 0
76 78 0 6749 0 0 0
76 79 0 6045 156 660 0
76 80 0 5480 0 0 0
76 81 0 5044 137 674 0
76 82 0 4724 0 0 0
76 83 0 4482 118 686 0
76 84 0 4287 0 0 0
76 85 0 4102 100 694 0
76 86 0 3907 0 0 0
76 87 0 3681 83 702 0
76 88 0 3413 0 0 0
76 89 0 3112 67 706 0
76 90 0 2781 0 0 0
76 91 0 2435 52 712 0
76 92 0 2094 0 0 0
76 93 0 1764 37 710 -1
76 94 0 1458 0 0 0
76 95 0 1182 23 723 -24
76 96 0 936 -7 725 -32
76 97 0 0 -2 685 1
77 2 0 0 237 -3 -4
77 3 0 0 252 -17 -2
77 5 0 0 242 9 0
77 13 0 0 355 43 0
77 15 0 0 411 55 -4
77 16 0 0 477 116 -6
77 17 0 0 554 2 -2
77 47 0 0 146 -4 -3
77 48 0 6051 161 64 6
77 49 0 8665 183 91 6
77 50 0 11501 0 0 0
77 51 0 14349 220 169 3
77 52 0 17085 237 211 2
77 53 0 19619 0 0 0
77 54 0 21808 0 0 0
77 55 0 23498 0 0 0
77 56 0 24567 0 0 0
77 57 0 24963 0 0 0
77 58 0 24742 0 0 0
77 59 0 24003 0 0 0
77 60 0 22876 272 389 0
77 61 0 21523 0 0 0
77 62 0 20112 270 429 0
77 63 0 18820 0 0 0
77 64 0 17750 0 0 0
77 65 0 16947 0 0 0
77 66 0 16351 0 0 0
77 67 0 15865 0 0 0
77 68 0 15401 0 0 0
77 69 0 14902 0 0 0
77 70 0 14345 0 0 0
77 71 0 13712 0 0 0
77 72 0 12999 0 0 0
77 73 0 12190 0 0 0
77 74 0 11300 0 0 0
77 75 0 10342 0 0 0
77 76 0 9362 0 0 0
77 77 0 8410 0 0 0
77 78 0 7551 0 0 0
77 79 0 6811 0 0 0
77 80 0 6212 0 0 0
77 81 0 5747 0 0 0
77 82 0 5399 0 0 0
77 83 0 5129 0 0 0
77 84 0 4905 0 0 0
77 85 0 4686 0 0 0
77 86 0 4454 0 0 0
77 87 0 4185 0 0 0
77 88 0 3868 0 0 0
77 89 0 3516 0 0 0
77 90 0 3133 0 0 0
77 91 0 2735 0 0 0
77 92 0 2347 0 0 0
77 93 0 1973 0 0 0
77 94 0 1630 0 0 0
77 95 0 1321 0 0 0
77 96 0 1047 34 725 -32
77 97 0 0 18 682 0
78 2 0 0 245 15 8
78 3 0 0 248 31 3
78 5 0 0 231 20 0
78 7 0 0 244 35 0
78 8 0 0 263 54 0
78 11 0 0 290 80 0
78 16 0 0 514 120 -5
78 17 0 0 649 26 0
78 47 0 0 138 15 -4
78 48 0 5415 120 104 5
78 49 0 7804 156 142 18
78 50 0 10430 0 0 0
78 51 0 13101 0 0 0
78 52 0 15708 0 0 0
78 53 0 18165 0 0 0
78 54 0 20344 0 0 0
78 55 0 22093 0 0 0
78 56 0 23268 224 312 0
78 57 0 23778 0 0 0
78 58 0 23654 0 0 0
78 59 0 22997 0 0 0
78 60 0 21962 0 0 0
78 61 0 20738 0 0 0
78 62 0 19502 0 0 0
78 63 0 18423 0 0 0
78 64 0 17583 0 0 0
78 65 0 17006 0 0 0
78 66 0 16619 0 0 0
78 67 0 16321 0 0 0
78 68 0 16019 0 0 0
78 69 0 15652 0 0 0
78 70 0 15190 202 554 0
78 71 0 14612 0 0 0
78 72 0 13918 189 581 0
78 73 0 13095 0 0 0
78 74 0 12169 0 0 0
78 75 0 11164 173 604 0
78 76 0 10134 0 0 0
78 77 0 9136 157 624 0
78 78 0 8239 0 0 0
78 79 0 7467 140 642 0
78 80 0 6842 0 0 0
78 81 0 6353 124 656 0
78 82 0 5983 0 0 0
78 83 0 5689 107 669 0
78 84 0 5437 0 0 0
78 85 0 5185 91 678 0
78 86 0 4916 0 0 0
78 87 0 4606 76 687 0
78 88 0 4246 0 0 0
78 89 0 3848 62 691 0
78 90 0 3419 0 0 0
78 91 0 2979 48 698 0
78 92 0 2552 0 0 0
78 93 0 2144 35 697 -1
78 94 0 1769 0 0 0
78 95 0 1435 22 709 -23
78 96 0 1138 -8 712 -32
78 97 0 0 10 697 16
79 2 0 0 226 -2 -3
79 3 0 0 240 -11 0
79 13 0 0 328 108 0
79 15 0 0 381 167 -10
79 16 0 0 497 285 -16
79 17 0 0 997 704 8
79 18 0 0 -83 -168 70
79 19 0 0 2 485 -21
79 20 0 0 3 445 15
79 21 0 0 -9 365 -35
79 22 0 0 0 397 20
79 23 0 0 -14 340 -40
79 24 0 0 -2 359 21
79 25 0 0 -16 323 -41
79 26 0 0 -3 337 21
79 27 0 0 -17 312 -41
79 28 0 0 -3 323 21
79 29 0 0 -17 305 -41
79 30 0 0 -4 314 21
79 31 0 0 -17 299 -41
79 32 0 0 -4 308 20
79 33 0 0 -17 294 -40
79 34 0 0 -5 303 20
79 35 0 0 -17 290 -40
79 36 0 0 -5 299 20
79 37 0 0 -17 285 -40
79 38 0 0 -5 293 20
79 39 0 0 -17 279 -39
79 40 0 2 -5 287 21
79 41 0 0 -17 268 -38
79 42 0 0 -18 246 -22
79 43 0 0 -19 255 -38
79 44 0 0 -6 256 23
79 45 0 97 -2 234 8
79 46 0 0 9 211 57
79 47 0 0 -26 172 16
79 48 0 4627 89 150 8
79 49 0 6724 103 143 10
79 50 0 9072 0 0 0
79 51 0 11510 166 206 6
79 52 0 13941 192 225 2
79 53 0 16278 0 0 0
79 54 0 18396 211 274 0
79 55 0 20134 0 0 0
79 56 0 21338 0 0 0
79 57 0 21901 0 0 0
79 58 0 21853 230 354 0
79 59 0 21305 0 0 0
79 60 0 20431 234 390 0
79 61 0 19430 0 0 0
79 62 0 18467 233 427 0
79 63 0 17686 0 0 0
79 64 0 17139 230 461 0
79 65 0 16831 0 0 0
79 66 0 16684 223 494 0
79 67 0 16601 0 0 0
79 68 0 16488 214 525 0
79 69 0 16279 0 0 0
79 70 0 15932 0 0 0
79 71 0 15420 0 0 0
79 72 0 14744 0 0 0
79 73 0 13895 0 0 0
79 74 0 12917 0 0 0
79 75 0 11848 0 0 0
79 76 0 10754 0 0 0
79 77 0 9704 0 0 0
79 78 0 8769 0 0 0
79 79 0 7972 0 0 0
79 80 0 7330 0 0 0
79 81 0 6830 0 0 0
79 82 0 6446 0 0 0
79 83 0 6135 0 0 0
79 84 0 5859 0 0 0
79 85 0 5579 0 0 0
79 86 0 5277 0 0 0
79 87 0 4932 0 0 0
79 88 0 4535 0 0 0
79 89 0 4101 0 0 0
79 90 0 3637 0 0 0
79 91 0 3165 0 0 0
79 92 0 2709 0 0 0
79 93 0 2275 0 0 0
79 94 0 1879 0 0 0
79 95 0 1525 0 0 0
79 96 0 1211 33 711 -32
79 97 0 0 17 668 0
80 2 0 0 227 16 8
80 3 0 0 233 34 3
80 7 0 0 224 46 0
80 8 0 0 236 70 0
80 11 0 0 256 99 0
80 16 0 0 357 208 -7
80 17 0 0 374 423 -5
80 18 0 0 107 571 -7
80 19 0 0 65 433 -10
80 20 0 0 43 383 -4
80 21 0 0 22 365 -1
80 22 0 0 29 340 5
80 23 0 0 7 329 0
80 24 0 0 19 314 3
80 25 0 0 0 306 -1
80 26 0 0 14 299 3
80 27 0 0 -2 293 -1
80 28 0 0 13 288 3
80 29 0 0 -3 284 -1
80 30 0 0 11 281 2
80 31 0 0 -4 277 -1
80 32 0 0 10 275 2
80 33 0 0 -4 272 -1
80 34 0 0 9 270 2
80 35 0 0 -4 267 -1
80 36 0 0 10 266 2
80 37 0 0 -5 262 -1
80 38 0 0 11 261 2
80 39 0 0 -4 257 -1
80 40 0 2 13 255 1
80 41 0 6 -3 249 -3
80 42 0 19 15 247 0
80 43 0 54 -2 240 0
80 44 0 144 19 236 3
80 45 0 314 8 229 -1
80 46 0 1215 33 217 6
80 47 0 2364 42 207 6
80 48 0 3778 86 197 13
80 49 0 5549 112 185 19
80 50 0 7583 0 0 0
80 51 0 9753 0 0 0
80 52 0 11976 0 0 0
80 53 0 14155 0 0 0
80 54 0 16159 0 0 0
80 55 0 17821 0 0 0
80 56 0 18986 0 0 0
80 57 0 19556 0 0 0
80 58 0 19575 0 0 0
80 59 0 19166 0 0 0
80 60 0 18511 0 0 0
80 61 0 17798 0 0 0
80 62 0 17168 0 0 0
80 63 0 16729 0 0 0
80 64 0 16505 0 0 0
80 65 0 16484 0 0 0
80 66 0 16592 0 0 0
80 67 0 16738 0 0 0
80 68 0 16829 0 0 0
80 69 0 16793 0 0 0
80 70 0 16572 0 0 0
80 71 0 16129 0 0 0
80 72 0 15463 0 0 0
80 73 0 14574 0 0 0
80 74 0 13526 0 0 0
80 75 0 12375 0 0 0
80 76 0 11206 0 0 0
80 77 0 10100 0 0 0
80 78 0 9127 0 0 0
80 79 0 8313 0 0 0
80 80 0 7664 0 0 0
80 81 0 7162 0 0 0
80 82 0 6774 0 0 0
80 83 0 6453 0 0 0
80 84 0 6162 0 0 0
80 85 0 5860 82 663 0
80 86 0 5531 0 0 0
80 87 0 5158 69 673 0
80 88 0 4734 0 0 0
80 89 0 4274 56 677 0
80 90 0 3788 0 0 0
80 91 0 3295 0 0 0
80 92 0 2821 0 0 0
80 93 0 2371 0 0 0
80 94 0 1958 0 0 0
80 95 0 1591 0 0 0
80 96 0 1264 -8 700 -32
80 97 0 0 -2 659 1
81 2 0 0 209 0 -3
81 3 0 0 222 -6 0
81 5 0 0 214 27 0
81 12 0 0 275 137 0
81 14 0 0 310 197 -3
81 16 0 0 284 284 -1
81 17 0 0 278 391 -4
81 18 0 0 129 429 10
81 19 0 0 90 382 2
81 20 0 0 76 372 3
81 21 0 0 37 355 -2
81 22 0 0 48 343 -1
81 23 0 0 19 331 -1
81 24 0 0 32 322 0
81 25 0 0 8 316 0
81 26 0 0 23 309 0
81 27 0 0 2 304 0
81 28 0 0 19 299 0
81 29 0 0 0 296 0
81 30 0 0 17 293 0
81 31 0 0 -3 290 0
81 32 0 0 16 287 0
81 33 0 0 -4 285 1
81 34 0 0 16 283 0
81 35 0 0 -4 280 1
81 36 0 0 16 279 0
81 37 0 0 -4 275 1
81 38 0 0 17 274 0
81 39 0 0 -1 270 2
81 40 0 2 19 267 2
81 41 0 6 0 262 3
81 42 0 21 25 256 4
81 43 0 66 5 248 1
81 44 0 176 30 248 4
81 45 0 440 15 235 2
81 46 0 912 45 228 4
81 47 0 1854 36 221 7
81 48 0 2984 78 211 11
81 49 0 4434 55 191 17
81 50 0 6151 0 0 0
81 51 0 8040 124 236 5
81 52 0 10029 0 0 0
81 53 0 12013 161 253 5
81 54 0 13856 173 292 -1
81 55 0 15389 0 0 0
81 56 0 16470 186 324 0
81 57 0 17024 0 0 0
81 58 0 17112 194 360 0
81 59 0 16866 0 0 0
81 60 0 16457 199 392 0
81 61 0 16055 0 0 0
81 62 0 15768 199 426 0
81 63 0 15669 0 0 0
81 64 0 15761 197 457 0
81 65 0 16018 0 0 0
81 66 0 16375 192 487 0
81 67 0 16748 0 0 0
81 68 0 17043 185 516 0
81 69 0 17180 0 0 0
81 70 0 17083 176 543 0
81 71 0 16703 0 0 0
81 72 0 16036 0 0 0
81 73 0 15096 164 567 0
81 74 0 13965 0 0 0
81 75 0 12723 152 590 0
81 76 0 11475 0 0 0
81 77 0 10312 138 609 0
81 78 0 9307 0 0 0
81 79 0 8483 124 626 0
81 80 0 7838 0 0 0
81 81 0 7346 110 641 0
81 82 0 6966 0 0 0
81 83 0 6645 96 654 0
81 84 0 6346 0 0 0
81 85 0 6031 0 0 0
81 86 0 5684 0 0 0
81 87 0 5292 0 0 0
81 88 0 4851 0 0 0
81 89 0 4377 0 0 0
81 90 0 3879 0 0 0
81 91 0 3378 44 685 0
81 92 0 2894 0 0 0
81 93 0 2436 32 684 -2
81 94 0 2014 0 0 0
81 95 0 1637 20 696 -23
81 96 0 1300 32 699 -31
81 97 0 0 15 656 0
82 2 0 0 205 16 7
82 3 0 0 212 36 3
82 7 0 0 200 56 0
82 8 0 0 208 83 0
82 10 0 0 220 117 0
82 21 0 0 77 314 5
82 23 0 0 51 308 3
82 25 0 0 31 296 1
82 26 0 0 21 287 0
82 28 0 0 14 281 0
82 31 0 0 10 276 0
82 33 0 0 8 273 0
82 35 0 0 7 269 0
82 37 0 0 8 266 0
82 39 0 0 9 261 0
82 40 0 2 12 258 -2
82 41 0 6 0 0 0
82 42 0 22 19 253 -2
82 43 0 68 0 0 0
82 44 0 175 0 0 0
82 45 0 401 0 0 0
82 46 0 791 0 0 0
82 47 0 1429 0 0 0
82 48 0 2317 0 0 0
82 49 0 3486 0 0 0
82 50 0 4912 0 0 0
82 51 0 6525 0 0 0
82 52 0 8266 0 0 0
82 53 0 10024 0 0 0
82 54 0 11668 0 0 0
82 55 0 13041 0 0 0
82 56 0 14021 0 0 0
82 57 0 14554 0 0 0
82 58 0 14716 0 0 0
82 59 0 14634 0 0 0
82 60 0 14462 0 0 0
82 61 0 14347 0 0 0
82 62 0 14365 0 0 0
82 63 0 14565 0 0 0
82 64 0 14934 0 0 0
82 65 0 15439 0 0 0
82 66 0 16021 0 0 0
82 67 0 16604 0 0 0
82 68 0 17089 0 0 0
82 69 0 17386 0 0 0
82 70 0 17402 0 0 0
82 71 0 17078 0 0 0
82 72 0 16405 0 0 0
82 73 0 15412 0 0 0
82 74 0 14201 0 0 0
82 75 0 12874 0 0 0
82 76 0 11554 0 0 0
82 77 0 10344 0 0 0
82 78 0 9319 0 0 0
82 79 0 8498 0 0 0
82 80 0 7868 0 0 0
82 81 0 7396 0 0 0
82 82 0 7033 0 0 0
82 83 0 6723 0 0 0
82 84 0 6426 0 0 0
82 85 0 6107 0 0 0
82 86 0 5751 0 0 0
82 87 0 5351 0 0 0
82 88 0 4904 0 0 0
82 89 0 4425 0 0 0
82 90 0 3927 0 0 0
82 91 0 3425 0 0 0
82 92 0 2940 0 0 0
82 93 0 2479 0 0 0
82 94 0 2051 0 0 0
82 95 0 1669 0 0 0
82 96 0 1325 -9 689 -32
82 97 0 0 -3 648 1
83 2 0 0 189 0 -3
83 3 0 0 198 -1 1
83 5 0 0 193 33 1
83 12 0 0 229 157 0
83 14 0 0 240 210 0
83 16 0 0 211 288 1
83 19 0 0 121 344 3
83 40 0 2 0 0 0
83 41 0 5 0 0 0
83 42 0 21 0 0 0
83 43 0 61 0 0 0
83 44 0 142 33 247 -1
83 45 0 319 0 0 0
83 46 0 616 56 243 0
83 47 0 1090 0 0 0
83 48 0 1783 0 0 0
83 49 0 2716 90 242 1
83 50 0 3883 0 0 0
83 51 0 5235 98 255 5
83 52 0 6724 0 0 0
83 53 0 8245 128 277 1
83 54 0 9678 142 308 0
83 55 0 10886 0 0 0
83 56 0 11768 155 335 0
83 57 0 12288 0 0 0
83 58 0 12523 163 366 0
83 59 0 12589 0 0 0
83 60 0 12618 168 395 0
83 61 0 12736 0 0 0
83 62 0 12998 169 425 0
83 63 0 13431 0 0 0
83 64 0 14019 168 454 0
83 65 0 14724 0 0 0
83 66 0 15493 164 482 0
83 67 0 16252 0 0 0
83 68 0 16897 158 509 0
83 69 0 17328 0 0 0
83 70 0 17440 151 534 0
83 71 0 17163 0 0 0
83 72 0 16489 0 0 0
83 73 0 15456 142 557 0
83 74 0 14186 0 0 0
83 75 0 12799 131 578 0
83 76 0 11434 0 0 0
83 77 0 10201 120 597 0
83 78 0 9174 0 0 0
83 79 0 8371 108 614 0
83 80 0 7768 0 0 0
83 81 0 7327 96 628 0
83 82 0 6990 0 0 0
83 83 0 6699 85 641 0
83 84 0 6413 0 0 0
83 85 0 6099 73 650 0
83 86 0 5746 0 0 0
83 87 0 5346 61 660 0
83 88 0 4903 0 0 0
83 89 0 4430 50 665 0
83 90 0 3939 0 0 0
83 91 0 3445 39 672 0
83 92 0 2964 0 0 0
83 93 0 2505 29 672 -2
83 94 0 2075 0 0 0
83 95 0 1689 17 685 -23
83 96 0 1339 30 688 -31
83 97 0 0 14 645 0
84 2 0 0 180 14 7
84 3 0 0 187 36 3
84 10 0 0 182 122 0
84 18 0 0 101 287 0
84 21 0 0 75 289 0
84 23 0 0 50 292 0
84 25 0 0 36 286 0
84 27 0 0 25 284 0
84 29 0 0 18 279 0
84 31 0 0 14 276 0
84 33 0 0 12 273 0
84 35 0 0 11 271 0
84 37 0 0 12 268 0
84 38 0 0 14 266 0
84 40 0 2 18 263 0
84 41 0 4 0 0 0
84 42 0 18 23 259 0
84 43 0 48 0 0 0
84 44 0 112 34 259 0
84 45 0 242 0 0 0
84 46 0 462 0 0 0
84 47 0 821 0 0 0
84 48 0 1355 0 0 0
84 49 0 2086 0 0 0
84 50 0 3023 0 0 0
84 51 0 4131 0 0 0
84 52 0 5373 0 0 0
84 53 0 6658 0 0 0
84 54 0 7886 0 0 0
84 55 0 8940 0 0 0
84 56 0 9740 0 0 0
84 57 0 10253 0 0 0
84 58 0 10555 0 0 0
84 59 0 10741 0 0 0
84 60 0 10925 0 0 0
84 61 0 11213 0 0 0
84 62 0 11647 0 0 0
84 63 0 12246 0 0 0
84 64 0 12987 0 0 0
84 65 0 13834 0 0 0
84 66 0 14737 0 0 0
84 67 0 15623 0 0 0
84 68 0 16385 0 0 0
84 69 0 16914 0 0 0
84 70 0 17098 0 0 0
84 71 0 16863 0 0 0
84 72 0 16199 0 0 0
84 73 0 15157 0 0 0
84 74 0 13867 0 0 0
84 75 0 12466 0 0 0
84 76 0 11098 0 0 0
84 77 0 9878 0 0 0
84 78 0 8878 0 0 0
84 79 0 8113 0 0 0
84 80 0 7552 0 0 0
84 81 0 7150 0 0 0
84 82 0 6848 0 0 0
84 83 0 6583 0 0 0
84 84 0 6317 0 0 0
84 85 0 6019 0 0 0
84 86 0 5677 0 0 0
84 87 0 5288 0 0 0
84 88 0 4859 0 0 0
84 89 0 4399 0 0 0
84 90 0 3923 0 0 0
84 91 0 3442 0 0 0
84 92 0 2971 0 0 0
84 93 0 2517 0 0 0
84 94 0 2088 0 0 0
84 95 0 1700 0 0 0
84 96 0 1346 -10 680 -31
84 97 0 0 -3 638 1
85 2 0 0 165 0 -3
85 3 0 0 172 0 2
85 5 0 0 168 36 1
85 7 0 0 173 61 0
85 8 0 0 177 89 0
85 12 0 0 183 160 0
85 14 0 0 181 203 0
85 16 0 0 163 260 0
85 40 0 1 0 0 0
85 41 0 3 0 0 0
85 42 0 14 0 0 0
85 43 0 36 0 0 0
85 44 0 84 0 0 0
85 45 0 177 0 0 0
85 46 0 338 0 0 0
85 47 0 603 46 259 0
85 48 0 1005 0 0 0
85 49 0 1564 65 269 4
85 50 0 2295 0 0 0
85 51 0 3178 85 281 0
85 52 0 4187 0 0 0
85 53 0 5251 105 297 1
85 54 0 6288 117 322 0
85 55 0 7203 0 0 0
85 56 0 7930 128 345 0
85 57 0 8437 0 0 0
85 58 0 8787 135 372 0
85 59 0 9060 0 0 0
85 60 0 9349 139 399 0
85 61 0 9748 0 0 0
85 62 0 10291 141 426 0
85 63 0 10987 0 0 0
85 64 0 11817 140 452 0
85 65 0 12743 0 0 0
85 66 0 13718 138 478 0
85 67 0 14670 0 0 0
85 68 0 15492 133 503 0
85 69 0 16074 0 0 0
85 70 0 16303 127 526 0
85 71 0 16106 0 0 0
85 72 0 15473 0 0 0
85 73 0 14463 120 548 0
85 74 0 13208 0 0 0
85 75 0 11851 112 568 0
85 76 0 10534 0 0 0
85 77 0 9373 103 586 0
85 78 0 8434 0 0 0
85 79 0 7729 93 603 0
85 80 0 7223 0 0 0
85 81 0 6871 83 617 0
85 82 0 6610 0 0 0
85 83 0 6379 73 630 0
85 84 0 6141 0 0 0
85 85 0 5867 63 640 0
85 86 0 5547 0 0 0
85 87 0 5179 53 649 0
85 88 0 4771 0 0 0
85 89 0 4334 43 655 0
85 90 0 3878 0 0 0
85 91 0 3416 34 662 0
85 92 0 2958 0 0 0
85 93 0 2513 25 663 -2
85 94 0 2088 0 0 0
85 95 0 1700 15 676 -23
85 96 0 1345 28 679 -31
85 97 0 0 13 635 0
86 2 0 0 153 13 6
86 3 0 0 160 35 3
86 14 0 0 141 193 0
86 17 0 0 125 232 0
86 19 0 0 93 257 0
86 21 0 0 72 264 0
86 23 0 0 52 271 0
86 25 0 0 38 273 0
86 27 0 0 27 274 0
86 29 0 0 20 273 0
86 31 0 0 16 273 0
86 33 0 0 13 272 0
86 35 0 0 12 271 0
86 37 0 0 13 271 0
86 38 0 0 15 270 0
86 40 0 1 19 270 0
86 41 0 2 0 0 0
86 42 0 10 25 269 0
86 43 0 25 0 0 0
86 44 0 59 34 271 0
86 45 0 124 0 0 0
86 46 0 238 46 275 0
86 47 0 426 0 0 0
86 48 0 718 60 282 -1
86 49 0 1129 0 0 0
86 50 0 1678 0 0 0
86 51 0 2356 0 0 0
86 52 0 3150 0 0 0
86 53 0 4007 0 0 0
86 54 0 4867 0 0 0
86 55 0 5651 0 0 0
86 56 0 6306 0 0 0
86 57 0 6799 0 0 0
86 58 0 7180 0 0 0
86 59 0 7509 0 0 0
86 60 0 7865 0 0 0
86 61 0 8327 0 0 0
86 62 0 8924 0 0 0
86 63 0 9662 0 0 0
86 64 0 10519 0 0 0
86 65 0 11460 0 0 0
86 66 0 12439 0 0 0
86 67 0 13390 0 0 0
86 68 0 14212 0 0 0
86 69 0 14798 0 0 0
86 70 0 15044 0 0 0
86 71 0 14882 0 0 0
86 72 0 14305 0 0 0
86 73 0 13372 0 0 0
86 74 0 12210 0 0 0
86 75 0 10958 0 0 0
86 76 0 9749 0 0 0
86 77 0 8692 0 0 0
86 78 0 7847 0 0 0
86 79 0 7224 0 0 0
86 80 0 6787 0 0 0
86 81 0 6491 0 0 0
86 82 0 6278 0 0 0
86 83 0 6086 0 0 0
86 84 0 5884 0 0 0
86 85 0 5642 0 0 0
86 86 0 5353 0 0 0
86 87 0 5015 0 0 0
86 88 0 4636 0 0 0
86 89 0 4227 0 0 0
86 90 0 3798 0 0 0
86 91 0 3359 0 0 0
86 92 0 2919 0 0 0
86 93 0 2487 0 0 0
86 94 0 2070 0 0 0
86 95 0 1686 0 0 0
86 96 0 1333 -11 672 -31
86 97 0 0 -4 629 1
87 2 0 0 140 1 -3
87 3 0 0 143 4 2
87 5 0 0 142 38 1
87 7 0 0 145 64 0
87 8 0 0 147 92 0
87 10 0 0 149 123 0
87 12 0 0 147 157 0
87 40 0 0 0 0 0
87 41 0 1 0 0 0
87 42 0 7 0 0 0
87 43 0 17 0 0 0
87 44 0 39 0 0 0
87 45 0 83 0 0 0
87 46 0 160 0 0 0
87 47 0 287 0 0 0
87 48 0 490 0 0 0
87 49 0 779 0 0 0
87 50 0 1175 71 294 0
87 51 0 1675 0 0 0
87 52 0 2277 86 311 0
87 53 0 2945 0 0 0
87 54 0 3639 95 331 0
87 55 0 4297 0 0 0
87 56 0 4874 104 353 0
87 57 0 5338 0 0 0
87 58 0 5728 110 377 0
87 59 0 6086 0 0 0
87 60 0 6476 114 401 0
87 61 0 6963 0 0 0
87 62 0 7570 115 426 0
87 63 0 8298 0 0 0
87 64 0 9128 115 451 0
87 65 0 10025 0 0 0
87 66 0 10948 113 475 0
87 67 0 11836 0 0 0
87 68 0 12602 110 498 0
87 69 0 13151 0 0 0
87 70 0 13390 0 0 0
87 71 0 13263 105 520 0
87 72 0 12762 0 0 0
87 73 0 11945 100 541 0
87 74 0 10925 0 0 0
87 75 0 9829 93 560 0
87 76 0 8775 0 0 0
87 77 0 7860 86 578 0
87 78 0 7135 0 0 0
87 79 0 6610 78 594 0
87 80 0 6252 0 0 0
87 81 0 6018 70 608 0
87 82 0 5855 0 0 0
87 83 0 5707 61 621 0
87 84 0 5546 0 0 0
87 85 0 5343 53 630 0
87 86 0 5092 0 0 0
87 87 0 4790 45 640 0
87 88 0 4447 0 0 0
87 89 0 4072 37 646 0
87 90 0 3673 0 0 0
87 91 0 3261 29 654 0
87 92 0 2843 0 0 0
87 93 0 2429 21 654 -2
87 94 0 2025 0 0 0
87 95 0 1651 12 667 -23
87 96 0 1304 27 670 -31
87 97 0 0 12 627 1
88 2 0 0 123 12 6
88 3 0 0 132 33 3
88 19 0 0 74 235 0
88 21 0 0 60 248 0
88 23 0 0 45 258 0
88 25 0 0 34 262 0
88 27 0 0 26 266 0
88 29 0 0 20 268 0
88 31 0 0 16 269 0
88 33 0 0 14 270 0
88 35 0 0 13 271 0
88 37 0 0 13 271 0
88 38 0 0 14 272 0
88 40 0 0 18 274 0
88 41 0 0 0 0 0
88 42 0 4 22 276 0
88 43 0 11 0 0 0
88 44 0 25 29 280 0
88 45 0 53 0 0 0
88 46 0 103 0 0 0
88 47 0 186 0 0 0
88 48 0 322 0 0 0
88 49 0 515 0 0 0
88 50 0 788 0 0 0
88 51 0 1139 0 0 0
88 52 0 1575 0 0 0
88 53 0 2073 0 0 0
88 54 0 2611 0 0 0
88 55 0 3141 0 0 0
88 56 0 3632 0 0 0
88 57 0 4052 0 0 0
88 58 0 4430 0 0 0
88 59 0 4792 0 0 0
88 60 0 5188 0 0 0
88 61 0 5667 0 0 0
88 62 0 6248 0 0 0
88 63 0 6930 0 0 0
88 64 0 7691 0 0 0
88 65 0 8503 0 0 0
88 66 0 9326 0 0 0
88 67 0 10111 0 0 0
88 68 0 10785 0 0 0
88 69 0 11268 0 0 0
88 70 0 11486 0 0 0
88 71 0 11393 0 0 0
88 72 0 10982 0 0 0
88 73 0 10305 0 0 0
88 74 0 9457 0 0 0
88 75 0 8547 0 0 0
88 76 0 7674 0 0 0
88 77 0 6920 0 0 0
88 78 0 6329 0 0 0
88 79 0 5910 0 0 0
88 80 0 5633 0 0 0
88 81 0 5462 0 0 0
88 82 0 5351 0 0 0
88 83 0 5250 0 0 0
88 84 0 5131 0 0 0
88 85 0 4972 0 0 0
88 86 0 4763 0 0 0
88 87 0 4502 0 0 0
88 88 0 4199 0 0 0
88 89 0 3861 0 0 0
88 90 0 3496 0 0 0
88 91 0 3116 0 0 0
88 92 0 2725 0 0 0
88 93 0 2333 0 0 0
88 94 0 1949 0 0 0
88 95 0 1589 0 0 0
88 96 0 1255 -12 665 -31
88 97 0 0 -4 622 1
89 2 0 0 115 2 -2
89 3 0 0 114 6 2
89 5 0 0 116 39 1
89 7 0 0 117 64 0
89 8 0 0 118 93 0
89 10 0 0 117 121 0
89 12 0 0 114 152 0
89 14 0 0 107 182 0
89 17 0 0 96 213 0
89 40 0 0 0 0 0
89 41 0 0 0 0 0
89 42 0 2 0 0 0
89 43 0 6 0 0 0
89 44 0 15 0 0 0
89 45 0 32 0 0 0
89 46 0 63 37 285 0
89 47 0 114 0 0 0
89 48 0 200 47 295 0
89 49 0 323 0 0 0
89 50 0 501 57 307 0
89 51 0 736 0 0 0
89 52 0 1037 68 322 0
89 53 0 1392 0 0 0
89 54 0 1791 75 340 0
89 55 0 2202 0 0 0
89 56 0 2603 82 360 0
89 57 0 2968 0 0 0
89 58 0 3316 87 382 0
89 59 0 3659 0 0 0
89 60 0 4035 90 404 0
89 61 0 4478 0 0 0
89 62 0 5005 92 427 0
89 63 0 5610 0 0 0
89 64 0 6276 92 450 0
89 65 0 6976 0 0 0
89 66 0 7678 91 473 0
89 67 0 8341 0 0 0
89 68 0 8908 88 495 0
89 69 0 9316 0 0 0
89 70 0 9507 0 0 0
89 71 0 9446 85 516 0
89 72 0 9129 0 0 0
89 73 0 8597 80 536 0
89 74 0 7928 0 0 0
89 75 0 7210 75 554 0
89 76 0 6520 0 0 0
89 77 0 5928 69 571 0
89 78 0 5470 0 0 0
89 79 0 5154 63 587 0
89 80 0 4955 0 0 0
89 81 0 4844 57 601 0
89 82 0 4782 0 0 0
89 83 0 4725 50 613 0
89 84 0 4650 0 0 0
89 85 0 4534 43 623 0
89 86 0 4369 0 0 0
89 87 0 4151 37 633 0
89 88 0 3889 0 0 0
89 89 0 3591 30 639 0
89 90 0 3262 0 0 0
89 91 0 2916 24 647 0
89 92 0 2557 0 0 0
89 93 0 2193 17 648 -2
89 94 0 1834 0 0 0
89 95 0 1496 10 661 -22
89 96 0 1181 25 663 -30
89 97 0 0 11 620 1
90 2 0 0 95 16 5
90 3 0 0 104 31 3
90 40 0 0 0 0 0
90 41 0 0 0 0 0
90 42 0 1 0 0 0
90 43 0 4 0 0 0
90 44 0 9 0 0 0
90 45 0 19 0 0 0
90 46 0 37 0 0 0
90 47 0 67 0 0 0
90 48 0 119 0 0 0
90 49 0 194 0 0 0
90 50 0 305 0 0 0
90 51 0 455 0 0 0
90 52 0 653 0 0 0
90 53 0 895 0 0 0
90 54 0 1178 0 0 0
90 55 0 1484 0 0 0
90 56 0 1798 0 0 0
90 57 0 2099 0 0 0
90 58 0 2401 0 0 0
90 59 0 2706 0 0 0
90 60 0 3039 0 0 0
90 61 0 3425 0 0 0
90 62 0 3877 0 0 0
90 63 0 4389 0 0 0
90 64 0 4948 0 0 0
90 65 0 5530 0 0 0
90 66 0 6109 0 0 0
90 67 0 6652 0 0 0
90 68 0 7116 0 0 0
90 69 0 7454 0 0 0
90 70 0 7620 0 0 0
90 71 0 7591 0 0 0
90 72 0 7360 0 0 0
90 73 0 6962 0 0 0
90 74 0 6455 0 0 0
90 75 0 5911 0 0 0
90 76 0 5388 0 0 0
90 77 0 4944 0 0 0
90 78 0 4605 0 0 0
90 79 0 4381 0 0 0
90 80 0 4252 0 0 0
90 81 0 4194 0 0 0
90 82 0 4175 0 0 0
90 83 0 4159 0 0 0
90 84 0 4123 0 0 0
90 85 0 4048 0 0 0
90 86 0 3923 0 0 0
90 87 0 3746 0 0 0
90 88 0 3525 0 0 0
90 89 0 3266 0 0 0
90 90 0 2976 0 0 0
90 91 0 2666 0 0 0
90 92 0 2342 0 0 0
90 93 0 2011 0 0 0
90 94 0 1684 0 0 0
90 95 0 1374 0 0 0
90 96 0 1084 -13 659 -31
90 97 0 0 -5 615 1
91 2 0 0 87 6 -1
91 3 0 0 85 9 1
91 5 0 0 90 39 1
91 7 0 0 90 64 1
91 8 0 0 90 92 0
91 10 0 0 89 119 0
91 12 0 0 86 148 0
91 14 0 0 80 175 0
91 17 0 0 72 201 0
91 19 0 0 59 221 0
91 21 0 0 48 235 0
91 23 0 0 37 246 0
91 25 0 0 29 254 0
91 27 0 0 22 259 0
91 29 0 0 17 263 0
91 31 0 0 14 266 0
91 33 0 0 12 269 0
91 35 0 0 11 271 0
91 37 0 0 11 273 0
91 39 0 0 13 275 0
91 40 0 0 15 278 0
91 41 0 0 0 0 0
91 42 0 1 19 281 0
91 43 0 2 0 0 0
91 44 0 5 24 286 0
91 45 0 10 0 0 0
91 46 0 20 31 293 0
91 47 0 37 0 0 0
91 48 0 66 38 302 0
91 49 0 109 0 0 0
91 50 0 174 44 314 0
91 51 0 265 0 0 0
91 52 0 389 51 329 0
91 53 0 545 0 0 0
91 54 0 738 57 346 0
91 55 0 956 0 0 0
91 56 0 1191 62 365 0
91 57 0 1428 0 0 0
91 58 0 1676 66 385 0
91 59 0 1930 0 0 0
91 60 0 2207 68 406 0
91 61 0 2523 0 0 0
91 62 0 2891 69 428 0
91 63 0 3305 0 0 0
91 64 0 3757 69 450 0
91 65 0 4227 0 0 0
91 66 0 4694 0 0 0
91 67 0 5133 69 471 0
91 68 0 5511 0 0 0
91 69 0 5792 67 492 0
91 70 0 5940 0 0 0
91 71 0 5940 64 512 0
91 72 0 5783 0 0 0
91 73 0 5498 61 531 0
91 74 0 5127 0 0 0
91 75 0 4727 57 549 0
91 76 0 4343 0 0 0
91 77 0 4019 53 566 0
91 78 0 3780 0 0 0
91 79 0 3631 48 581 0
91 80 0 3558 0 0 0
91 81 0 3543 43 595 0
91 82 0 3559 0 0 0
91 83 0 3575 38 607 0
91 84 0 3572 0 0 0
91 85 0 3532 33 617 0
91 86 0 3444 0 0 0
91 87 0 3305 29 627 0
91 88 0 3121 0 0 0
91 89 0 2901 23 633 0
91 90 0 2649 0 0 0
91 91 0 2377 19 642 0
91 92 0 2090 0 0 0
91 93 0 1796 12 642 -2
91 94 0 1504 0 0 0
91 95 0 1226 8 654 -23
91 96 0 967 24 658 -31
91 97 0 0 10 613 1
92 2 0 0 66 16 5
92 3 0 0 76 29 3
92 40 0 0 0 0 0
92 41 0 0 0 0 0
92 42 0 0 0 0 0
92 43 0 1 0 0 0
92 44 0 2 0 0 0
92 45 0 5 0 0 0
92 46 0 10 0 0 0
92 47 0 18 0 0 0
92 48 0 34 0 0 0
92 49 0 57 0 0 0
92 50 0 93 0 0 0
92 51 0 145 0 0 0
92 52 0 219 0 0 0
92 53 0 316 0 0 0
92 54 0 441 0 0 0
92 55 0 589 0 0 0
92 56 0 757 0 0 0
92 57 0 934 0 0 0
92 58 0 1124 0 0 0
92 59 0 1322 0 0 0
92 60 0 1539 0 0 0
92 61 0 1784 0 0 0
92 62 0 2070 0 0 0
92 63 0 2394 0 0 0
92 64 0 2748 0 0 0
92 65 0 3120 0 0 0
92 66 0 3493 0 0 0
92 67 0 3846 0 0 0
92 68 0 4156 0 0 0
92 69 0 4392 0 0 0
92 70 0 4528 0 0 0
92 71 0 4550 0 0 0
92 72 0 4451 0 0 0
92 73 0 4252 0 0 0
92 74 0 3985 0 0 0
92 75 0 3695 0 0 0
92 76 0 3418 0 0 0
92 77 0 3188 0 0 0
92 78 0 3025 0 0 0
92 79 0 2934 0 0 0
92 80 0 2904 0 0 0
92 81 0 2920 0 0 0
92 82 0 2961 0 0 0
92 83 0 3000 0 0 0
92 84 0 3021 0 0 0
92 85 0 3008 0 0 0
92 86 0 2949 0 0 0
92 87 0 2842 0 0 0
92 88 0 2692 0 0 0
92 89 0 2508 0 0 0
92 90 0 2292 0 0 0
92 91 0 2059 0 0 0
92 92 0 1811 0 0 0
92 93 0 1556 0 0 0
92 94 0 1303 0 0 0
92 95 0 1061 0 0 0
92 96 0 835 -12 652 -30
92 97 0 0 -5 611 1
93 2 0 0 59 11 0
93 3 0 0 55 13 2
93 5 0 0 63 40 1
93 7 0 0 63 64 0
93 8 0 0 62 91 0
93 10 0 0 61 117 0
93 12 0 0 59 144 0
93 14 0 0 54 168 0
93 17 0 0 49 192 0
93 19 0 0 41 211 0
93 21 0 0 34 226 0
93 23 0 0 27 239 0
93 25 0 0 21 247 0
93 27 0 0 17 254 0
93 29 0 0 13 260 0
93 31 0 0 11 264 0
93 33 0 0 9 267 0
93 35 0 0 9 270 0
93 37 0 0 9 273 0
93 39 0 0 10 276 0
93 41 0 0 11 280 0
93 42 0 0 14 285 0
93 43 0 0 0 0 0
93 44 0 1 17 291 0
93 45 0 2 0 0 0
93 46 0 5 21 299 0
93 47 0 9 0 0 0
93 48 0 17 26 309 0
93 49 0 28 0 0 0
93 50 0 48 31 320 0
93 51 0 77 0 0 0
93 52 0 119 36 335 0
93 53 0 176 0 0 0
93 54 0 253 40 351 0
93 55 0 349 0 0 0
93 56 0 462 43 369 0
93 57 0 586 0 0 0
93 58 0 724 46 388 0
93 59 0 869 0 0 0
93 60 0 1029 47 408 0
93 61 0 1210 0 0 0
93 62 0 1423 48 429 0
93 63 0 1667 0 0 0
93 64 0 1939 0 0 0
93 65 0 2229 49 449 0
93 66 0 2524 0 0 0
93 67 0 2810 48 470 0
93 68 0 3066 0 0 0
93 69 0 3268 47 490 0
93 70 0 3394 0 0 0
93 71 0 3431 45 510 0
93 72 0 3373 0 0 0
93 73 0 3236 43 528 0
93 74 0 3043 0 0 0
93 75 0 2833 40 546 0
93 76 0 2633 0 0 0
93 77 0 2471 37 562 0
93 78 0 2362 0 0 0
93 79 0 2311 34 577 0
93 80 0 2310 0 0 0
93 81 0 2345 31 591 0
93 82 0 2400 0 0 0
93 83 0 2453 27 603 0
93 84 0 2489 0 0 0
93 85 0 2493 23 613 0
93 86 0 2456 0 0 0
93 87 0 2376 20 623 0
93 88 0 2256 0 0 0
93 89 0 2105 16 630 0
93 90 0 1925 0 0 0
93 91 0 1730 13 638 1
93 92 0 1521 0 0 0
93 93 0 1306 8 639 -1
93 94 0 1092 0 0 0
93 95 0 888 5 653 -18
93 96 0 697 24 653 -31
93 97 0 0 9 609 1
94 2 0 0 38 8 2
94 3 0 0 50 25 3
94 42 0 0 0 0 0
94 43 0 0 0 0 0
94 44 0 0 0 0 0
94 45 0 1 0 0 0
94 46 0 2 0 0 0
94 47 0 4 0 0 0
94 48 0 8 0 0 0
94 49 0 13 0 0 0
94 50 0 23 0 0 0
94 51 0 38 0 0 0
94 52 0 60 0 0 0
94 53 0 93 0 0 0
94 54 0 138 0 0 0
94 55 0 197 0 0 0
94 56 0 270 0 0 0
94 57 0 352 0 0 0
94 58 0 445 0 0 0
94 59 0 545 0 0 0
94 60 0 657 0 0 0
94 61 0 785 0 0 0
94 62 0 938 0 0 0
94 63 0 1117 0 0 0
94 64 0 1320 0 0 0
94 65 0 1541 0 0 0
94 66 0 1773 0 0 0
94 67 0 2002 0 0 0
94 68 0 2213 0 0 0
94 69 0 2386 0 0 0
94 70 0 2501 0 0 0
94 71 0 2548 0 0 0
94 72 0 2517 0 0 0
94 73 0 2423 0 0 0
94 74 0 2284 0 0 0
94 75 0 2131 0 0 0
94 76 0 1985 0 0 0
94 77 0 1872 0 0 0
94 78 0 1801 0 0 0
94 79 0 1777 0 0 0
94 80 0 1793 0 0 0
94 81 0 1838 0 0 0
94 82 0 1898 0 0 0
94 83 0 1956 0 0 0
94 84 0 1998 0 0 0
94 85 0 2013 0 0 0
94 86 0 1992 0 0 0
94 87 0 1932 0 0 0
94 88 0 1837 0 0 0
94 89 0 1715 0 0 0
94 90 0 1569 0 0 0
94 91 0 1408 0 0 0
94 92 0 1237 0 0 0
94 93 0 1061 0 0 0
94 94 0 886 0 0 0
94 95 0 718 0 0 0
94 96 0 562 -5 646 -29
94 97 0 0 -9 616 3
95 2 0 0 20 3 -1
95 3 0 0 28 15 0
95 5 0 0 38 38 0
95 7 0 0 39 63 0
95 8 0 0 37 89 0
95 10 0 0 37 115 0
95 12 0 0 35 140 0
95 14 0 0 33 163 0
95 17 0 0 30 185 0
95 19 0 0 25 204 0
95 21 0 0 21 219 0
95 23 0 0 16 231 0
95 25 0 0 13 241 0
95 27 0 0 10 249 0
95 29 0 0 8 255 0
95 31 0 0 6 260 0
95 33 0 0 5 264 1
95 35 0 0 5 267 1
95 37 0 0 5 271 1
95 39 0 0 6 275 1
95 41 0 0 7 279 1
95 42 0 0 0 0 0
95 43 0 0 8 284 1
95 44 0 0 10 291 1
95 45 0 0 0 0 0
95 46 0 1 13 299 1
95 47 0 1 0 0 0
95 48 0 3 15 309 1
95 49 0 6 0 0 0
95 50 0 10 18 321 1
95 51 0 18 0 0 0
95 52 0 29 21 335 1
95 53 0 46 0 0 0
95 54 0 71 0 0 0
95 55 0 105 23 350 1
95 56 0 149 0 0 0
95 57 0 200 25 367 1
95 58 0 260 0 0 0
95 59 0 326 27 386 1
95 60 0 400 0 0 0
95 61 0 487 28 405 1
95 62 0 594 0 0 0
95 63 0 721 29 425 1
95 64 0 869 0 0 0
95 65 0 1034 29 445 1
95 66 0 1211 0 0 0
95 67 0 1391 28 465 1
95 68 0 1562 0 0 0
95 69 0 1708 28 485 1
95 70 0 1810 0 0 0
95 71 0 1858 27 504 1
95 72 0 1845 0 0 0
95 73 0 1781 25 522 1
95 74 0 1680 0 0 0
95 75 0 1567 24 539 1
95 76 0 1462 0 0 0
95 77 0 1382 22 555 1
95 78 0 1337 0 0 0
95 79 0 1329 20 569 1
95 80 0 1353 0 0 0
95 81 0 1401 18 582 1
95 82 0 1459 0 0 0
95 83 0 1515 16 595 1
95 84 0 1558 0 0 0
95 85 0 1577 14 605 1
95 86 0 1566 0 0 0
95 87 0 1522 12 615 1
95 88 0 1449 0 0 0
95 89 0 1352 9 620 1
95 90 0 1237 0 0 0
95 91 0 1109 9 630 0
95 92 0 973 0 0 0
95 93 0 833 4 631 -1
95 94 0 694 0 0 0
95 95 0 561 2 642 -16
95 96 0 438 25 652 -27
95 97 0 0 3 617 11
96 2 0 0 14 2 0
96 3 0 0 20 20 0
96 4 0 0 13 27 0
96 5 0 0 24 47 -2
96 6 0 0 10 54 0
96 7 0 0 28 72 -3
96 8 0 0 5 81 0
96 9 0 0 29 97 -4
96 10 0 0 1 107 0
96 11 0 0 30 122 -4
96 12 0 0 0 131 0
96 13 0 0 32 147 -5
96 14 0 0 -2 156 0
96 15 0 0 32 170 -5
96 16 0 0 -4 178 1
96 17 0 0 32 191 -5
96 18 0 0 -7 199 2
96 19 0 0 32 209 -5
96 20 0 0 -10 216 2
96 21 0 0 30 224 -5
96 22 0 0 -12 230 3
96 23 0 0 29 237 -5
96 24 0 0 -14 242 3
96 25 0 0 28 247 -4
96 26 0 0 -16 251 3
96 27 0 0 27 255 -4
96 28 0 0 -17 258 3
96 29 0 0 26 261 -4
96 30 0 0 -18 264 4
96 31 0 0 25 266 -4
96 32 0 0 -19 269 4
96 33 0 0 25 270 -4
96 34 0 0 -19 273 4
96 35 0 0 25 274 -4
96 36 0 0 -20 277 4
96 37 0 0 25 278 -4
96 38 0 0 -19 281 4
96 39 0 0 26 283 -4
96 40 0 0 -19 285 4
96 41 0 0 26 287 -4
96 42 0 0 -19 290 3
96 43 0 0 27 293 -4
96 44 0 0 -19 297 3
96 45 0 0 28 300 -5
96 46 0 0 -18 304 3
96 47 0 0 30 309 -5
96 48 0 1 -17 314 3
96 49 0 2 32 319 -5
96 50 0 4 -16 325 3
96 51 0 8 33 332 -5
96 52 0 13 -15 338 3
96 53 0 22 35 346 -6
96 54 0 35 -14 354 3
96 55 0 54 37 362 -6
96 56 0 78 -13 370 3
96 57 0 108 38 379 -6
96 58 0 144 -13 389 3
96 59 0 185 39 398 -6
96 60 0 233 -12 408 3
96 61 0 290 40 418 -6
96 62 0 363 -12 428 3
96 63 0 450 41 438 -6
96 64 0 555 -12 448 3
96 65 0 675 41 458 -6
96 66 0 806 -12 468 3
96 67 0 942 41 478 -6
96 68 0 1074 -13 488 3
96 69 0 1190 41 498 -6
96 70 0 1274 -13 508 3
96 71 0 1317 40 517 -6
96 72 0 1314 -13 527 3
96 73 0 1271 39 535 -6
96 74 0 1199 -14 545 3
96 75 0 1119 39 552 -6
96 76 0 1044 -15 562 3
96 77 0 990 38 569 -6
96 78 0 963 -15 577 4
96 79 0 964 37 584 -5
96 80 0 991 -16 592 4
96 81 0 1035 36 597 -5
96 82 0 1088 -17 605 4
96 83 0 1137 34 609 -5
96 84 0 1176 -18 616 4
96 85 0 1195 33 620 -5
96 86 0 1190 -18 626 4
96 87 0 1158 32 629 -5
96 88 0 1103 -20 634 4
96 89 0 1029 30 635 -5
96 90 0 940 -21 640 4
96 91 0 843 29 640 -4
96 92 0 738 -25 646 5
96 93 0 630 24 639 -4
96 94 0 524 -26 655 6
96 95 0 422 22 631 -9
96 96 0 328 13 662 -19
96 97 0 0 -6 641 13
97 2 0 0 1 5 0
97 3 0 0 2 16 3
97 4 0 0 2 29 -6
97 5 0 0 1 41 7
97 6 0 0 1 55 -11
97 7 0 0 0 69 13
97 8 0 0 1 84 -11
97 9 0 0 0 97 17
97 10 0 0 1 109 -15
97 11 0 0 -2 125 20
97 12 0 0 1 135 -17
97 13 0 0 -2 152 24
97 14 0 0 1 160 -17
97 15 0 0 -2 176 27
97 16 0 0 1 183 -17
97 17 0 0 -2 198 28
97 18 0 0 1 204 -16
97 19 0 0 -3 218 28
97 20 0 0 1 221 -15
97 21 0 0 -3 234 28
97 22 0 0 0 236 -13
97 23 0 0 -3 247 28
97 24 0 0 0 248 -11
97 25 0 0 -4 258 28
97 26 0 0 0 257 -9
97 27 0 0 -4 267 27
97 28 0 0 0 265 -8
97 29 0 0 -4 273 27
97 30 0 0 0 272 -5
97 31 0 0 -5 279 26
97 32 0 0 0 277 -5
97 33 0 0 -5 283 26
97 34 0 0 0 281 -4
97 35 0 0 -5 288 26
97 36 0 0 0 286 -3
97 37 0 0 -5 292 25
97 38 0 0 0 290 -2
97 39 0 0 -5 296 25
97 40 0 0 0 295 -2
97 41 0 0 -5 301 25
97 42 0 0 8 312 0
97 43 0 0 -5 307 25
97 44 0 0 0 308 0
97 45 0 0 -4 315 24
97 46 0 0 0 331 10
97 47 0 0 -4 324 24
97 48 0 0 0 327 1
97 49 0 0 -4 335 23
97 50 0 0 0 340 1
97 51 0 0 -3 349 22
97 52 0 0 0 355 2
97 53 0 0 -3 364 21
97 54 0 0 0 371 4
97 55 0 0 -3 381 19
97 56 0 0 0 390 5
97 57 0 0 -2 399 18
97 58 0 0 0 409 6
97 59 0 0 -2 419 16
97 60 0 0 0 430 7
97 61 0 0 -1 439 14
97 62 0 0 0 452 8
97 63 0 0 -1 460 12
97 64 0 0 0 474 9
97 65 0 0 0 481 10
97 66 0 0 0 496 10
97 67 0 0 0 502 8
97 68 0 0 0 518 10
97 69 0 0 0 522 6
97 70 0 0 0 539 10
97 71 0 0 0 542 5
97 72 0 0 0 559 11
97 73 0 0 0 561 3
97 74 0 0 0 579 11
97 75 0 0 0 578 1
97 76 0 0 0 597 11
97 77 0 0 1 595 0
97 78 0 0 0 613 11
97 79 0 0 1 610 0
97 80 0 0 0 629 11
97 81 0 0 1 624 -1
97 82 0 0 0 643 11
97 83 0 0 1 637 -1
97 84 0 0 0 655 11
97 85 0 0 2 647 -2
97 86 0 0 0 665 11
97 87 0 0 2 657 -2
97 88 0 0 0 674 11
97 89 0 0 1 664 -2
97 90 0 0 0 682 10
97 91 0 0 1 670 -2
97 92 0 0 -2 684 12
97 93 0 0 0 671 -4
97 94 0 0 -6 677 11
97 95 0 0 -1 671 -5
97 96 0 0 -11 682 -7
97 97 0 0 -6 652 -5
