env_min(m) 0.0000 0.0000 0.0000
env_max(m) 10.0000 10.0000 3.0000
NumCells_XYZ 100 100 30
CellSizes_XYZ[m] 0.1000 0.1000 0.1000
GasSourceLocation_XYZ[m] 6.7143 6.1429 0.5000
GasType ethanol
Cell_x	 Cell_y	 Cell_z	 Gas_conc[10^⁻3ppm]	 Wind_u[10^⁻3m/s]	 Wind_v[10^⁻3m/s]	 Wind_w[10^⁻3m/s]
2 2 0 0 -1763 -1 35
2 3 0 0 -1783 -62 -25
2 4 0 0 -1806 -36 -49
2 5 0 0 -1802 22 -42
2 6 0 0 -1789 -19 -46
2 7 0 0 -1809 48 -56
2 8 0 0 -1775 -19 -42
2 9 0 0 -1769 49 -40
2 10 0 0 -1750 -23 -37
2 11 0 0 -1762 60 -49
2 12 0 0 -1744 -20 -39
2 13 0 0 -1731 48 -47
2 14 0 0 -1711 -21 -37
2 15 0 0 -1709 53 -50
2 16 0 0 -1680 -10 -34
2 17 0 0 -1706 49 -41
2 18 0 0 -1662 -7 -45
2 19 0 0 -1688 23 -16
2 20 0 0 -1681 -2 -5
2 21 0 0 -1675 -2 -14
2 22 0 0 -1672 -7 -13
2 23 0 0 -1671 -6 -4
2 24 0 0 -1681 -14 -20
2 25 0 0 -1676 -4 -5
2 26 0 0 -1699 -18 -21
2 27 0 0 -1687 -6 -2
2 28 0 0 -1719 -22 -21
2 29 0 0 -1704 -8 -1
2 30 0 0 -1742 -24 -21
2 31 0 0 -1726 -8 -1
2 32 0 0 -1765 -24 -21
2 33 0 0 -1747 -7 0
2 34 0 0 -1789 -21 -22
2 35 0 0 -1776 -3 -1
2 36 0 0 -1807 -16 -23
2 37 0 0 -1796 2 -1
2 38 0 0 -1823 -10 -22
2 39 0 0 -1816 8 -5
2 40 0 0 -1828 -5 -18
2 41 0 0 -1823 8 -13
2 42 0 0 -1823 4 -11
2 43 0 0 -1824 22 -14
2 44 0 0 -1798 10 4
2 45 0 0 -1810 45 -16
2 46 0 0 -1744 36 11
2 47 0 0 -1758 84 -12
2 48 0 0 -1658 70 17
2 49 0 0 -1673 120 -6
2 50 0 0 -1463 124 20
2 51 0 0 -1458 190 2
2 52 0 0 -1236 197 0
2 53 0 0 -1331 242 -22
2 54 0 0 -782 266 -1
2 55 0 0 -796 195 -31
2 56 0 0 -629 144 4
2 57 0 0 -608 81 -19
2 58 0 0 -501 42 0
2 59 0 0 -502 1 -7
2 60 0 0 -517 -17 -23
2 61 0 0 -518 -74 4
2 62 0 0 -629 -108 -27
2 63 0 0 -650 -175 6
2 64 0 0 -920 -191 -31
2 65 0 0 -896 -204 -11
2 66 0 0 -1243 -169 -12
2 67 0 0 -1181 -139 33
2 68 0 0 -1422 -143 -2
2 69 0 0 -1420 -82 12
2 70 0 0 -1541 -62 -2
2 71 0 0 -1534 -29 7
2 72 0 0 -1580 -47 -1
2 73 0 0 -1590 -19 -9
2 74 0 0 -1562 -14 9
2 75 0 0 -1594 17 -14
2 76 0 0 -1508 15 11
2 77 0 0 -1543 48 -14
2 78 0 0 -1440 48 7
2 79 0 0 -1498 64 -15
2 80 0 0 -1382 44 5
2 81 0 0 -1427 58 -17
2 82 0 0 -1358 38 -1
2 83 0 0 -1384 34 -15
2 84 0 0 -1341 8 -4
2 85 0 0 -1344 3 -6
2 86 0 0 -1373 -11 -11
2 87 0 0 -1347 -15 0
2 88 0 0 -1391 -21 -9
2 89 0 0 -1372 -11 -1
2 90 0 0 -1421 -24 -10
2 91 0 0 -1396 -24 1
2 92 0 0 -1436 -14 -21
2 93 0 0 -1443 5 -11
2 94 0 0 -1456 -9 -7
2 95 0 0 -1430 3 -7
2 96 0 0 -1492 32 -7
2 97 0 0 -1546 28 27
3 2 0 0 -1774 38 -12
3 3 0 0 -1759 -4 -52
3 4 0 0 -1783 -24 -40
3 5 0 0 -1780 6 -29
3 6 0 0 -1787 2 -31
3 7 0 0 -1768 47 -64
3 8 0 0 -1741 8 -29
3 9 0 0 -1737 45 -33
3 10 0 0 -1740 -1 -19
3 11 0 0 -1727 54 -53
3 12 0 0 -1702 -3 -29
3 13 0 0 -1685 45 -52
3 14 0 0 -1684 3 -27
3 15 0 0 -1671 58 -57
3 16 0 0 -1661 17 -18
3 17 0 0 -1671 51 -36
3 18 0 0 -1642 -5 -26
3 19 0 0 -1692 48 -28
3 20 0 0 -1684 -16 -27
3 21 0 0 -1680 22 -30
3 22 0 0 -1674 -26 -29
3 23 0 0 -1674 8 -30
3 24 0 0 -1683 -38 -33
3 25 0 0 -1682 4 -30
3 26 0 0 -1701 -47 -33
3 27 0 0 -1697 2 -29
3 28 0 0 -1721 -51 -32
3 29 0 0 -1716 -1 -28
3 30 0 0 -1744 -53 -33
3 31 0 0 -1739 -2 -28
3 32 0 0 -1766 -52 -33
3 33 0 0 -1760 -3 -28
3 34 0 0 -1790 -48 -34
3 35 0 0 -1785 0 -30
3 36 0 0 -1804 -40 -40
3 37 0 0 -1803 6 -32
3 38 0 0 -1820 -30 -41
3 39 0 0 -1816 15 -37
3 40 0 0 -1827 -18 -39
3 41 0 0 -1829 27 -34
3 42 0 0 -1832 -2 -31
3 43 0 0 -1833 41 -31
3 44 0 0 -1821 17 -29
3 45 0 0 -1825 72 -32
3 46 0 0 -1788 52 -20
3 47 0 0 -1793 113 -24
3 48 0 0 -1727 104 -3
3 49 0 0 -1737 179 -14
3 50 0 0 -1589 180 9
3 51 0 0 -1576 274 3
3 52 0 0 -1382 318 -8
3 53 0 0 -1398 481 -25
3 54 0 0 -865 369 10
3 55 0 0 -756 354 -19
3 56 0 0 -672 214 12
3 57 0 0 -620 181 5
3 58 0 0 -540 70 24
3 59 0 0 -518 26 11
3 60 0 0 -524 -64 3
3 61 0 0 -554 -110 15
3 62 0 0 -604 -212 -18
3 63 0 0 -719 -254 25
3 64 0 0 -924 -402 -17
3 65 0 0 -1029 -315 -4
3 66 0 0 -1330 -340 -25
3 67 0 0 -1326 -215 5
3 68 0 0 -1527 -210 -6
3 69 0 0 -1522 -104 -4
3 70 0 0 -1601 -108 -16
3 71 0 0 -1596 -32 -4
3 72 0 0 -1620 -67 -21
3 73 0 0 -1623 10 -28
3 74 0 0 -1605 -22 -22
3 75 0 0 -1619 51 -31
3 76 0 0 -1558 14 -20
3 77 0 0 -1568 82 -30
3 78 0 0 -1492 51 -19
3 79 0 0 -1512 103 -22
3 80 0 0 -1431 37 -11
3 81 0 0 -1439 95 -24
3 82 0 0 -1391 25 -21
3 83 0 0 -1393 61 -19
3 84 0 0 -1363 -11 -21
3 85 0 0 -1362 26 -22
3 86 0 0 -1387 -41 -21
3 87 0 0 -1381 3 -20
3 88 0 0 -1411 -55 -23
3 89 0 0 -1407 4 -20
3 90 0 0 -1436 -52 -20
3 91 0 0 -1428 -12 -28
3 92 0 0 -1458 -44 -37
3 93 0 0 -1465 10 -31
3 94 0 0 -1458 -25 -26
3 95 0 0 -1451 6 -32
3 96 0 0 -1482 9 -2
3 97 0 0 -1530 6 -1
4 2 0 0 -1752 -47 -50
4 3 0 0 -1758 62 -24
4 6 0 0 -1822 33 -48
4 8 0 0 -1774 37 -41
4 10 0 0 -1765 41 -38
4 12 0 0 -1729 39 -43
4 14 0 0 -1707 53 -50
4 16 0 0 -1688 40 -41
4 96 0 0 -1471 16 20
4 97 0 0 -1576 -12 15
5 2 0 0 -1704 -27 -18
5 3 0 0 -1809 60 0
5 4 0 0 -1742 -7 -47
5 18 0 0 -1665 27 -45
5 20 0 0 -1652 7 -46
5 23 0 0 -1645 -10 -45
5 25 0 0 -1659 -24 -46
5 27 0 0 -1678 -39 -46
5 29 0 0 -1698 -41 -46
5 31 0 0 -1724 -45 -45
5 33 0 0 -1749 -43 -47
5 35 0 0 -1777 -34 -48
5 37 0 0 -1798 -27 -49
5 39 0 0 -1819 -12 -47
5 41 0 0 -1830 3 -48
5 43 0 0 -1839 25 -46
5 45 0 0 -1836 66 -47
5 46 0 0 -1831 115 -42
5 48 0 0 -1798 219 -35
5 50 0 0 -1713 306 -23
5 53 0 0 -1496 691 -24
5 55 0 0 -757 729 -19
5 57 0 0 -517 320 -17
5 59 0 0 -422 82 -9
5 61 0 0 -421 -127 -14
5 63 0 0 -573 -390 -20
5 65 0 0 -1002 -725 -17
5 67 0 0 -1437 -453 -18
5 69 0 0 -1630 -227 -31
5 71 0 0 -1663 -122 -37
5 72 0 0 -1659 -30 -46
5 74 0 0 -1636 42 -43
5 76 0 0 -1581 68 -43
5 79 0 0 -1484 124 -43
5 81 0 0 -1409 105 -40
5 83 0 0 -1349 60 -40
5 84 0 0 -1325 12 -45
5 86 0 0 -1353 -35 -38
5 89 0 0 -1395 -49 -40
5 91 0 0 -1409 -49 -41
5 92 0 0 -1465 -33 -38
5 94 0 0 -1414 -22 -21
5 96 0 0 -1485 -22 22
5 97 0 0 -1572 -2 11
6 6 0 0 -1783 40 -26
6 8 0 0 -1743 60 -10
6 10 0 0 -1719 68 -16
6 12 0 0 -1689 72 -16
6 14 0 0 -1656 81 -20
6 16 0 0 -1618 68 -15
6 18 0 0 -1593 45 -16
6 21 0 0 -1566 16 -11
6 48 0 0 -1873 199 -40
6 50 0 0 -1908 285 -26
6 51 0 0 -1819 484 -45
6 52 0 0 -1713 602 -25
6 53 0 0 -1837 1342 -70
6 54 0 0 -864 1382 -37
6 55 0 0 -183 835 -7
6 56 0 0 -140 469 10
6 57 0 0 -121 300 6
6 58 0 0 -154 166 11
6 59 0 0 -157 23 9
6 60 0 0 -146 -88 8
6 61 0 0 -140 -216 8
6 62 0 0 -144 -375 9
6 63 0 0 -221 -658 -13
6 64 0 0 -465 -1118 -85
6 65 0 0 -1518 -1346 -28
6 66 0 0 -1633 -743 -36
6 67 0 0 -1759 -452 -15
6 69 0 0 -1789 -239 -31
6 96 0 0 -1483 -5 18
6 97 0 0 -1597 -27 -1
7 3 0 0 -1796 -23 -13
7 4 0 0 -1743 37 -8
7 23 0 0 -1576 -16 -13
7 25 0 0 -1581 -44 -11
7 27 0 0 -1617 -66 -13
7 29 0 0 -1644 -72 -11
7 31 0 0 -1673 -75 -10
7 33 0 0 -1704 -70 -12
7 35 0 0 -1734 -60 -14
7 37 0 0 -1754 -51 -13
7 39 0 0 -1780 -32 -16
7 41 0 0 -1794 -18 -12
7 43 0 0 -1822 15 -18
7 45 0 0 -1837 50 -15
7 46 0 0 -1857 119 -24
7 50 0 0 -1976 266 -51
7 51 0 0 -1990 425 -66
7 52 0 0 -2322 706 -33
7 53 0 0 -3009 878 58
7 54 0 0 536 -895 24
7 55 0 0 107 -149 40
7 56 0 0 4 244 1
7 57 0 0 -21 246 12
7 58 0 0 -9 123 6
7 59 0 0 -11 36 -1
7 60 0 0 -15 -92 5
7 61 0 0 -9 -153 4
7 62 0 0 -34 -239 -10
7 63 0 0 14 -119 -55
7 64 0 0 304 728 22
7 65 0 0 245 1285 37
7 66 0 0 -2120 -693 -26
7 67 0 0 -1992 -462 -28
7 71 0 0 -1742 -124 -15
7 72 0 0 -1706 1 -28
7 74 0 0 -1651 99 -21
7 76 0 0 -1570 154 -14
7 78 0 0 -1483 215 -11
7 80 0 0 -1299 221 -2
7 82 0 0 -1235 109 -5
7 84 0 0 -1185 1 -6
7 86 0 0 -1265 -82 -2
7 89 0 0 -1323 -107 -2
7 91 0 0 -1393 -84 -7
7 92 0 0 -1421 -64 -14
7 94 0 0 -1429 -48 4
7 96 0 0 -1514 -28 13
7 97 0 0 -1602 -9 2
8 2 0 0 -1771 1 -2
8 4 0 0 -1786 27 0
8 6 0 0 -1793 59 -3
8 8 0 0 -1764 70 1
8 10 0 0 -1737 97 -1
8 12 0 0 -1699 109 0
8 14 0 0 -1655 113 0
8 16 0 0 -1604 103 0
8 18 0 0 -1566 65 0
8 20 0 0 -1542 23 0
8 22 0 0 -1545 -22 0
8 24 0 0 -1564 -67 0
8 26 0 0 -1608 -93 0
8 28 0 0 -1645 -104 0
8 30 0 0 -1686 -106 0
8 33 0 0 -1719 -96 0
8 35 0 0 -1750 -87 0
8 37 0 0 -1777 -71 0
8 39 0 0 -1803 -55 -1
8 41 0 0 -1829 -32 -1
8 43 0 0 -1859 -7 -2
8 45 0 0 -1887 30 0
8 50 0 0 -2045 207 -39
8 51 0 0 -2089 298 -32
8 52 0 0 -2382 258 -25
8 53 0 0 -2656 96 -24
8 65 0 0 -2670 -63 28
8 66 0 0 -2293 -248 5
8 67 0 0 -2118 -295 -14
8 69 0 0 -1973 -133 -20
8 70 0 0 -1875 -2 0
8 72 0 0 -1807 76 -7
8 74 0 0 -1738 202 1
8 76 0 0 -1640 245 9
8 78 0 0 -1513 394 18
8 89 0 0 -1350 -170 19
8 91 0 0 -1422 -115 10
8 92 0 0 -1454 -87 3
8 94 0 0 -1454 -46 -3
8 96 0 0 -1538 -2 11
8 97 0 0 -1616 -28 -2
9 46 0 0 -1930 62 -4
9 48 0 0 -1983 152 -20
9 50 0 0 -2088 132 -2
9 51 0 0 -2115 163 -14
9 52 0 0 -2296 177 -36
9 53 0 0 -2488 72 -5
9 65 0 0 -2497 -18 16
9 66 0 0 -2254 -180 -1
9 67 0 0 -2123 -140 -5
9 80 0 0 -1253 351 19
9 83 0 0 -1109 177 20
9 84 0 0 -1083 -35 22
9 87 0 0 -1225 -151 18
9 96 0 0 -1544 -32 8
9 97 0 0 -1623 -11 1
10 2 0 0 -1803 14 -3
10 4 0 0 -1794 47 -2
10 6 0 0 -1794 72 -9
10 8 0 0 -1768 100 -5
10 10 0 0 -1738 132 -8
10 12 0 0 -1691 152 -7
10 14 0 0 -1635 169 -9
10 16 0 0 -1553 155 -8
10 18 0 0 -1498 101 -8
10 20 0 0 -1464 32 -8
10 22 0 0 -1471 -35 -9
10 24 0 0 -1498 -103 -8
10 26 0 0 -1569 -140 -8
10 28 0 0 -1618 -146 -8
10 30 0 0 -1672 -146 -7
10 32 0 0 -1709 -129 -7
10 34 0 0 -1744 -115 -7
10 37 0 0 -1770 -97 -8
10 39 0 0 -1799 -81 -8
10 41 0 0 -1824 -64 -9
10 43 0 0 -1858 -43 -10
10 45 0 0 -1891 -22 -12
10 52 0 0 -2224 67 8
10 53 0 0 -2335 33 24
10 65 0 0 -2387 -12 7
10 66 0 0 -2193 -68 -2
10 67 0 0 -2131 -82 -4
10 70 0 0 -1942 78 -12
10 72 0 0 -1870 154 -14
10 74 0 0 -1809 284 -10
10 76 0 0 -1723 350 -12
10 78 0 0 -1609 640 11
10 89 0 0 -1363 -274 9
10 91 0 0 -1460 -190 2
10 92 0 0 -1474 -116 -4
10 94 0 0 -1479 -79 -8
10 96 0 0 -1564 -13 8
10 97 0 0 -1644 -28 -4
11 46 0 0 -1947 18 -5
11 48 0 0 -2011 38 0
11 51 0 0 -2135 107 -23
11 52 0 0 -2179 37 27
11 53 0 0 -2294 48 31
11 65 0 0 -2355 -2 9
11 66 0 0 -2174 -62 -5
11 67 0 0 -2137 -33 -2
11 68 0 0 -2013 -11 -16
11 80 0 0 -1076 700 -8
11 83 0 0 -842 313 10
11 84 0 0 -864 -147 13
11 86 0 0 -1119 -401 0
11 96 0 0 -1577 -33 7
11 97 0 0 -1653 -13 0
12 2 0 0 -1813 12 -6
12 4 0 0 -1817 49 -6
12 6 0 0 -1807 87 -8
12 8 0 0 -1790 125 -6
12 10 0 0 -1756 172 -6
12 12 0 0 -1700 205 -6
12 14 0 0 -1624 244 -6
12 28 0 0 -1603 -202 -5
12 30 0 0 -1671 -194 -7
12 32 0 0 -1713 -166 -7
12 34 0 0 -1748 -146 -6
12 36 0 0 -1774 -124 -6
12 39 0 0 -1800 -108 -6
12 41 0 0 -1827 -93 -7
12 43 0 0 -1861 -80 -8
12 45 0 0 -1902 -62 -11
12 46 0 0 -1959 -37 -2
12 48 0 0 -2027 -8 17
12 51 0 0 -2099 19 -3
12 52 0 0 -2154 62 19
12 53 0 0 -2226 65 48
12 65 0 0 -2312 -6 7
12 66 0 0 -2145 -45 -12
12 67 0 0 -2142 -23 -11
12 70 0 0 -2005 143 -12
12 72 0 0 -1956 216 -10
12 74 0 0 -1909 329 -9
12 76 0 0 -1934 414 -23
12 78 0 0 -1873 622 -34
12 79 0 0 -1791 926 -25
12 80 0 0 -1185 1349 -34
12 81 0 0 -582 904 -19
12 82 0 0 -439 443 19
12 83 0 0 -349 167 24
12 84 0 0 -434 -55 29
12 85 0 0 -502 -444 24
12 86 0 0 -762 -822 -27
12 87 0 0 -1406 -700 -1
12 88 0 0 -1483 -422 -26
12 89 0 0 -1537 -319 1
12 91 0 0 -1553 -209 -16
12 92 0 0 -1533 -124 -4
12 94 0 0 -1522 -74 -9
12 96 0 0 -1598 -13 6
12 97 0 0 -1676 -28 -4
13 16 0 0 -1499 234 -5
13 18 0 0 -1411 148 -5
13 20 0 0 -1369 46 -6
13 22 0 0 -1376 -53 -6
13 24 0 0 -1421 -158 -5
13 26 0 0 -1534 -210 -6
13 52 0 0 -2138 93 0
13 53 0 0 -2171 77 34
13 65 0 0 -2256 -8 2
13 66 0 0 -2143 -65 -13
13 67 0 0 -2163 -12 -16
13 68 0 0 -2072 59 -14
13 78 0 0 -2085 737 -35
13 79 0 0 -2105 790 -66
13 80 0 0 -651 1441 -176
13 81 0 0 -192 1117 -143
13 82 0 0 55 236 -44
13 83 0 0 -114 122 0
13 84 0 0 -60 -65 -15
13 85 0 0 35 -274 -22
13 86 0 0 -706 -1054 -117
13 87 0 0 -1539 -1023 -73
13 88 0 0 -1708 -526 -60
13 89 0 0 -1639 -283 -31
13 96 0 0 -1605 -29 5
13 97 0 0 -1683 -12 0
14 2 0 0 -1834 16 -8
14 4 0 0 -1835 57 -9
14 6 0 0 -1828 101 -10
14 8 0 0 -1815 154 -11
14 10 0 0 -1783 220 -9
14 31 0 0 -1677 -251 -6
14 33 0 0 -1719 -204 -10
14 34 0 0 -1750 -176 -10
14 36 0 0 -1771 -149 -10
14 39 0 0 -1792 -132 -9
14 41 0 0 -1815 -123 -9
14 43 0 0 -1846 -119 -8
14 45 0 0 -1890 -124 -10
14 46 0 0 -1955 -123 -1
14 48 0 0 -2049 -136 -12
14 50 0 0 -2161 -1 -1
14 51 0 0 -2182 -13 4
14 52 0 0 -2153 189 -30
14 53 0 0 -1888 269 68
14 65 0 0 -1840 -106 6
14 66 0 0 -2193 -216 -39
14 67 0 0 -2217 -12 -39
14 72 0 0 -2003 240 -9
14 74 0 0 -1981 270 -15
14 76 0 0 -2059 356 -26
14 78 0 0 -2220 464 -12
14 79 0 0 -2603 236 -29
14 80 0 0 133 -995 154
14 81 0 0 147 -517 124
14 82 0 0 9 137 18
14 85 0 0 11 161 -18
14 86 0 0 330 553 -233
14 87 0 0 -2192 -113 8
14 88 0 0 -1823 -326 -38
14 89 0 0 -1751 -219 -30
14 96 0 0 -1617 -6 2
14 97 0 0 -1700 -27 -3
15 12 0 0 -1724 273 -8
15 14 0 0 -1635 365 -2
15 16 0 0 -1423 368 -1
15 18 0 0 -1283 231 -1
15 20 0 0 -1228 63 -2
15 22 0 0 -1241 -89 -3
15 24 0 0 -1304 -257 -3
15 26 0 0 -1499 -318 -3
15 28 0 0 -1596 -273 -2
15 50 0 0 -2197 -130 -32
15 51 0 0 -2310 -9 -38
15 52 0 0 -2199 270 -50
15 53 0 0 -1735 401 89
15 65 0 0 -1080 -244 92
15 66 0 0 -2279 -276 -44
15 67 0 0 -2379 53 -58
15 68 0 0 -2176 134 -28
15 70 0 0 -2045 192 -16
15 78 0 0 -2185 221 10
15 79 0 0 -2418 62 0
15 87 0 0 -2042 -59 -17
15 88 0 0 -1784 -115 -41
15 89 0 0 -1738 -100 -27
15 91 0 0 -1637 -169 -37
15 92 0 0 -1584 -74 -11
15 94 0 0 -1552 -63 -9
15 96 0 0 -1616 -14 1
15 97 0 0 -1702 -8 0
16 2 0 0 -1853 14 -9
16 4 0 0 -1858 61 -11
16 8 0 0 -1858 175 -14
16 10 0 0 -1833 267 -10
16 12 0 0 -1792 356 -2
16 14 0 0 -1682 537 7
16 16 0 0 -1325 603 13
16 24 0 0 -1142 -425 5
16 27 0 0 -1487 -506 4
16 29 0 0 -1621 -361 0
16 31 0 0 -1697 -312 2
16 33 0 0 -1738 -240 -10
16 35 0 0 -1760 -201 -11
16 36 0 0 -1771 -167 -11
16 39 0 0 -1782 -150 -10
16 41 0 0 -1796 -145 -10
16 43 0 0 -1817 -154 -9
16 50 0 0 -2214 -234 -40
16 51 0 0 -2415 -155 -54
16 52 0 0 -2625 151 -139
16 53 0 0 -1822 413 246
16 65 0 0 898 -278 648
16 66 0 0 -2903 -52 -164
16 67 0 0 -2685 232 -64
16 73 0 0 -1995 278 -4
16 75 0 0 -1971 260 -8
16 77 0 0 -2002 225 -16
16 78 0 0 -2124 196 -4
16 79 0 0 -2275 78 1
16 87 0 0 -1883 -31 -47
16 88 0 0 -1721 -78 -27
16 89 0 0 -1697 -86 -34
16 96 0 0 -1617 13 0
16 97 0 0 -1695 -22 -4
17 6 0 0 -1855 109 -12
17 18 0 0 -1075 373 9
17 20 0 0 -1013 81 10
17 22 0 0 -1022 -166 9
17 45 0 0 -1853 -174 -9
17 46 0 0 -1907 -226 -17
17 47 0 0 0 0 0
17 48 0 1 -2012 -257 -48
17 49 0 2 0 0 0
17 50 0 4 -2098 -457 -44
17 51 0 7 -2242 -528 -64
17 52 0 9 -2828 -511 -112
17 53 0 0 -2278 -830 392
17 54 0 0 -44 -1597 129
17 55 0 5 0 0 0
17 60 0 0 0 0 0
17 63 0 0 -98 870 -6
17 64 0 0 -24 1591 -51
17 65 0 0 68 1001 4
17 66 0 0 -2905 123 -199
17 67 0 0 -2511 751 -76
17 69 0 0 -2240 336 -35
17 71 0 0 -2048 341 -8
17 78 0 0 -2079 137 -17
17 79 0 0 -2210 104 13
17 87 0 0 -1803 -12 -40
17 88 0 0 -1713 -67 -2
17 89 0 0 -1697 -23 -1
17 90 0 0 -1620 -49 -44
17 92 0 0 -1599 -19 -9
17 94 0 0 -1550 -24 -12
17 96 0 0 -1590 0 1
17 97 0 0 -1692 -2 -2
18 8 0 0 -1910 180 -17
18 10 0 0 -1914 292 -12
18 12 0 0 -1928 420 -16
18 14 0 0 -1870 734 1
18 16 0 0 -1238 1089 3
18 24 0 0 -911 -763 -8
18 27 0 0 -1537 -802 -1
18 29 0 0 -1727 -466 -2
18 31 0 0 -1769 -374 1
18 33 0 0 -1778 -266 -14
18 35 0 0 -1775 -215 -12
18 36 0 0 -1771 -175 -13
18 39 0 0 -1766 -158 -12
18 41 0 0 -1764 -158 -11
18 46 0 0 0 0 0
18 47 0 1 0 0 0
18 48 0 3 0 0 0
18 49 0 8 0 0 0
18 50 0 16 -1875 -540 -72
18 51 0 25 -1895 -693 -47
18 52 0 31 -1724 -1066 -55
18 53 0 33 -1536 -1416 -9
18 54 0 28 -422 -1174 3
18 55 0 20 -356 -995 -9
18 56 0 11 -160 -590 -12
18 57 0 5 -159 -471 -10
18 58 0 2 -120 -149 -17
18 59 0 0 -122 -79 -10
18 60 0 0 -129 226 -12
18 61 0 0 -125 319 -18
18 62 0 0 -216 653 -15
18 63 0 0 -230 815 1
18 64 0 0 -604 1269 -12
18 65 0 0 -798 1428 2
18 66 0 0 -1842 1170 -61
18 67 0 0 -1987 897 -70
18 75 0 0 -1886 256 -8
18 77 0 0 -1915 195 -23
18 78 0 0 -1981 145 -27
18 79 0 0 -2090 51 -9
18 87 0 0 -1747 -9 -7
18 96 0 0 -1585 22 -1
18 97 0 0 -1671 -17 -5
19 2 0 0 -1870 13 -10
19 4 0 0 -1879 60 -12
19 6 0 0 -1887 105 -12
19 18 0 0 -739 552 2
19 20 0 0 -663 92 6
19 22 0 0 -726 -264 5
19 43 0 0 -1767 -176 -10
19 45 0 0 -1774 -217 -9
19 46 0 1 -1799 -300 -21
19 47 0 3 0 0 0
19 48 0 10 -1799 -387 -28
19 49 0 23 0 0 0
19 50 0 45 -1680 -590 -56
19 51 0 70 -1649 -637 -60
19 52 0 90 -1513 -898 -67
19 53 0 94 -1376 -1036 -20
19 54 0 81 -798 -1016 -42
19 55 0 57 -511 -785 -18
19 56 0 32 -427 -570 -31
19 57 0 15 -298 -366 -20
19 58 0 6 -327 -216 -24
19 59 0 1 -282 10 -19
19 60 0 0 -269 140 -16
19 61 0 0 -341 341 -26
19 62 0 0 -353 540 -24
19 63 0 0 -533 767 -50
19 64 0 0 -623 1008 -38
19 65 0 0 -1157 1187 -36
19 66 0 0 -1619 1045 -40
19 67 0 0 -1696 887 -62
19 69 0 0 -1890 618 -20
19 71 0 0 -1918 478 -13
19 73 0 0 -1893 341 -5
19 78 0 0 -1897 86 -35
19 79 0 0 -2040 68 -11
19 87 0 0 -1748 -6 15
19 88 0 0 -1717 -46 8
19 90 0 0 -1612 3 -11
19 92 0 0 -1578 2 -3
19 94 0 0 -1533 -4 -14
19 96 0 0 -1571 1 -2
19 97 0 0 -1665 0 -3
20 8 0 0 -1980 158 -16
20 10 0 0 -2023 253 -11
20 12 0 0 -2174 395 -31
20 14 0 0 -2181 602 -52
20 15 0 0 -2255 989 -36
20 16 0 0 -1754 1642 -11
20 17 0 0 -624 1433 -34
20 18 0 0 -238 713 -8
20 19 0 0 -274 423 34
20 20 0 0 -275 176 27
20 21 0 0 -304 -18 29
20 22 0 0 -294 -197 19
20 23 0 0 -317 -418 17
20 24 0 0 -432 -754 -1
20 25 0 0 -755 -1448 -38
20 26 0 0 -1690 -1436 -52
20 27 0 0 -1827 -770 -15
20 28 0 0 -1885 -618 -47
20 29 0 0 -1956 -430 -5
20 31 0 0 -1869 -356 -8
20 33 0 0 -1834 -252 -14
20 35 0 0 -1800 -198 -11
20 36 0 0 -1771 -163 -12
20 39 0 0 -1748 -149 -11
20 41 0 0 -1727 -150 -12
20 43 0 0 -1708 -166 -11
20 46 0 2 0 0 0
20 47 0 8 0 0 0
20 48 0 23 0 0 0
20 49 0 55 0 0 0
20 50 0 105 0 0 0
20 51 0 164 0 0 0
20 52 0 209 0 0 0
20 53 0 219 0 0 0
20 54 0 188 0 0 0
20 55 0 132 -852 -690 -43
20 56 0 76 0 0 0
20 57 0 36 -642 -377 -33
20 58 0 13 0 0 0
20 59 0 4 -572 -85 -30
20 60 0 1 -589 222 -27
20 62 0 0 -704 560 -42
20 78 0 0 -1840 109 -35
20 79 0 0 -1930 39 -13
20 87 0 0 -1712 -74 16
20 88 0 0 -1660 -41 -11
20 90 0 0 -1584 35 2
20 92 0 0 -1558 46 -5
20 94 0 0 -1496 30 -19
20 96 0 0 -1549 43 -4
20 97 0 0 -1627 -19 -5
21 2 0 0 -1882 8 -11
21 4 0 0 -1897 49 -12
21 6 0 0 -1920 83 -13
21 14 0 0 -2440 561 -58
21 15 0 0 -2648 862 -32
21 16 0 0 -1312 1653 -59
21 17 0 0 -374 1362 -40
21 18 0 0 159 469 -25
21 19 0 0 15 358 -7
21 20 0 0 -139 96 13
21 21 0 0 -155 38 17
21 22 0 0 -141 -222 17
21 23 0 0 -97 -304 7
21 24 0 0 147 -728 -23
21 25 0 0 -36 -1170 -63
21 26 0 0 -2453 -1386 -18
21 27 0 0 -2270 -867 -76
21 28 0 0 -2083 -546 -68
21 29 0 0 -2068 -407 -9
21 45 0 0 -1688 -208 -12
21 46 0 4 -1665 -265 -13
21 47 0 16 0 0 0
21 48 0 45 -1616 -389 -31
21 49 0 105 0 0 0
21 50 0 200 -1554 -478 -40
21 51 0 312 0 0 0
21 52 0 398 0 0 0
21 53 0 416 -1308 -725 -42
21 54 0 357 0 0 0
21 55 0 251 0 0 0
21 56 0 144 0 0 0
21 57 0 68 0 0 0
21 58 0 26 0 0 0
21 59 0 8 0 0 0
21 60 0 2 0 0 0
21 64 0 0 -1023 834 -34
21 67 0 0 -1487 740 -35
21 69 0 0 -1634 551 -18
21 71 0 0 -1722 412 -14
21 73 0 0 -1754 310 -9
21 75 0 0 -1781 217 -14
21 77 0 0 -1811 174 -16
21 78 0 0 -1756 30 -34
21 79 0 0 -1899 70 -19
21 87 0 0 -1612 -132 18
21 96 0 0 -1488 31 -4
21 97 0 0 -1616 3 -6
22 10 0 0 -2107 40 -6
22 12 0 0 -2303 171 -41
22 14 0 0 -2573 295 -20
22 15 0 0 -2901 103 -11
22 16 0 0 -1722 -320 -19
22 17 0 0 -78 -665 81
22 18 0 0 151 75 -96
22 19 0 0 -21 282 1
22 20 0 0 22 163 32
22 21 0 0 -19 16 -13
22 22 0 0 -24 -205 -11
22 23 0 0 5 -280 -18
22 24 0 0 -41 -60 -82
22 25 0 0 457 1076 -132
22 26 0 0 -2644 -49 22
22 27 0 0 -2466 -269 -16
22 28 0 0 -2168 -392 -22
22 29 0 0 -2113 -307 -7
22 31 0 0 -1932 -259 -24
22 33 0 0 -1871 -169 -17
22 35 0 0 -1809 -152 -11
22 36 0 0 -1763 -124 -13
22 39 0 0 -1724 -120 -12
22 41 0 0 -1690 -124 -12
22 43 0 0 -1654 -142 -12
22 46 0 7 0 0 0
22 47 0 25 0 0 0
22 48 0 70 0 0 0
22 49 0 164 0 0 0
22 50 0 312 0 0 0
22 51 0 485 0 0 0
22 52 0 620 -1232 -482 -16
22 53 0 649 0 0 0
22 54 0 557 0 0 0
22 55 0 393 -953 -452 -16
22 56 0 229 0 0 0
22 57 0 114 -826 -265 -24
22 58 0 52 0 0 0
22 59 0 26 -771 -73 -22
22 60 0 15 -805 148 -23
22 61 0 8 0 0 0
22 62 0 4 -908 352 -16
22 63 0 2 0 0 0
22 64 0 0 0 0 0
22 65 0 0 -1117 528 -12
22 66 0 0 0 0 0
22 78 0 0 -1736 46 -29
22 79 0 0 -1850 37 -82
22 87 0 0 -1541 -250 -22
22 88 0 0 -1773 -10 28
22 89 0 0 -1770 48 11
22 90 0 0 -1656 163 11
22 92 0 0 -1535 78 2
22 94 0 0 -1455 73 -13
22 96 0 0 -1460 58 -9
22 97 0 0 -1549 -5 -6
23 2 0 0 -1877 -1 -11
23 4 0 0 -1894 21 -11
23 6 0 0 -1934 14 -11
23 8 0 0 -2003 66 -12
23 14 0 0 -2491 -47 -5
23 15 0 0 -2780 -50 -23
23 16 0 0 -304 -494 5
23 26 0 0 -2436 -23 5
23 27 0 0 -2383 -170 -18
23 28 0 0 -2145 -225 -26
23 29 0 0 -2110 -202 -3
23 45 0 0 -1617 -175 -12
23 46 0 9 -1565 -225 -15
23 47 0 31 0 0 0
23 48 0 90 -1500 -295 -11
23 49 0 209 0 0 0
23 50 0 398 -1369 -387 -19
23 51 0 620 0 0 0
23 52 0 791 0 0 0
23 53 0 829 0 0 0
23 54 0 713 0 0 0
23 55 0 506 0 0 0
23 56 0 304 0 0 0
23 57 0 166 0 0 0
23 58 0 97 0 0 0
23 59 0 68 0 0 0
23 60 0 51 0 0 0
23 61 0 33 0 0 0
23 62 0 18 0 0 0
23 63 0 8 0 0 0
23 64 0 2 0 0 0
23 65 0 0 0 0 0
23 66 0 0 0 0 0
23 67 0 0 -1383 532 -14
23 69 0 0 -1518 437 -9
23 71 0 0 -1603 355 -12
23 73 0 0 -1655 276 -7
23 75 0 0 -1684 171 -17
23 77 0 0 -1753 144 -12
23 78 0 0 -1724 -81 -35
23 79 0 0 -1899 24 -104
23 87 0 0 -300 -268 -181
23 88 0 0 -2118 74 41
23 89 0 0 -1883 125 -12
23 96 0 0 -1433 24 -13
23 97 0 0 -1540 9 -7
24 14 0 0 -2412 -158 -15
24 15 0 0 -2474 -312 9
24 16 0 0 -159 -488 -4
24 26 0 0 -2240 -3 0
24 27 0 0 -2264 -67 -8
24 28 0 0 -2105 -136 -12
24 29 0 0 -2084 -154 -15
24 31 0 0 -1931 -132 -14
24 33 0 0 -1870 -99 -15
24 35 0 0 -1796 -81 -12
24 37 0 0 -1742 -72 -13
24 39 0 0 -1693 -68 -12
24 41 0 0 -1648 -76 -12
24 46 0 9 0 0 0
24 47 0 33 0 0 0
24 48 0 94 0 0 0
24 49 0 219 0 0 0
24 50 0 416 0 0 0
24 51 0 649 -1301 -259 -10
24 52 0 828 0 0 0
24 53 0 869 -1181 -317 -13
24 54 0 751 0 0 0
24 55 0 546 -1023 -296 -12
24 56 0 355 0 0 0
24 57 0 242 -944 -195 -13
24 58 0 201 -917 -62 -13
24 59 0 184 0 0 0
24 60 0 155 -946 91 -12
24 61 0 106 0 0 0
24 62 0 59 -1029 235 -13
24 63 0 26 0 0 0
24 64 0 8 -1159 352 -9
24 65 0 2 0 0 0
24 66 0 0 0 0 0
24 67 0 0 -1330 371 -11
24 69 0 0 -1422 344 -10
24 71 0 0 -1497 280 -12
24 78 0 0 -1780 -98 -45
24 79 0 0 -1624 -669 -42
24 87 0 0 -123 -6 390
24 88 0 0 -2119 460 -10
24 89 0 0 -1874 456 -22
24 96 0 0 -1369 104 -12
24 97 0 0 -1442 -2 -2
25 2 0 0 -1846 -7 -12
25 4 0 0 -1860 -11 -12
25 6 0 0 -1906 -33 -12
25 8 0 0 -1957 -37 -13
25 10 0 0 -2083 -80 -7
25 13 0 0 -2172 -91 -27
25 14 0 0 -2308 -282 -7
25 15 0 0 -2386 -345 8
25 16 0 0 -122 -505 0
25 26 0 0 -2159 -2 0
25 27 0 0 -2125 -43 -9
25 28 0 0 -2094 -103 -8
25 29 0 0 -2092 -99 -18
25 43 0 0 -1601 -90 -12
25 45 0 0 -1549 -118 -13
25 46 0 8 0 0 0
25 47 0 28 -1484 -153 -12
25 48 0 81 0 0 0
25 49 0 188 -1403 -212 -13
25 50 0 357 0 0 0
25 51 0 557 0 0 0
25 52 0 714 0 0 0
25 53 0 757 0 0 0
25 54 0 673 0 0 0
25 55 0 530 0 0 0
25 56 0 423 0 0 0
25 57 0 402 0 0 0
25 58 0 435 0 0 0
25 59 0 447 0 0 0
25 60 0 386 0 0 0
25 61 0 268 0 0 0
25 62 0 148 0 0 0
25 63 0 65 0 0 0
25 64 0 22 0 0 0
25 65 0 6 0 0 0
25 66 0 1 0 0 0
25 73 0 0 -1533 230 -9
25 74 0 0 -1569 95 -17
25 76 0 0 -1582 55 -31
25 78 0 0 -1415 -228 -43
25 79 0 0 -1435 -694 -63
25 80 0 0 -232 -665 -18
25 81 0 0 -110 -365 -37
25 82 0 0 -107 165 32
25 83 0 0 -125 384 6
25 84 0 0 -145 685 3
25 85 0 0 -210 965 -21
25 86 0 0 -524 1791 -84
25 87 0 0 -1673 1486 -105
25 88 0 0 -1499 952 -34
25 89 0 0 -1566 667 -14
25 91 0 0 -1555 332 -45
25 92 0 0 -1434 246 -23
25 94 0 0 -1371 143 -21
25 96 0 0 -1259 65 -10
25 97 0 0 -1423 22 -7
26 14 0 0 -2218 -329 -18
26 15 0 0 -2182 -423 19
26 16 0 0 -87 -485 -5
26 26 0 0 -2074 0 0
26 27 0 0 -2095 -38 2
26 28 0 0 -2069 -63 1
26 29 0 0 -2063 -74 -23
26 31 0 0 -1927 -34 -29
26 33 0 0 -1857 -25 -10
26 35 0 0 -1780 -16 -15
26 37 0 0 -1717 -13 -12
26 39 0 0 -1661 -17 -13
26 46 0 5 0 0 0
26 47 0 20 0 0 0
26 48 0 57 0 0 0
26 49 0 132 0 0 0
26 50 0 252 0 0 0
26 51 0 395 0 0 0
26 52 0 513 0 0 0
26 53 0 564 -1119 -206 -16
26 54 0 548 0 0 0
26 55 0 527 -1021 -213 -14
26 56 0 573 -991 -165 -15
26 57 0 708 0 0 0
26 58 0 858 -997 -75 -15
26 59 0 904 0 0 0
26 60 0 781 -1039 39 -15
26 61 0 540 0 0 0
26 62 0 297 -1105 145 -14
26 63 0 129 0 0 0
26 64 0 44 -1200 237 -13
26 65 0 12 0 0 0
26 66 0 2 -1304 272 -13
26 69 0 0 -1372 271 -13
26 71 0 0 -1421 248 -13
26 78 0 0 -1197 -121 -53
26 79 0 0 -1124 -271 -69
26 80 0 0 -628 -345 -66
26 81 0 0 -501 17 -60
26 82 0 0 -335 162 -30
26 83 0 0 -316 444 -24
26 84 0 0 -347 645 -24
26 85 0 0 -433 821 -28
26 86 0 0 -677 1108 -40
26 87 0 0 -1200 1063 -53
26 88 0 0 -1230 822 -48
26 89 0 0 -1284 611 -42
26 96 0 0 -1197 108 -12
26 97 0 0 -1292 4 -2
27 2 0 0 -1796 -13 -12
27 4 0 0 -1810 -40 -12
27 6 0 0 -1851 -78 -11
27 8 0 0 -1901 -118 -13
27 10 0 0 -2001 -169 -8
27 13 0 0 -2052 -254 -16
27 14 0 0 -2125 -369 -14
27 15 0 0 -2127 -419 13
27 16 0 0 -66 -499 1
27 26 0 0 -2003 -3 1
27 27 0 0 -2066 -47 2
27 28 0 0 -2066 -63 3
27 29 0 0 -2057 -47 -27
27 41 0 0 -1609 -24 -13
27 43 0 0 -1554 -35 -14
27 45 0 0 -1493 -51 -14
27 46 0 3 0 0 0
27 47 0 11 -1413 -73 -15
27 48 0 32 0 0 0
27 49 0 76 -1326 -110 -14
27 50 0 147 0 0 0
27 51 0 237 -1213 -154 -17
27 52 0 328 0 0 0
27 53 0 415 0 0 0
27 54 0 514 0 0 0
27 55 0 675 0 0 0
27 56 0 933 0 0 0
27 57 0 1257 0 0 0
27 58 0 1521 0 0 0
27 59 0 1563 0 0 0
27 60 0 1321 0 0 0
27 61 0 904 0 0 0
27 62 0 499 0 0 0
27 63 0 222 0 0 0
27 64 0 81 0 0 0
27 65 0 24 0 0 0
27 66 0 6 0 0 0
27 67 0 0 0 0 0
27 68 0 0 0 0 0
27 69 0 0 0 0 0
27 73 0 0 -1425 207 -10
27 74 0 0 -1431 133 -17
27 76 0 0 -1328 23 -25
27 78 0 0 -1085 -153 -19
27 79 0 0 -1012 -88 -13
27 80 0 0 -733 -128 -41
27 81 0 0 -675 136 -40
27 82 0 0 -534 238 -33
27 83 0 0 -545 434 -31
27 84 0 0 -528 576 -29
27 85 0 0 -636 712 -28
27 86 0 0 -733 848 -12
27 87 0 0 -941 850 -47
27 88 0 0 -1055 696 -39
27 89 0 0 -1128 658 -34
27 91 0 0 -1246 449 -27
27 93 0 0 -1250 292 -25
27 94 0 0 -1211 169 -16
27 96 0 0 -1114 67 -11
27 97 0 0 -1277 25 -6
28 14 0 0 -2052 -358 -17
28 15 0 0 -1972 -396 3
28 16 0 0 -53 -482 0
28 26 0 0 -1793 -44 11
28 27 0 0 -1992 -217 -45
28 28 0 0 -2087 -41 4
28 29 0 0 -2047 -20 -37
28 31 0 0 -1924 62 -41
28 33 0 0 -1827 62 -15
28 35 0 0 -1745 63 -17
28 37 0 0 -1679 53 -13
28 39 0 0 -1621 44 -14
28 46 0 1 0 0 0
28 47 0 5 0 0 0
28 48 0 15 0 0 0
28 49 0 36 0 0 0
28 50 0 75 0 0 0
28 51 0 134 0 0 0
28 52 0 233 0 0 0
28 53 0 402 0 0 0
28 54 0 681 0 0 0
28 55 0 1099 0 0 0
28 56 0 1620 0 0 0
28 57 0 2130 0 0 0
28 58 0 2439 -1060 -109 -12
28 59 0 2379 0 0 0
28 60 0 1937 -1107 -14 -12
28 61 0 1300 0 0 0
28 62 0 718 -1165 77 -14
28 63 0 330 0 0 0
28 64 0 130 -1229 157 -14
28 65 0 45 0 0 0
28 66 0 14 -1299 204 -14
28 67 0 3 0 0 0
28 68 0 1 0 0 0
28 69 0 0 -1342 228 -13
28 71 0 0 -1370 230 -13
28 83 0 0 -716 406 -42
28 85 0 0 -733 592 -43
28 96 0 0 -1048 113 -15
28 97 0 0 -1126 6 -2
29 2 0 0 -1723 -20 -13
29 4 0 0 -1735 -65 -13
29 6 0 0 -1767 -122 -13
29 8 0 0 -1810 -182 -14
29 10 0 0 -1877 -252 -13
29 13 0 0 -1907 -346 -18
29 14 0 0 -2011 -391 -11
29 15 0 0 -1948 -357 -9
29 16 0 0 -4 -496 0
29 26 0 0 -1480 -179 25
29 27 0 0 -1993 -351 -87
29 28 0 0 -2178 -26 -14
29 29 0 0 -2065 47 -46
29 41 0 0 -1569 36 -14
29 43 0 0 -1514 30 -14
29 45 0 0 -1450 26 -10
29 46 0 0 0 0 0
29 47 0 2 -1365 16 -9
29 48 0 6 0 0 0
29 49 0 13 -1261 -5 -9
29 50 0 40 0 0 0
29 51 0 95 -1144 -58 -11
29 52 0 238 0 0 0
29 53 0 542 -1056 -123 -7
29 54 0 1078 -1011 -180 -10
29 55 0 1840 0 0 0
29 56 0 2681 -1018 -169 -11
29 57 0 3350 0 0 0
29 58 0 3598 0 0 0
29 59 0 3302 0 0 0
29 60 0 2570 0 0 0
29 61 0 1690 0 0 0
29 62 0 949 0 0 0
29 63 0 466 0 0 0
29 64 0 209 0 0 0
29 65 0 87 0 0 0
29 66 0 33 0 0 0
29 67 0 9 0 0 0
29 68 0 3 0 0 0
29 69 0 0 0 0 0
29 73 0 0 -1361 222 -13
29 74 0 0 -1325 196 -15
29 76 0 0 -1235 155 -28
29 78 0 0 -1109 147 -28
29 80 0 0 -873 221 -39
29 87 0 0 -891 665 -41
29 89 0 0 -1031 574 -34
29 91 0 0 -1060 440 -29
29 93 0 0 -1067 294 -19
29 94 0 0 -1059 176 -17
29 96 0 0 -977 63 -11
29 97 0 0 -1116 20 -6
30 14 0 0 -2108 -417 -4
30 15 0 0 -2152 -411 -53
30 16 0 0 169 -504 9
30 26 0 0 -98 -498 49
30 27 0 0 -2419 -549 -90
30 28 0 0 -2393 138 -39
30 29 0 0 -2152 224 -61
30 35 0 0 -1706 144 -10
30 37 0 0 -1636 119 -10
30 39 0 0 -1581 99 -14
30 41 0 0 -1532 92 -14
30 42 0 0 -1479 94 -13
30 44 0 0 -1415 104 -1
30 46 0 0 -1317 111 0
30 47 0 0 0 0 0
30 48 0 1 -1188 112 7
30 49 0 4 0 0 0
30 50 0 28 0 0 0
30 51 0 95 -1027 36 5
30 52 0 301 0 0 0
30 53 0 763 0 0 0
30 54 0 1590 -910 -177 3
30 55 0 2738 0 0 0
30 56 0 3924 0 0 0
30 57 0 4725 -996 -206 2
30 58 0 4827 0 0 0
30 59 0 4210 -1087 -155 -2
30 60 0 3153 0 0 0
30 61 0 2056 -1159 -67 -5
30 62 0 1203 0 0 0
30 63 0 654 -1211 23 -11
30 64 0 340 -1262 102 -15
30 65 0 163 0 0 0
30 66 0 68 -1308 163 -15
30 67 0 23 0 0 0
30 68 0 7 0 0 0
30 69 0 1 -1335 204 -14
30 96 0 0 -909 113 -17
30 97 0 0 -954 4 0
31 2 0 0 -1638 -24 -13
31 4 0 0 -1649 -82 -13
31 6 0 0 -1674 -152 -12
31 8 0 0 -1721 -230 -11
31 10 0 0 -1779 -329 -12
31 12 0 0 -1892 -451 -14
31 14 0 0 -2080 -708 -24
31 15 0 0 -2164 -651 -67
31 16 0 0 305 -552 -1
31 26 0 0 903 -446 62
31 27 0 0 -2610 -131 -69
31 28 0 0 -2401 521 -80
31 29 0 0 -2130 508 -80
31 31 0 0 -1938 240 -28
31 33 0 0 -1794 193 -5
31 46 0 0 0 0 0
31 47 0 0 0 0 0
31 48 0 0 0 0 0
31 49 0 1 0 0 0
31 50 0 25 0 0 0
31 51 0 104 0 0 0
31 52 0 355 -929 -68 12
31 53 0 930 0 0 0
31 54 0 1977 0 0 0
31 55 0 3425 0 0 0
31 56 0 4876 0 0 0
31 57 0 5754 0 0 0
31 58 0 5701 0 0 0
31 59 0 4808 0 0 0
31 60 0 3527 0 0 0
31 61 0 2332 0 0 0
31 62 0 1461 0 0 0
31 63 0 893 0 0 0
31 64 0 524 0 0 0
31 65 0 276 0 0 0
31 66 0 123 0 0 0
31 67 0 44 0 0 0
31 68 0 13 0 0 0
31 69 0 3 0 0 0
31 71 0 0 -1349 229 -13
31 73 0 0 -1332 250 -13
31 74 0 0 -1290 262 -15
31 76 0 0 -1204 284 -14
31 78 0 0 -1076 304 -16
31 80 0 0 -905 363 -18
31 83 0 0 -790 468 -20
31 85 0 0 -748 559 -28
31 87 0 0 -792 584 -19
31 89 0 0 -848 503 -22
31 91 0 0 -894 395 -15
31 92 0 0 -912 279 -19
31 94 0 0 -906 170 -17
31 96 0 0 -844 58 -13
31 97 0 0 -956 13 0
32 14 0 0 -1601 -886 -109
32 15 0 0 -1300 -1192 -102
32 16 0 0 -31 -1736 -21
32 17 0 0 415 -591 53
32 18 0 0 467 -174 1
32 19 0 0 493 -75 0
32 20 0 0 481 -23 -14
32 21 0 0 456 43 -25
32 22 0 0 496 97 -1
32 23 0 0 472 180 -1
32 24 0 0 491 378 12
32 25 0 0 341 732 -7
32 26 0 0 -2146 3002 227
32 27 0 0 -1778 1380 -121
32 28 0 0 -1980 817 -100
32 29 0 0 -1920 653 -98
32 35 0 0 -1613 234 -11
32 37 0 0 -1570 178 -11
32 39 0 0 -1532 144 -14
32 41 0 0 -1498 135 -16
32 42 0 0 -1462 150 -16
32 44 0 0 -1413 186 -2
32 46 0 0 -1321 242 -14
32 48 0 0 -1142 314 -4
32 50 0 22 0 0 0
32 51 0 98 0 0 0
32 52 0 348 0 0 0
32 53 0 932 0 0 0
32 54 0 2014 0 0 0
32 55 0 3522 0 0 0
32 56 0 5018 -989 -374 -2
32 57 0 5869 0 0 0
32 58 0 5718 0 0 0
32 59 0 4742 -1148 -256 -9
32 60 0 3476 0 0 0
32 61 0 2388 -1228 -146 -6
32 62 0 1630 0 0 0
32 63 0 1107 -1272 -29 -15
32 64 0 706 -1303 60 -17
32 65 0 392 0 0 0
32 66 0 180 -1333 130 -16
32 67 0 66 0 0 0
32 68 0 20 0 0 0
32 69 0 4 0 0 0
32 96 0 0 -774 116 -20
32 97 0 0 -787 6 -1
33 2 0 0 -1537 -29 -14
33 4 0 0 -1542 -98 -13
33 6 0 0 -1553 -192 -13
33 8 0 0 -1572 -295 -13
33 10 0 0 -1588 -483 -19
33 12 0 0 -1499 -649 -35
33 14 0 0 -1169 -929 -71
33 15 0 0 -1102 -1055 -54
33 16 0 0 -667 -1220 -42
33 17 0 0 -127 -977 19
33 18 0 0 -3 -643 12
33 19 0 0 170 -382 20
33 20 0 0 164 -108 12
33 21 0 0 165 168 6
33 22 0 0 212 434 25
33 23 0 0 35 731 12
33 24 0 0 -76 1002 22
33 25 0 0 -412 1471 -12
33 26 0 0 -1080 1530 -30
33 27 0 0 -1432 1186 -88
33 28 0 0 -1541 782 -62
33 29 0 0 -1596 704 -63
33 31 0 0 -1669 449 -40
33 33 0 0 -1680 352 -18
33 50 0 16 0 0 0
33 51 0 78 -922 205 -2
33 52 0 280 -820 -30 -4
33 53 0 760 0 0 0
33 54 0 1665 -837 -243 -9
33 55 0 2941 0 0 0
33 56 0 4207 0 0 0
33 57 0 4903 0 0 0
33 58 0 4738 0 0 0
33 59 0 3915 0 0 0
33 60 0 2922 0 0 0
33 61 0 2129 0 0 0
33 62 0 1594 0 0 0
33 63 0 1181 0 0 0
33 64 0 796 0 0 0
33 65 0 455 0 0 0
33 66 0 212 0 0 0
33 67 0 79 0 0 0
33 68 0 24 -1346 189 -15
33 69 0 5 0 0 0
33 71 0 0 -1350 233 -14
33 73 0 0 -1331 276 -13
33 75 0 0 -1290 315 -13
33 76 0 0 -1212 366 -14
33 78 0 0 -1111 417 -12
33 81 0 0 -973 493 -14
33 83 0 0 -832 554 -11
33 85 0 0 -763 574 -12
33 87 0 0 -754 564 -11
33 89 0 0 -756 492 -10
33 91 0 0 -764 399 -12
33 92 0 0 -766 282 -15
33 94 0 0 -760 173 -16
33 96 0 0 -712 52 -16
33 97 0 0 -794 6 4
34 20 0 0 -147 36 -33
34 22 0 0 -215 411 -21
34 24 0 0 -484 860 -57
34 35 0 0 -1490 251 -13
34 37 0 0 -1486 191 -13
34 39 0 0 -1477 162 -14
34 41 0 0 -1469 153 -14
34 42 0 0 -1458 172 -14
34 44 0 0 -1443 216 -4
34 46 0 0 -1405 287 0
34 47 0 0 -1314 360 2
34 48 0 0 -1181 475 26
34 49 0 0 -977 566 4
34 50 0 10 -754 516 23
34 51 0 50 -607 224 30
34 52 0 181 -509 118 31
34 53 0 499 -496 -119 44
34 54 0 1108 -511 -222 49
34 55 0 1975 -611 -460 26
34 56 0 2836 -759 -635 13
34 57 0 3303 -1128 -584 19
34 58 0 3186 -1184 -326 4
34 59 0 2651 -1281 -297 2
34 60 0 2050 0 0 0
34 61 0 1612 -1321 -162 -18
34 62 0 1320 0 0 0
34 63 0 1046 -1346 -50 -13
34 64 0 732 -1352 45 -16
34 65 0 426 0 0 0
34 66 0 201 -1367 118 -15
34 67 0 76 0 0 0
34 68 0 23 0 0 0
34 69 0 5 0 0 0
34 96 0 0 -633 123 -18
34 97 0 0 -623 9 -5
35 2 0 0 -1430 -27 -14
35 4 0 0 -1428 -93 -14
35 6 0 0 -1419 -173 -14
35 8 0 0 -1394 -268 -14
35 10 0 0 -1354 -403 -18
35 12 0 0 -1230 -555 -25
35 14 0 0 -1066 -730 -39
35 16 0 0 -574 -710 -42
35 18 0 0 -207 -373 -33
35 26 0 0 -1113 967 -49
35 29 0 0 -1405 613 -42
35 31 0 0 -1449 496 -24
35 33 0 0 -1498 336 -15
35 46 0 0 -1488 285 -24
35 47 0 0 -1448 424 -45
35 48 0 0 -1356 591 -12
35 49 0 0 -1054 969 -37
35 50 0 5 -476 676 -31
35 51 0 26 -359 310 -19
35 52 0 95 -295 124 -16
35 53 0 263 -300 -76 -9
35 54 0 590 -278 -256 -12
35 55 0 1057 -312 -491 -19
35 56 0 1523 -651 -961 -27
35 57 0 1776 -1366 -722 -38
35 58 0 1719 -1389 -440 -36
35 59 0 1458 -1387 -305 -28
35 60 0 1190 0 0 0
35 61 0 1021 0 0 0
35 62 0 911 0 0 0
35 63 0 764 0 0 0
35 64 0 553 0 0 0
35 65 0 332 0 0 0
35 66 0 163 0 0 0
35 67 0 66 0 0 0
35 68 0 22 -1371 186 -15
35 69 0 6 0 0 0
35 70 0 0 0 0 0
35 71 0 0 -1371 246 -15
35 72 0 0 0 0 0
35 73 0 0 -1352 310 -14
35 75 0 0 -1313 376 -14
35 77 0 0 -1244 460 -14
35 79 0 0 -1140 546 -14
35 81 0 0 -987 629 -14
35 83 0 0 -808 664 -13
35 85 0 0 -701 634 -15
35 87 0 0 -649 583 -14
35 89 0 0 -629 492 -15
35 91 0 0 -622 395 -15
35 92 0 0 -618 280 -18
35 94 0 0 -610 171 -19
35 96 0 0 -570 52 -12
35 97 0 0 -629 0 6
36 18 0 0 -481 -227 -9
36 20 0 0 -426 55 -12
36 22 0 0 -489 306 -15
36 24 0 0 -627 584 -13
36 27 0 0 -1031 637 -11
36 35 0 0 -1400 238 -14
36 37 0 0 -1415 190 -14
36 39 0 0 -1429 162 -15
36 41 0 0 -1441 158 -14
36 42 0 0 -1462 164 -18
36 44 0 0 -1483 227 -23
36 46 0 0 -1567 309 -16
36 47 0 0 -1571 419 -47
36 48 0 0 -1887 659 -37
36 49 0 0 -1689 1031 35
36 50 0 2 309 -140 -38
36 51 0 11 -7 160 -31
36 52 0 40 -21 38 -1
36 53 0 111 -18 -11 -1
36 54 0 249 -6 -178 1
36 55 0 448 58 -184 -11
36 56 0 647 -998 -915 0
36 57 0 757 -1795 -1024 98
36 58 0 740 -1571 -512 -41
36 59 0 648 -1526 -273 -30
36 60 0 570 0 0 0
36 61 0 540 -1446 -152 -21
36 62 0 525 0 0 0
36 63 0 469 -1420 -43 -17
36 64 0 363 -1402 45 -14
36 65 0 239 0 0 0
36 66 0 135 -1406 116 -15
36 67 0 67 0 0 0
36 68 0 29 0 0 0
36 69 0 11 0 0 0
36 70 0 3 0 0 0
36 71 0 0 0 0 0
36 72 0 0 0 0 0
36 74 0 0 -1370 426 -14
36 76 0 0 -1318 550 -10
36 78 0 0 -1201 669 -16
36 96 0 0 -493 135 -16
36 97 0 0 -456 30 -11
37 2 0 0 -1332 -25 -14
37 4 0 0 -1327 -84 -15
37 6 0 0 -1311 -156 -14
37 8 0 0 -1279 -228 -14
37 10 0 0 -1220 -321 -15
37 12 0 0 -1109 -392 -15
37 14 0 0 -950 -472 -19
37 16 0 0 -665 -449 -12
37 29 0 0 -1180 502 -13
37 31 0 0 -1313 403 -12
37 33 0 0 -1370 306 -13
37 46 0 0 -1622 203 -8
37 47 0 0 -1662 313 -30
37 48 0 0 -1985 396 -3
37 49 0 0 187 -1261 416
37 50 0 0 260 35 -76
37 55 0 0 96 -98 -22
37 56 0 0 458 1065 12
37 57 0 0 -2061 -23 25
37 58 0 259 -1695 -277 -20
37 59 0 243 -1615 -168 -11
37 60 0 240 0 0 0
37 61 0 259 0 0 0
37 62 0 285 0 0 0
37 63 0 295 0 0 0
37 64 0 278 0 0 0
37 65 0 236 0 0 0
37 66 0 177 0 0 0
37 67 0 114 0 0 0
37 68 0 62 0 0 0
37 69 0 27 -1406 186 -15
37 70 0 9 0 0 0
37 71 0 2 -1406 255 -15
37 72 0 0 0 0 0
37 73 0 0 -1395 335 -15
37 80 0 0 -1032 818 -8
37 83 0 0 -749 834 -7
37 85 0 0 -619 727 -7
37 87 0 0 -535 632 -11
37 89 0 0 -497 521 -10
37 91 0 0 -480 410 -10
37 92 0 0 -468 290 -12
37 94 0 0 -461 179 -16
37 96 0 0 -410 56 -9
37 97 0 0 -454 10 4
38 16 0 0 -748 -256 -17
38 18 0 0 -626 -126 -20
38 20 0 0 -584 49 -21
38 22 0 0 -644 197 -21
38 24 0 0 -748 363 -20
38 26 0 0 -971 417 -13
38 28 0 0 -1105 361 -13
38 31 0 0 -1201 325 -13
38 33 0 0 -1268 251 -13
38 35 0 0 -1313 207 -14
38 37 0 0 -1346 162 -13
38 39 0 0 -1378 139 -14
38 41 0 0 -1404 122 -12
38 42 0 0 -1451 117 -17
38 44 0 0 -1482 135 -15
38 46 0 0 -1618 170 -4
38 47 0 0 -1602 153 -22
38 48 0 0 -1713 54 -9
38 49 0 0 -1976 15 -8
38 57 0 0 -1861 -9 4
38 58 0 87 -1655 -101 -12
38 59 0 101 -1620 -119 -2
38 60 0 122 0 0 0
38 61 0 161 -1504 -65 -16
38 62 0 219 0 0 0
38 63 0 292 -1470 4 -15
38 64 0 358 -1444 65 -13
38 65 0 380 0 0 0
38 66 0 335 -1440 124 -15
38 67 0 240 0 0 0
38 68 0 137 0 0 0
38 69 0 62 0 0 0
38 70 0 22 0 0 0
38 71 0 6 0 0 0
38 72 0 1 0 0 0
38 74 0 0 -1459 463 -18
38 76 0 0 -1430 630 -22
38 78 0 0 -1318 811 -19
38 80 0 0 -1105 1148 -20
38 82 0 0 -641 1079 -15
38 96 0 0 -350 135 -15
38 97 0 0 -292 50 -16
39 2 0 0 -1239 -21 -14
39 4 0 0 -1232 -70 -15
39 6 0 0 -1212 -125 -14
39 8 0 0 -1173 -181 -14
39 10 0 0 -1118 -241 -15
39 12 0 0 -1024 -282 -15
39 14 0 0 -916 -307 -17
39 46 0 0 -1573 73 10
39 47 0 0 -1549 59 -10
39 48 0 0 -1651 30 -6
39 49 0 0 -1794 23 -12
39 57 0 0 -1774 7 0
39 58 0 67 -1589 -26 -6
39 59 0 105 -1600 -51 4
39 60 0 148 0 0 0
39 61 0 209 0 0 0
39 62 0 305 0 0 0
39 63 0 447 0 0 0
39 64 0 593 0 0 0
39 65 0 665 0 0 0
39 66 0 606 0 0 0
39 67 0 442 0 0 0
39 68 0 256 0 0 0
39 69 0 117 -1441 188 -15
39 70 0 42 0 0 0
39 71 0 12 -1451 259 -16
39 72 0 2 0 0 0
39 73 0 0 -1456 351 -17
39 85 0 0 -451 818 -11
39 87 0 0 -379 680 -13
39 89 0 0 -348 541 -12
39 91 0 0 -330 419 -12
39 92 0 0 -322 294 -12
39 94 0 0 -312 177 -18
39 96 0 0 -243 60 -6
39 97 0 0 -273 24 0
40 16 0 0 -787 -159 -14
40 18 0 0 -718 -70 -14
40 20 0 0 -688 49 -12
40 22 0 0 -725 154 -16
40 24 0 0 -788 254 -14
40 26 0 0 -948 293 -15
40 28 0 0 -1035 270 -14
40 30 0 0 -1130 243 -14
40 33 0 0 -1189 199 -14
40 35 0 0 -1243 164 -14
40 37 0 0 -1282 128 -14
40 39 0 0 -1322 104 -14
40 41 0 0 -1357 79 -13
40 43 0 0 -1407 71 -18
40 44 0 0 -1442 61 -12
40 46 0 0 -1547 67 0
40 47 0 0 -1519 44 -7
40 48 0 0 -1529 10 -3
40 49 0 0 -1743 12 -8
40 57 0 0 -1699 7 -13
40 58 0 133 -1573 -18 -4
40 59 0 218 -1583 -35 -2
40 60 0 301 0 0 0
40 61 0 388 -1501 -3 -11
40 62 0 509 0 0 0
40 63 0 692 -1483 28 -15
40 64 0 890 -1461 78 -14
40 65 0 989 0 0 0
40 66 0 900 0 0 0
40 67 0 656 0 0 0
40 68 0 380 0 0 0
40 69 0 174 0 0 0
40 70 0 63 0 0 0
40 71 0 18 0 0 0
40 72 0 4 0 0 0
40 74 0 0 -1575 456 -15
40 76 0 0 -1608 618 -36
40 78 0 0 -1613 838 -11
40 79 0 0 -1463 918 -42
40 80 0 0 -1584 1411 -19
40 81 0 0 -891 1699 17
40 82 0 0 -411 1395 1
40 83 0 0 -362 1150 2
40 84 0 0 -269 928 6
40 85 0 0 -216 846 4
40 86 0 0 -215 759 8
40 87 0 0 -209 688 10
40 88 0 0 -207 621 13
40 89 0 0 -189 547 12
40 90 0 0 -199 486 17
40 91 0 0 -184 405 15
40 92 0 0 -197 354 17
40 93 0 0 -183 265 15
40 94 0 0 -190 224 13
40 95 0 0 -177 135 4
40 96 0 0 -208 100 -5
40 97 0 0 -153 42 -12
41 2 0 0 -1160 -17 -14
41 4 0 0 -1153 -55 -14
41 6 0 0 -1133 -98 -14
41 8 0 0 -1098 -138 -14
41 10 0 0 -1048 -175 -15
41 12 0 0 -976 -193 -15
41 14 0 0 -894 -197 -15
41 46 0 0 -1540 44 -8
41 47 0 0 -1518 14 -5
41 48 0 0 -1512 6 0
41 49 0 0 -1664 12 -2
41 57 0 0 -1694 2 -5
41 58 0 272 -1547 11 -2
41 59 0 440 -1574 -3 -5
41 60 0 589 0 0 0
41 61 0 693 0 0 0
41 62 0 789 0 0 0
41 63 0 934 0 0 0
41 64 0 1108 0 0 0
41 65 0 1188 0 0 0
41 66 0 1067 -1463 120 -15
41 67 0 774 0 0 0
41 68 0 448 0 0 0
41 69 0 205 -1472 177 -15
41 70 0 74 0 0 0
41 71 0 21 -1498 243 -15
41 72 0 4 0 0 0
41 73 0 0 -1530 330 -15
41 78 0 0 -1750 837 -30
41 79 0 0 -1828 1049 -75
41 80 0 0 -2081 1663 -55
41 81 0 0 -928 1921 -114
41 82 0 0 -7 1568 -102
41 83 0 0 60 1152 -32
41 84 0 0 -32 932 -5
41 85 0 0 -102 843 1
41 86 0 0 -124 760 3
41 87 0 0 -120 689 4
41 88 0 0 -126 613 6
41 89 0 0 -115 544 2
41 90 0 0 -125 475 2
41 91 0 0 -112 401 0
41 92 0 0 -123 341 0
41 93 0 0 -110 266 -4
41 94 0 0 -117 214 -5
41 95 0 0 -110 146 -4
41 96 0 0 -106 91 -7
41 97 0 0 -70 16 1
42 16 0 0 -808 -89 -15
42 18 0 0 -761 -32 -15
42 20 0 0 -741 41 -15
42 22 0 0 -770 105 -16
42 24 0 0 -819 169 -16
42 26 0 0 -915 195 -14
42 28 0 0 -989 181 -14
42 31 0 0 -1065 169 -14
42 33 0 0 -1124 137 -14
42 35 0 0 -1177 112 -14
42 37 0 0 -1220 79 -14
42 39 0 0 -1264 59 -14
42 41 0 0 -1306 30 -14
42 43 0 0 -1361 22 -16
42 44 0 0 -1403 -1 -10
42 46 0 0 -1505 36 -14
42 47 0 0 -1495 4 -5
42 48 0 0 -1457 10 7
42 49 0 0 -1636 2 -1
42 57 0 0 -1618 2 -9
42 58 0 484 -1537 4 -1
42 59 0 789 -1558 -6 -10
42 60 0 1040 0 0 0
42 61 0 1149 -1495 39 -8
42 62 0 1139 0 0 0
42 63 0 1127 -1482 52 -16
42 64 0 1161 -1466 86 -14
42 65 0 1157 0 0 0
42 66 0 1009 0 0 0
42 67 0 725 0 0 0
42 68 0 417 0 0 0
42 69 0 191 0 0 0
42 70 0 69 0 0 0
42 71 0 20 0 0 0
42 72 0 4 0 0 0
42 75 0 0 -1689 353 -14
42 78 0 0 -2018 692 -25
42 79 0 0 -2237 1022 -40
42 80 0 0 -3510 1036 82
42 81 0 0 477 -1314 106
42 82 0 0 257 -317 176
42 83 0 0 52 662 -17
42 84 0 0 -7 849 -3
42 85 0 0 -10 846 -11
42 86 0 0 -20 824 -11
42 87 0 0 -20 707 -9
42 88 0 0 -18 682 -9
42 89 0 0 -22 552 1
42 90 0 0 -21 532 -5
42 91 0 0 -21 403 9
42 92 0 0 -23 388 0
42 93 0 0 -18 268 10
42 94 0 0 -23 237 7
42 95 0 0 -17 135 -3
42 96 0 0 -16 93 -1
42 97 0 0 -25 4 -17
43 2 0 0 -1090 -13 -14
43 4 0 0 -1083 -41 -14
43 6 0 0 -1065 -72 -14
43 8 0 0 -1034 -99 -14
43 10 0 0 -993 -120 -15
43 12 0 0 -937 -127 -15
43 14 0 0 -877 -123 -15
43 46 0 0 -1483 5 -16
43 47 0 0 -1484 -7 -6
43 48 0 0 -1453 17 7
43 49 0 0 -1551 -1 -5
43 57 0 0 -1582 -23 -7
43 58 0 788 -1547 -4 1
43 59 0 1301 -1554 17 -12
43 60 0 1712 0 0 0
43 61 0 1816 0 0 0
43 62 0 1615 0 0 0
43 63 0 1313 0 0 0
43 64 0 1090 0 0 0
43 65 0 943 0 0 0
43 66 0 771 -1473 112 -15
43 67 0 540 0 0 0
43 68 0 308 0 0 0
43 69 0 140 -1494 154 -14
43 70 0 51 0 0 0
43 71 0 14 -1538 203 -15
43 72 0 3 0 0 0
43 73 0 0 -1596 278 -13
43 77 0 0 -1815 511 -33
43 78 0 0 -2110 415 2
43 79 0 0 -2375 429 -8
43 80 0 0 -2840 109 -18
44 18 0 0 -780 -6 -14
44 20 0 0 -762 40 -14
44 22 0 0 -780 78 -15
44 24 0 0 -814 111 -14
44 26 0 0 -888 122 -15
44 29 0 0 -946 116 -14
44 31 0 0 -1014 105 -14
44 33 0 0 -1067 83 -14
44 35 0 0 -1118 63 -14
44 37 0 0 -1162 35 -14
44 39 0 0 -1206 14 -14
44 41 0 0 -1256 -21 -13
44 42 0 0 -1306 -37 -17
44 44 0 0 -1394 -78 -8
44 46 0 0 -1473 -22 -17
44 47 0 0 -1482 -15 -15
44 48 0 0 -1326 172 -41
44 49 0 0 -1428 57 -4
44 57 0 0 -1391 -72 5
44 58 0 1216 -1612 3 -19
44 59 0 2017 -1555 36 -16
44 60 0 2636 0 0 0
44 61 0 2726 -1527 82 -13
44 62 0 2260 0 0 0
44 63 0 1574 -1462 78 -19
44 64 0 1021 -1457 89 -13
44 65 0 693 0 0 0
44 66 0 491 0 0 0
44 67 0 324 0 0 0
44 68 0 180 0 0 0
44 69 0 81 0 0 0
44 70 0 29 0 0 0
44 71 0 8 0 0 0
44 72 0 1 0 0 0
44 78 0 0 -2043 329 -12
44 79 0 0 -2160 221 -8
44 80 0 0 -2365 -4 -51
45 2 0 0 -1030 -9 -14
45 4 0 0 -1024 -29 -14
45 6 0 0 -1008 -50 -14
45 8 0 0 -983 -66 -14
45 10 0 0 -950 -78 -15
45 12 0 0 -907 -79 -14
45 14 0 0 -861 -70 -14
45 16 0 0 -812 -43 -14
45 46 0 0 -1475 -109 -12
45 47 0 0 -1606 -112 -28
45 48 0 0 -1273 238 -72
45 49 0 0 -381 268 57
45 57 0 0 -257 -337 94
45 58 0 1818 -1753 -10 -53
45 59 0 2945 -1560 73 -24
45 60 0 3762 0 0 0
45 61 0 3808 0 0 0
45 62 0 3037 0 0 0
45 63 0 1936 0 0 0
45 64 0 1041 0 0 0
45 65 0 528 0 0 0
45 66 0 286 -1464 95 -14
45 67 0 163 0 0 0
45 68 0 84 0 0 0
45 69 0 37 -1495 114 -13
45 70 0 13 0 0 0
45 71 0 3 -1550 137 -13
45 72 0 0 0 0 0
45 73 0 0 -1619 172 -13
45 75 0 0 -1734 209 -15
45 77 0 0 -1862 268 -25
45 78 0 0 -2012 180 -1
45 79 0 0 -2090 130 -7
45 80 0 0 -2205 68 1
46 37 0 0 -1104 -9 -14
46 39 0 0 -1142 -37 -14
46 41 0 0 -1189 -73 -14
46 46 0 0 -1493 -204 -4
46 47 0 0 -1672 -230 -16
46 48 0 4 -1769 -1005 -54
46 49 0 0 -334 456 160
46 57 0 0 -690 -192 26
46 58 0 2925 -1842 114 -47
46 59 0 4182 -1571 255 -15
46 60 0 5035 0 0 0
46 61 0 4916 -1444 147 -28
46 62 0 3810 0 0 0
46 63 0 2331 0 0 0
46 64 0 1142 -1413 89 -12
46 65 0 472 0 0 0
46 66 0 185 -1430 81 -13
46 67 0 77 0 0 0
46 68 0 31 0 0 0
46 69 0 13 0 0 0
46 70 0 4 0 0 0
46 71 0 1 0 0 0
46 72 0 0 0 0 0
46 78 0 0 -1948 137 -5
46 79 0 0 -1986 53 -2
46 80 0 0 -2039 25 1
47 2 0 0 -978 -6 -14
47 4 0 0 -974 -18 -14
47 6 0 0 -960 -31 -14
47 8 0 0 -940 -40 -14
47 10 0 0 -912 -44 -14
47 12 0 0 -878 -41 -14
47 14 0 0 -844 -30 -15
47 16 0 0 -805 -11 -15
47 18 0 0 -778 14 -15
47 20 0 0 -759 40 -15
47 22 0 0 -770 55 -15
47 25 0 0 -797 67 -15
47 27 0 0 -852 66 -15
47 29 0 0 -906 57 -15
47 31 0 0 -965 49 -14
47 33 0 0 -1016 32 -14
47 35 0 0 -1062 16 -14
47 42 0 0 -1233 -129 -17
47 44 0 0 -1313 -173 -34
47 46 0 0 -1329 -334 -16
47 47 0 3 -1303 -554 -34
47 48 0 11 -1286 -877 -5
47 49 0 0 -141 -1319 9
47 50 0 99 -141 -1020 24
47 51 0 0 -166 -505 -12
47 52 0 0 -123 -167 -4
47 53 0 0 -129 -45 -13
47 54 0 0 -197 311 -17
47 55 0 1753 -181 462 -15
47 56 0 0 -561 1152 0
47 57 0 0 -1568 1190 -4
47 58 0 4776 -1334 561 -47
47 59 0 5923 -1447 445 -18
47 60 0 6469 0 0 0
47 61 0 5944 0 0 0
47 62 0 4450 0 0 0
47 63 0 2661 -1409 152 -20
47 64 0 1265 0 0 0
47 65 0 483 0 0 0
47 66 0 154 0 0 0
47 67 0 46 0 0 0
47 68 0 9 0 0 0
47 69 0 3 -1470 68 -13
47 70 0 1 0 0 0
47 71 0 0 -1529 77 -14
47 72 0 0 0 0 0
47 73 0 0 -1608 84 -14
47 75 0 0 -1711 100 -16
47 77 0 0 -1827 122 -16
47 78 0 0 -1921 70 -5
47 79 0 0 -1940 39 0
47 80 0 0 -1943 33 9
48 37 0 0 -1044 -47 -14
48 39 0 0 -1074 -71 -14
48 46 0 0 -1119 -327 -40
48 47 0 5 -1123 -470 -54
48 48 0 21 -1054 -631 -53
48 49 0 72 -728 -773 -42
48 50 0 204 -415 -643 -34
48 51 0 474 -317 -381 -27
48 52 0 957 -296 -204 -27
48 53 0 1700 -274 7 -24
48 54 0 2688 -320 183 -31
48 55 0 3874 -405 394 -35
48 56 0 5222 -579 653 -41
48 57 0 6636 -1035 677 -62
48 58 0 7830 -1101 334 -59
48 59 0 8451 -1203 326 -55
48 60 0 8175 0 0 0
48 61 0 6896 0 0 0
48 62 0 4921 0 0 0
48 63 0 2890 0 0 0
48 64 0 1375 -1335 66 -10
48 65 0 528 0 0 0
48 66 0 164 0 0 0
48 67 0 43 -1376 34 -13
48 68 0 4 0 0 0
48 69 0 1 -1427 10 -13
48 70 0 0 0 0 0
48 71 0 0 0 0 0
48 72 0 0 0 0 0
48 78 0 0 -1898 44 -16
48 79 0 0 -1914 70 2
48 80 0 0 -1846 37 7
49 2 0 0 -934 -3 -14
49 4 0 0 -930 -10 -14
49 6 0 0 -919 -17 -14
49 8 0 0 -903 -19 -14
49 10 0 0 -880 -18 -14
49 12 0 0 -853 -11 -15
49 14 0 0 -823 1 -15
49 16 0 0 -790 17 -15
49 18 0 0 -762 37 -15
49 20 0 0 -735 46 -16
49 22 0 0 -738 41 -16
49 25 0 0 -758 31 -15
49 27 0 0 -809 15 -16
49 29 0 0 -863 4 -15
49 31 0 0 -920 -1 -15
49 33 0 0 -967 -13 -14
49 35 0 0 -1009 -25 -14
49 41 0 0 -1101 -111 -13
49 42 0 0 -1129 -171 -21
49 44 0 0 -1127 -245 -24
49 46 0 0 -1033 -382 -34
49 47 0 9 -977 -401 -33
49 48 0 33 -893 -533 -35
49 49 0 114 -782 -519 -14
49 50 0 332 -552 -460 -26
49 51 0 798 -459 -279 -20
49 52 0 1663 -434 -170 -24
49 53 0 3024 -422 -12 -19
49 54 0 4842 -448 107 -19
49 55 0 7002 -541 264 -21
49 56 0 9301 -641 339 -25
49 57 0 11305 -978 441 -33
49 58 0 12303 -981 287 -36
49 59 0 11866 -1116 351 -36
49 60 0 10185 0 0 0
49 61 0 7803 -1245 181 -18
49 62 0 5275 0 0 0
49 63 0 3073 -1311 130 -24
49 64 0 1512 0 0 0
49 65 0 623 0 0 0
49 66 0 215 0 0 0
49 67 0 63 0 0 0
49 68 0 10 0 0 0
49 69 0 2 0 0 0
49 70 0 0 0 0 0
49 71 0 0 -1495 -1 -14
49 73 0 0 -1577 -8 -13
49 75 0 0 -1687 -11 -18
49 77 0 0 -1795 15 -11
49 78 0 0 -1900 -6 -16
49 79 0 0 -1886 103 -12
49 80 0 0 -1785 51 10
50 8 0 0 -871 -2 -14
50 10 0 0 -853 3 -15
50 12 0 0 -831 15 -15
50 14 0 0 -805 31 -15
50 16 0 0 -773 48 -15
50 39 0 0 -1011 -92 -14
50 43 0 0 0 0 0
50 44 0 0 0 0 0
50 45 0 1 0 0 0
50 46 0 4 0 0 0
50 47 0 19 0 0 0
50 48 0 54 0 0 0
50 49 0 164 0 0 0
50 50 0 464 0 0 0
50 51 0 1131 0 0 0
50 52 0 2414 0 0 0
50 53 0 4479 0 0 0
50 54 0 7292 0 0 0
50 55 0 10713 0 0 0
50 56 0 14374 0 0 0
50 57 0 17245 0 0 0
50 58 0 17895 0 0 0
50 59 0 15906 0 0 0
50 60 0 12368 0 0 0
50 61 0 8695 0 0 0
50 62 0 5643 0 0 0
50 63 0 3363 0 0 0
50 64 0 1801 -1259 18 -13
50 65 0 849 0 0 0
50 66 0 347 0 0 0
50 67 0 121 -1310 -19 -13
50 68 0 31 0 0 0
50 69 0 7 -1370 -56 -12
50 70 0 1 0 0 0
50 71 0 0 -1441 -81 -14
50 73 0 0 -1536 -115 -14
50 75 0 0 -1656 -113 -19
50 77 0 0 -1826 -134 -18
50 78 0 0 -1953 -33 -24
50 79 0 0 -1878 137 -39
50 80 0 0 -1585 188 51
51 2 0 0 -895 -1 -14
51 4 0 0 -892 -3 -14
51 6 0 0 -884 -4 -14
51 18 0 0 -740 67 -15
51 20 0 0 -696 64 -15
51 22 0 0 -686 33 -15
51 25 0 0 -704 -1 -14
51 27 0 0 -756 -37 -14
51 29 0 0 -821 -52 -13
51 31 0 0 -880 -54 -14
51 33 0 0 -926 -57 -14
51 35 0 0 -962 -61 -15
51 37 0 0 -991 -73 -14
51 41 0 0 -1025 -124 -14
51 42 0 0 -1025 -166 -14
51 43 0 0 0 0 0
51 44 0 2 -1012 -236 -27
51 45 0 7 0 0 0
51 46 0 16 -979 -282 -28
51 47 0 43 0 0 0
51 48 0 93 -834 -355 -37
51 49 0 224 0 0 0
51 50 0 576 -659 -283 -32
51 51 0 1384 0 0 0
51 52 0 2980 -601 -95 -30
51 53 0 5601 0 0 0
51 54 0 9279 -667 105 -32
51 55 0 13963 0 0 0
51 56 0 19172 -864 215 -38
51 57 0 23105 0 0 0
51 58 0 23400 0 0 0
51 59 0 19777 -1071 177 -33
51 60 0 14453 0 0 0
51 61 0 9686 -1136 135 -27
51 62 0 6288 0 0 0
51 63 0 4015 -1206 67 -14
51 64 0 2438 0 0 0
51 65 0 1333 0 0 0
51 66 0 630 0 0 0
51 67 0 249 0 0 0
51 68 0 78 0 0 0
51 69 0 19 0 0 0
51 70 0 4 0 0 0
51 71 0 0 0 0 0
51 78 0 0 -2028 -39 -23
51 79 0 0 -1968 109 -90
51 80 0 0 -626 131 -48
52 6 0 0 -852 3 -14
52 8 0 0 -843 10 -15
52 10 0 0 -830 21 -15
52 12 0 0 -812 36 -15
52 14 0 0 -787 60 -14
52 16 0 0 -755 81 -12
52 18 0 0 -710 113 -9
52 20 0 0 -629 102 -9
52 22 0 0 -603 34 -7
52 25 0 0 -619 -38 -5
52 27 0 0 -691 -103 -6
52 29 0 0 -781 -118 -6
52 31 0 0 -848 -108 -10
52 33 0 0 -894 -97 -14
52 39 0 0 -956 -102 -15
52 43 0 1 0 0 0
52 44 0 7 0 0 0
52 45 0 21 0 0 0
52 46 0 52 0 0 0
52 47 0 108 0 0 0
52 48 0 193 0 0 0
52 49 0 353 0 0 0
52 50 0 743 0 0 0
52 51 0 1645 0 0 0
52 52 0 3432 0 0 0
52 53 0 6343 0 0 0
52 54 0 10441 0 0 0
52 55 0 15799 0 0 0
52 56 0 21943 0 0 0
52 57 0 26584 0 0 0
52 58 0 26773 0 0 0
52 59 0 22405 0 0 0
52 60 0 16350 0 0 0
52 61 0 11154 0 0 0
52 62 0 7582 0 0 0
52 63 0 5248 0 0 0
52 64 0 3531 0 0 0
52 65 0 2131 -1185 -42 -13
52 66 0 1093 0 0 0
52 67 0 461 -1238 -82 -13
52 68 0 157 0 0 0
52 69 0 41 -1300 -126 -13
52 70 0 9 0 0 0
52 71 0 1 -1370 -173 -12
52 78 0 0 -2164 -209 -28
52 79 0 0 -2392 -281 -89
52 80 0 0 155 231 -279
53 2 0 0 -860 0 -14
53 4 0 0 -858 1 -14
53 35 0 0 -924 -88 -15
53 37 0 0 -945 -92 -15
53 41 0 0 -961 -123 -14
53 42 0 0 -952 -150 -16
53 43 0 4 0 0 0
53 44 0 16 -931 -182 -15
53 45 0 52 0 0 0
53 46 0 124 -868 -223 -21
53 47 0 244 0 0 0
53 48 0 404 -801 -248 -16
53 49 0 628 0 0 0
53 50 0 1093 0 0 0
53 51 0 2143 -695 -203 -20
53 52 0 4157 -686 -104 -18
53 53 0 7256 0 0 0
53 54 0 11338 -719 6 -21
53 55 0 16441 0 0 0
53 56 0 22254 0 0 0
53 57 0 26783 -849 75 -15
53 58 0 27398 0 0 0
53 59 0 23986 -960 62 -23
53 60 0 18842 0 0 0
53 61 0 13873 -1061 29 -12
53 62 0 9920 0 0 0
53 63 0 7100 -1128 -3 -17
53 64 0 4949 0 0 0
53 65 0 3106 0 0 0
53 66 0 1651 0 0 0
53 67 0 720 0 0 0
53 68 0 256 0 0 0
53 69 0 72 0 0 0
53 70 0 16 0 0 0
53 71 0 3 0 0 0
53 73 0 0 -1472 -231 -11
53 75 0 0 -1588 -314 -11
53 77 0 0 -1816 -396 -21
53 78 0 0 -1993 -919 -18
53 79 0 0 -2183 -1247 -60
53 80 0 0 -1545 -2896 84
53 81 0 0 -83 -2169 -14
53 82 0 0 -25 -1469 0
53 83 0 0 -21 -1260 -1
53 84 0 0 -11 -1018 -3
53 85 0 0 -12 -928 -7
53 86 0 0 -9 -765 -2
53 87 0 0 -9 -694 -8
53 88 0 0 -7 -579 -1
53 89 0 0 -7 -509 -6
53 90 0 0 -5 -426 -1
53 91 0 0 -4 -358 -4
53 92 0 0 -3 -290 0
53 93 0 0 -4 -230 -2
53 94 0 0 -1 -172 0
53 95 0 0 -6 -119 0
53 96 0 0 -2 -63 0
53 97 0 0 -12 -5 -4
54 6 0 0 -825 10 -14
54 8 0 0 -820 19 -15
54 10 0 0 -812 34 -15
54 12 0 0 -801 56 -16
54 14 0 0 -784 91 -16
54 16 0 0 -761 137 -7
54 18 0 0 -694 204 -5
54 20 0 0 -553 187 -4
54 22 0 0 -484 48 -5
54 25 0 0 -509 -95 -4
54 27 0 0 -615 -213 -9
54 29 0 0 -752 -220 -2
54 31 0 0 -837 -162 -7
54 33 0 0 -878 -134 -14
54 41 0 0 -909 -120 -14
54 43 0 8 0 0 0
54 44 0 31 0 0 0
54 45 0 97 0 0 0
54 46 0 233 0 0 0
54 47 0 450 -834 -178 -10
54 48 0 724 0 0 0
54 49 0 1054 -786 -192 -12
54 50 0 1646 0 0 0
54 51 0 2938 -728 -167 -12
54 52 0 5325 -730 -123 -12
54 53 0 8738 0 0 0
54 54 0 12757 -769 -66 -11
54 55 0 17235 0 0 0
54 56 0 22166 -856 -16 -11
54 57 0 26478 0 0 0
54 58 0 28417 -938 -14 -10
54 59 0 27448 0 0 0
54 60 0 24190 -1005 -28 -13
54 61 0 19288 0 0 0
54 62 0 14019 -1061 -59 -13
54 63 0 9753 0 0 0
54 64 0 6596 0 0 0
54 65 0 4094 -1113 -95 -14
54 66 0 2180 0 0 0
54 67 0 965 -1161 -134 -14
54 68 0 351 0 0 0
54 69 0 103 -1213 -186 -13
54 70 0 23 0 0 0
54 71 0 4 -1269 -250 -13
54 78 0 0 -1557 -922 -67
54 79 0 0 -1450 -1269 -62
54 80 0 0 -957 -1594 -8
54 81 0 0 -748 -1556 -10
54 82 0 0 -293 -1269 -15
54 83 0 0 -281 -1168 -26
54 84 0 0 -136 -955 -13
54 85 0 0 -141 -895 -22
54 86 0 0 -76 -716 -8
54 87 0 0 -80 -686 -12
54 88 0 0 -54 -533 -7
54 89 0 0 -56 -518 -8
54 90 0 0 -42 -384 -6
54 91 0 0 -44 -374 -6
54 92 0 0 -39 -255 -8
54 93 0 0 -42 -247 -7
54 94 0 0 -40 -147 -7
54 95 0 0 -45 -138 -10
54 96 0 0 -45 -54 -4
54 97 0 0 -29 -12 -12
55 2 0 0 -829 0 -13
55 4 0 0 -828 5 -14
55 34 0 0 -897 -110 -16
55 36 0 0 -908 -105 -15
55 38 0 0 -912 -107 -14
55 43 0 11 -896 -137 -13
55 44 0 46 0 0 0
55 45 0 142 -872 -163 -14
55 46 0 341 0 0 0
55 47 0 657 0 0 0
55 48 0 1043 0 0 0
55 49 0 1475 0 0 0
55 50 0 2177 0 0 0
55 51 0 3673 0 0 0
55 52 0 6419 0 0 0
55 53 0 10280 0 0 0
55 54 0 14661 0 0 0
55 55 0 19329 0 0 0
55 56 0 24646 0 0 0
55 57 0 30353 0 0 0
55 58 0 35013 0 0 0
55 59 0 36978 0 0 0
55 60 0 35064 0 0 0
55 61 0 29027 0 0 0
55 62 0 20920 0 0 0
55 63 0 13761 0 0 0
55 64 0 8652 0 0 0
55 65 0 5091 0 0 0
55 66 0 2631 0 0 0
55 67 0 1152 0 0 0
55 68 0 418 0 0 0
55 69 0 125 0 0 0
55 70 0 27 0 0 0
55 71 0 5 0 0 0
55 73 0 0 -1337 -339 -12
55 75 0 0 -1421 -481 -17
55 76 0 0 -1460 -648 -25
55 78 0 0 -1311 -954 -35
55 79 0 0 -1214 -1066 -35
55 80 0 0 -1019 -1248 -57
55 81 0 0 -709 -1245 -38
55 82 0 0 -516 -1134 -28
55 83 0 0 -318 -1033 -28
55 84 0 0 -299 -891 -24
55 85 0 0 -169 -811 -27
55 86 0 0 -211 -696 -25
55 87 0 0 -108 -625 -27
55 88 0 0 -162 -529 -22
55 89 0 0 -72 -472 -20
55 90 0 0 -135 -398 -20
55 91 0 0 -58 -341 -17
55 92 0 0 -117 -285 -18
55 93 0 0 -54 -222 -14
55 94 0 0 -96 -183 -14
55 95 0 0 -56 -112 -8
55 96 0 0 -84 -80 -4
55 97 0 0 -68 -26 -3
56 6 0 0 -799 12 -14
56 8 0 0 -798 22 -15
56 10 0 0 -797 37 -15
56 12 0 0 -795 62 -16
56 14 0 0 -797 99 -16
56 16 0 0 -795 166 -19
56 18 0 0 -754 255 12
56 19 0 0 -658 343 -11
56 20 0 0 -509 438 15
56 21 0 0 -388 237 6
56 22 0 0 -339 151 11
56 23 0 0 -328 3 9
56 24 0 0 -342 -78 3
56 25 0 0 -385 -226 4
56 26 0 0 -457 -334 -1
56 27 0 0 -580 -434 -10
56 28 0 0 -730 -349 23
56 29 0 0 -823 -299 2
56 31 0 0 -871 -192 -12
56 33 0 0 -880 -155 -13
56 43 0 13 0 0 0
56 44 0 53 0 0 0
56 45 0 162 0 0 0
56 46 0 390 0 0 0
56 47 0 751 0 0 0
56 48 0 1186 0 0 0
56 49 0 1650 0 0 0
56 50 0 2356 0 0 0
56 51 0 3855 0 0 0
56 52 0 6712 0 0 0
56 53 0 10970 0 0 0
56 54 0 16231 0 0 0
56 55 0 22443 0 0 0
56 56 0 30371 -832 -86 -14
56 57 0 40029 0 0 0
56 58 0 48914 -891 -83 -16
56 59 0 53245 0 0 0
56 60 0 51045 -950 -91 -14
56 61 0 42700 0 0 0
56 62 0 30778 -997 -110 -15
56 63 0 19440 0 0 0
56 64 0 11330 -1043 -139 -14
56 65 0 6215 0 0 0
56 66 0 3059 0 0 0
56 67 0 1302 -1080 -177 -14
56 68 0 464 0 0 0
56 69 0 137 -1120 -228 -14
56 70 0 29 0 0 0
56 71 0 6 -1153 -291 -14
56 83 0 0 -515 -925 -45
56 85 0 0 -341 -755 -30
56 87 0 0 -248 -620 -27
56 89 0 0 -192 -477 -22
56 91 0 0 -157 -362 -21
56 92 0 0 -139 -246 -18
56 94 0 0 -123 -154 -14
56 96 0 0 -95 -67 0
56 97 0 0 -111 -37 1
57 2 0 0 -799 1 -13
57 4 0 0 -799 6 -14
57 18 0 0 -847 254 8
57 19 0 0 -739 253 -16
57 20 0 0 -265 534 7
57 21 0 0 -206 372 9
57 22 0 0 -190 94 15
57 23 0 0 -190 61 17
57 24 0 0 -200 -153 18
57 25 0 0 -204 -193 12
57 26 0 0 -311 -499 8
57 27 0 0 -396 -617 -7
57 28 0 0 -905 -370 -15
57 29 0 0 -904 -268 -26
57 34 0 0 -882 -119 -16
57 36 0 0 -880 -107 -15
57 38 0 0 -874 -103 -15
57 41 0 0 -864 -107 -15
57 43 0 12 -845 -116 -15
57 44 0 47 0 0 0
57 45 0 145 -821 -129 -15
57 46 0 348 0 0 0
57 47 0 673 -780 -141 -15
57 48 0 1059 0 0 0
57 49 0 1463 -743 -153 -15
57 50 0 2063 0 0 0
57 51 0 3372 -705 -156 -15
57 52 0 6049 0 0 0
57 53 0 10428 -721 -143 -14
57 54 0 16527 -766 -111 -13
57 55 0 24684 0 0 0
57 56 0 36126 0 0 0
57 57 0 50906 0 0 0
57 58 0 64511 0 0 0
57 59 0 70099 0 0 0
57 60 0 66134 0 0 0
57 61 0 55477 0 0 0
57 62 0 40560 0 0 0
57 63 0 25378 0 0 0
57 64 0 14195 0 0 0
57 65 0 7427 0 0 0
57 66 0 3525 0 0 0
57 67 0 1465 0 0 0
57 68 0 512 0 0 0
57 69 0 150 0 0 0
57 70 0 30 0 0 0
57 71 0 6 0 0 0
57 73 0 0 -1187 -376 -14
57 74 0 0 -1206 -494 -16
57 76 0 0 -1182 -660 -23
57 78 0 0 -1101 -851 -37
57 80 0 0 -841 -1006 -44
57 96 0 0 -156 -92 5
57 97 0 0 -128 -47 7
58 8 0 0 -777 20 -14
58 10 0 0 -783 34 -14
58 12 0 0 -795 56 -14
58 14 0 0 -816 87 -14
58 16 0 0 -848 133 -18
58 18 0 0 -929 260 -13
58 19 0 0 -1299 153 13
58 20 0 0 -118 -391 -100
58 21 0 0 34 153 5
58 22 0 0 -10 107 1
58 23 0 0 -12 17 -2
58 24 0 0 -15 -129 3
58 25 0 0 -11 -219 2
58 26 0 0 60 -182 4
58 27 0 0 -1465 -997 292
58 28 0 0 -1739 -1029 79
58 29 0 0 -1003 -299 -17
58 33 0 0 -889 -135 -15
58 43 0 8 0 0 0
58 44 0 33 0 0 0
58 45 0 101 0 0 0
58 46 0 243 0 0 0
58 47 0 472 0 0 0
58 48 0 742 0 0 0
58 49 0 1036 0 0 0
58 50 0 1497 0 0 0
58 51 0 2583 0 0 0
58 52 0 4954 0 0 0
58 53 0 9044 0 0 0
58 54 0 15092 0 0 0
58 55 0 23790 0 0 0
58 56 0 36750 0 0 0
58 57 0 54276 0 0 0
58 58 0 70811 0 0 0
58 59 0 77271 0 0 0
58 60 0 72359 0 0 0
58 61 0 60980 0 0 0
58 62 0 45419 0 0 0
58 63 0 28992 0 0 0
58 64 0 16435 -977 -174 -14
58 65 0 8635 0 0 0
58 66 0 4100 0 0 0
58 67 0 1700 -1004 -209 -14
58 68 0 591 0 0 0
58 69 0 172 -1031 -257 -14
58 70 0 35 0 0 0
58 71 0 7 -1051 -316 -14
58 73 0 0 -1066 -390 -14
58 80 0 0 -750 -788 -16
58 83 0 0 -546 -761 -13
58 85 0 0 -426 -660 -16
58 87 0 0 -335 -550 -16
58 89 0 0 -277 -439 -16
58 91 0 0 -235 -333 -17
58 92 0 0 -208 -229 -13
58 94 0 0 -190 -144 -12
58 96 0 0 -178 -51 0
58 97 0 0 -176 -35 -1
59 2 0 0 -770 1 -13
59 4 0 0 -771 6 -14
59 6 0 0 -773 11 -14
59 18 0 0 -965 96 0
59 19 0 0 -1084 42 -15
59 27 0 0 -1299 -26 -11
59 28 0 0 -1135 -195 -1
59 29 0 0 -1023 -139 -19
59 31 0 0 -934 -175 -21
59 34 0 0 -873 -109 -15
59 36 0 0 -855 -98 -15
59 38 0 0 -843 -92 -15
59 40 0 0 -827 -92 -15
59 43 0 4 -807 -95 -14
59 44 0 18 0 0 0
59 45 0 55 -779 -100 -15
59 46 0 133 0 0 0
59 47 0 259 -743 -109 -13
59 48 0 408 0 0 0
59 49 0 598 -702 -124 -14
59 50 0 962 0 0 0
59 51 0 1934 -671 -153 -16
59 52 0 4076 0 0 0
59 53 0 7619 -703 -176 -14
59 54 0 12617 0 0 0
59 55 0 19913 -762 -161 -13
59 56 0 31200 0 0 0
59 57 0 46931 -817 -138 -14
59 58 0 62580 -863 -130 -13
59 59 0 70166 0 0 0
59 60 0 67776 -908 -132 -15
59 61 0 58837 0 0 0
59 62 0 45147 -943 -147 -14
59 63 0 30102 0 0 0
59 64 0 18064 0 0 0
59 65 0 10015 0 0 0
59 66 0 4962 0 0 0
59 67 0 2097 0 0 0
59 68 0 722 0 0 0
59 69 0 203 0 0 0
59 70 0 42 0 0 0
59 71 0 8 0 0 0
59 74 0 0 -1061 -484 -14
59 76 0 0 -1028 -590 -13
59 78 0 0 -926 -709 -15
59 96 0 0 -221 -85 4
59 97 0 0 -199 -51 7
60 8 0 0 -752 11 -14
60 10 0 0 -763 17 -14
60 12 0 0 -780 30 -14
60 14 0 0 -807 36 -15
60 16 0 0 -840 62 -18
60 18 0 0 -916 109 0
60 19 0 0 -969 15 -7
60 27 0 0 -1074 -9 -33
60 28 0 0 -1015 -33 0
60 29 0 0 -974 -134 -17
60 42 0 0 -770 -68 -13
60 43 0 1 0 0 0
60 44 0 7 -739 -65 -10
60 45 0 23 0 0 0
60 46 0 56 -689 -63 -5
60 47 0 111 0 0 0
60 48 0 177 0 0 0
60 49 0 294 0 0 0
60 50 0 598 0 0 0
60 51 0 1514 0 0 0
60 52 0 3482 0 0 0
60 53 0 6471 0 0 0
60 54 0 10274 0 0 0
60 55 0 15878 -739 -222 -6
60 56 0 24852 0 0 0
60 57 0 37136 -795 -180 -11
60 58 0 49527 0 0 0
60 59 0 57331 -831 -170 -13
60 60 0 58735 0 0 0
60 61 0 53977 0 0 0
60 62 0 43184 0 0 0
60 63 0 30032 0 0 0
60 64 0 19064 0 0 0
60 65 0 11311 0 0 0
60 66 0 5969 0 0 0
60 67 0 2593 0 0 0
60 68 0 872 0 0 0
60 69 0 230 0 0 0
60 70 0 46 0 0 0
60 71 0 8 -953 -325 -14
60 73 0 0 -954 -388 -14
60 75 0 0 -939 -459 -14
60 77 0 0 -900 -538 -13
60 79 0 0 -832 -609 -13
60 81 0 0 -717 -647 -13
60 83 0 0 -584 -619 -13
60 85 0 0 -479 -548 -13
60 87 0 0 -400 -472 -14
60 89 0 0 -338 -380 -14
60 91 0 0 -296 -295 -15
60 92 0 0 -265 -204 -12
60 94 0 0 -246 -128 -11
60 96 0 0 -243 -38 -1
60 97 0 0 -235 -31 -1
61 2 0 0 -739 0 -13
61 4 0 0 -741 3 -14
61 6 0 0 -745 6 -14
61 18 0 0 -899 16 5
61 19 0 0 -951 -28 -7
61 27 0 0 -1021 0 -5
61 28 0 0 -1001 -49 -4
61 29 0 0 -923 -25 -7
61 30 0 0 -917 -98 -22
61 32 0 0 -877 -83 -15
61 34 0 0 -850 -83 -14
61 36 0 0 -829 -75 -14
61 38 0 0 -811 -74 -15
61 40 0 0 -793 -71 -15
61 43 0 0 0 0 0
61 44 0 2 0 0 0
61 45 0 7 0 0 0
61 46 0 18 0 0 0
61 47 0 37 0 0 0
61 48 0 60 0 0 0
61 49 0 130 -631 -89 -4
61 50 0 359 0 0 0
61 51 0 1110 -578 -163 -5
61 52 0 2719 0 0 0
61 53 0 5157 -648 -224 -5
61 54 0 8358 0 0 0
61 55 0 13577 0 0 0
61 56 0 22165 0 0 0
61 57 0 33153 0 0 0
61 58 0 43427 0 0 0
61 59 0 50319 0 0 0
61 60 0 53136 -865 -166 -15
61 61 0 50822 0 0 0
61 62 0 41503 -889 -177 -15
61 63 0 28829 0 0 0
61 64 0 18412 -913 -199 -15
61 65 0 11305 0 0 0
61 66 0 6224 -930 -231 -14
61 67 0 2745 0 0 0
61 68 0 899 0 0 0
61 69 0 222 -946 -273 -14
61 70 0 42 0 0 0
61 71 0 7 0 0 0
61 96 0 0 -277 -79 2
61 97 0 0 -262 -50 8
62 12 0 0 -751 10 -14
62 15 0 0 -778 14 -17
62 17 0 0 -798 17 -14
62 18 0 0 -847 38 -4
62 19 0 0 -901 -9 2
62 27 0 0 -939 -7 -34
62 28 0 0 -920 -7 0
62 29 0 0 -899 -63 -13
62 41 0 0 -764 -49 -16
62 42 0 0 -746 -36 -13
62 43 0 0 0 0 0
62 44 0 0 -718 -23 -5
62 45 0 2 0 0 0
62 46 0 4 -662 8 -2
62 47 0 10 0 0 0
62 48 0 16 0 0 0
62 49 0 51 0 0 0
62 50 0 183 0 0 0
62 51 0 648 0 0 0
62 52 0 1708 0 0 0
62 53 0 3581 0 0 0
62 54 0 6671 0 0 0
62 55 0 12335 -748 -301 -4
62 56 0 21476 0 0 0
62 57 0 32792 -801 -223 -11
62 58 0 43509 0 0 0
62 59 0 51157 -811 -200 -14
62 60 0 54768 -830 -188 -16
62 61 0 53001 0 0 0
62 62 0 42519 0 0 0
62 63 0 27594 0 0 0
62 64 0 16201 0 0 0
62 65 0 9446 0 0 0
62 66 0 5080 0 0 0
62 67 0 2195 0 0 0
62 68 0 696 0 0 0
62 69 0 163 0 0 0
62 70 0 29 0 0 0
62 71 0 4 0 0 0
62 75 0 0 -843 -431 -15
62 77 0 0 -811 -483 -15
62 79 0 0 -751 -524 -16
62 81 0 0 -674 -545 -15
62 83 0 0 -582 -525 -14
62 85 0 0 -506 -472 -14
62 87 0 0 -437 -408 -14
62 89 0 0 -384 -334 -15
62 91 0 0 -343 -260 -15
62 92 0 0 -312 -181 -13
62 94 0 0 -292 -113 -12
62 96 0 0 -294 -28 -2
62 97 0 0 -281 -26 -2
63 2 0 0 -707 0 -14
63 4 0 0 -709 1 -14
63 6 0 0 -714 1 -14
63 8 0 0 -722 3 -14
63 10 0 0 -734 5 -15
63 18 0 0 -850 -20 -3
63 19 0 0 -920 -3 2
63 27 0 0 -920 5 -4
63 28 0 0 -917 -7 -1
63 29 0 0 -868 -1 -3
63 30 0 0 -863 -53 -16
63 32 0 0 -838 -56 -16
63 34 0 0 -815 -59 -14
63 36 0 0 -796 -58 -15
63 38 0 0 -780 -55 -15
63 43 0 0 0 0 0
63 44 0 0 0 0 0
63 45 0 0 0 0 0
63 46 0 1 0 0 0
63 47 0 2 0 0 0
63 48 0 3 0 0 0
63 49 0 16 -540 10 -2
63 50 0 69 0 0 0
63 51 0 287 -487 -181 1
63 52 0 877 0 0 0
63 53 0 2283 -579 -365 -8
63 54 0 5252 0 0 0
63 55 0 10845 0 0 0
63 56 0 19329 0 0 0
63 57 0 30025 0 0 0
63 58 0 42272 0 0 0
63 59 0 54183 0 0 0
63 60 0 61876 0 0 0
63 61 0 60853 0 0 0
63 62 0 47073 -841 -194 -15
63 63 0 27732 0 0 0
63 64 0 14033 -854 -214 -15
63 65 0 7000 0 0 0
63 66 0 3317 -862 -241 -15
63 67 0 1306 0 0 0
63 68 0 388 0 0 0
63 69 0 86 -868 -279 -15
63 70 0 14 0 0 0
63 71 0 2 -867 -324 -15
63 73 0 0 -863 -377 -15
63 96 0 0 -321 -73 3
63 97 0 0 -312 -46 9
64 15 0 0 -747 -14 -14
64 17 0 0 -771 -10 -17
64 18 0 0 -831 20 -5
64 19 0 0 -849 -17 -4
64 27 0 0 -869 -4 -31
64 28 0 0 -851 5 0
64 29 0 0 -852 -46 -10
64 41 0 0 -742 -35 -16
64 42 0 0 -729 -17 -12
64 44 0 0 -719 -5 -10
64 46 0 0 -675 75 16
64 47 0 0 -657 63 17
64 48 0 0 -533 257 13
64 49 0 3 -329 97 17
64 50 0 18 -228 -111 16
64 51 0 104 -228 -257 18
64 52 0 430 -290 -500 -12
64 53 0 1509 -687 -657 -1
64 54 0 4213 -780 -370 1
64 55 0 9225 -837 -309 -1
64 56 0 16188 0 0 0
64 57 0 25282 -827 -231 -16
64 58 0 38895 0 0 0
64 59 0 57581 -799 -200 -14
64 60 0 73047 -800 -195 -16
64 61 0 72340 0 0 0
64 62 0 52895 0 0 0
64 63 0 28640 0 0 0
64 64 0 12667 0 0 0
64 65 0 5186 0 0 0
64 66 0 1983 0 0 0
64 67 0 646 0 0 0
64 68 0 167 0 0 0
64 69 0 33 0 0 0
64 70 0 5 0 0 0
64 71 0 0 0 0 0
64 79 0 0 -697 -471 -14
64 81 0 0 -644 -480 -15
64 83 0 0 -589 -453 -15
64 85 0 0 -525 -404 -15
64 87 0 0 -469 -349 -14
64 89 0 0 -418 -285 -15
64 91 0 0 -379 -223 -15
64 92 0 0 -348 -156 -13
64 94 0 0 -327 -96 -13
64 96 0 0 -334 -22 0
64 97 0 0 -323 -15 -3
65 2 0 0 -672 -1 -14
65 4 0 0 -675 -2 -14
65 6 0 0 -679 -6 -14
65 8 0 0 -688 -8 -14
65 10 0 0 -701 -11 -14
65 12 0 0 -721 -12 -15
65 18 0 0 -817 -42 -16
65 19 0 0 -852 8 -8
65 27 0 0 -862 7 -7
65 28 0 0 -856 12 0
65 29 0 0 -821 21 -3
65 30 0 0 -817 -28 -17
65 32 0 0 -800 -30 -15
65 34 0 0 -780 -41 -14
65 36 0 0 -764 -40 -15
65 38 0 0 -751 -42 -14
65 46 0 0 -724 19 -6
65 47 0 0 -766 99 1
65 48 0 0 -1017 364 -66
65 49 0 0 14 -212 -8
65 50 0 0 13 -49 8
65 51 0 0 3 -270 -21
65 52 0 0 11 -14 -143
65 53 0 0 -634 340 -101
65 54 0 3598 -974 -279 -19
65 55 0 8304 -881 -246 -21
65 56 0 14412 0 0 0
65 57 0 22839 0 0 0
65 58 0 39034 0 0 0
65 59 0 66045 0 0 0
65 60 0 89426 0 0 0
65 61 0 86757 0 0 0
65 62 0 60218 -795 -200 -15
65 63 0 31040 0 0 0
65 64 0 12442 -797 -220 -15
65 65 0 4163 0 0 0
65 66 0 1231 -796 -245 -15
65 67 0 310 0 0 0
65 68 0 64 -794 -279 -15
65 69 0 10 0 0 0
65 70 0 1 0 0 0
65 71 0 0 -786 -320 -15
65 73 0 0 -778 -364 -15
65 75 0 0 -762 -408 -14
65 77 0 0 -737 -447 -14
65 96 0 0 -354 -67 1
65 97 0 0 -352 -37 7
66 18 0 0 -806 0 -20
66 19 0 0 -817 -27 3
66 27 0 0 -836 2 -30
66 28 0 0 -798 17 -10
66 29 0 0 -808 -18 -12
66 30 0 0 -768 -2 -15
66 32 0 0 -757 -12 -17
66 34 0 0 -738 -22 -14
66 36 0 0 -726 -29 -15
66 39 0 0 -719 -34 -14
66 41 0 0 -717 -28 -16
66 42 0 0 -714 -22 -13
66 44 0 0 -725 2 -21
66 46 0 0 -742 60 -11
66 47 0 0 -792 28 -2
66 48 0 0 -861 12 -3
66 53 0 0 -1083 -32 -16
66 54 0 2976 -969 -105 -13
66 55 0 7214 -886 -241 -18
66 56 0 12670 0 0 0
66 57 0 20816 -814 -182 -29
66 58 0 38919 -779 -162 -14
66 59 0 70310 0 0 0
66 60 0 95807 0 0 0
66 61 0 90929 0 0 0
66 62 0 62356 0 0 0
66 63 0 32260 0 0 0
66 64 0 12433 0 0 0
66 65 0 3558 0 0 0
66 66 0 807 0 0 0
66 67 0 153 0 0 0
66 68 0 24 0 0 0
66 69 0 2 0 0 0
66 70 0 0 0 0 0
66 71 0 0 0 0 0
66 83 0 0 -591 -407 -16
66 85 0 0 -542 -354 -16
66 87 0 0 -491 -301 -15
66 89 0 0 -443 -243 -15
66 91 0 0 -404 -189 -15
66 92 0 0 -373 -131 -14
66 94 0 0 -352 -82 -13
66 96 0 0 -363 -10 -3
66 97 0 0 -348 -12 -4
67 2 0 0 -635 -2 -14
67 4 0 0 -637 -5 -14
67 6 0 0 -642 -12 -15
67 8 0 0 -649 -17 -15
67 10 0 0 -662 -27 -15
67 12 0 0 -681 -36 -15
67 14 0 0 -711 -42 -14
67 17 0 0 -740 -49 -18
67 18 0 0 -810 -67 -31
67 19 0 0 -843 8 -4
67 27 0 0 -849 5 -17
67 28 0 0 -800 26 -9
67 29 0 0 -794 41 -3
67 46 0 0 -736 -14 -7
67 47 0 0 -803 15 -3
67 48 0 0 -823 5 -1
67 53 0 0 -996 -21 -14
67 54 0 1935 -937 -89 -28
67 55 0 4855 -843 -91 -17
67 56 0 8836 0 0 0
67 57 0 15458 0 0 0
67 58 0 30911 0 0 0
67 59 0 56362 0 0 0
67 60 0 74310 -759 -184 -15
67 61 0 68358 0 0 0
67 62 0 46642 -748 -191 -15
67 63 0 24701 0 0 0
67 64 0 9703 -740 -215 -15
67 65 0 2628 0 0 0
67 66 0 494 -734 -238 -16
67 67 0 71 0 0 0
67 68 0 7 -724 -270 -16
67 69 0 0 0 0 0
67 71 0 0 -712 -309 -16
67 73 0 0 -708 -352 -16
67 75 0 0 -693 -391 -16
67 77 0 0 -681 -418 -17
67 79 0 0 -653 -431 -17
67 81 0 0 -624 -437 -16
67 96 0 0 -375 -60 1
67 97 0 0 -378 -35 6
68 18 0 0 -866 -43 -27
68 19 0 0 -756 103 -30
68 27 0 0 -571 -79 -70
68 28 0 0 -735 48 -23
68 29 0 0 -803 -10 -10
68 36 0 0 -684 -20 -14
68 39 0 0 -683 -33 -14
68 41 0 0 -685 -31 -16
68 42 0 0 -695 -32 -13
68 44 0 0 -702 -14 -21
68 46 0 0 -725 27 -7
68 47 0 0 -767 0 -1
68 48 0 0 -778 1 2
68 53 0 0 -874 -21 34
68 54 0 925 -750 -18 -8
68 55 0 2409 -803 -130 -16
68 56 0 4716 0 0 0
68 57 0 9100 0 0 0
68 58 0 19078 0 0 0
68 59 0 33255 0 0 0
68 60 0 39945 0 0 0
68 61 0 33850 0 0 0
68 62 0 22200 0 0 0
68 63 0 11844 0 0 0
68 64 0 4815 0 0 0
68 65 0 1310 0 0 0
68 66 0 227 -671 -229 -13
68 67 0 28 0 0 0
68 68 0 2 -652 -259 -9
68 69 0 0 0 0 0
68 70 0 0 -627 -306 -1
68 72 0 0 -619 -338 -4
68 75 0 0 -617 -377 1
68 77 0 0 -618 -404 -1
68 79 0 0 -600 -411 0
68 81 0 0 -588 -416 -6
68 83 0 0 -604 -370 -10
68 85 0 0 -556 -307 -15
68 87 0 0 -511 -251 -15
68 89 0 0 -458 -199 -16
68 91 0 0 -421 -153 -15
68 92 0 0 -388 -106 -14
68 94 0 0 -367 -66 -14
68 96 0 0 -379 -2 -6
68 97 0 0 -363 -8 -5
69 2 0 0 -595 -3 -14
69 4 0 0 -596 -8 -14
69 6 0 0 -599 -17 -15
69 8 0 0 -604 -28 -15
69 10 0 0 -614 -43 -15
69 12 0 0 -638 -62 -15
69 14 0 0 -670 -81 -17
69 16 0 0 -742 -109 -15
69 18 0 0 -893 -178 -15
69 19 0 0 51 -219 117
69 27 0 0 -187 111 12
69 28 0 0 -818 98 -21
69 29 0 0 -805 59 -6
69 31 0 0 -717 44 -22
69 33 0 0 -709 9 -15
69 34 0 0 -696 -9 -15
69 46 0 0 -719 -36 -3
69 47 0 0 -777 -7 -2
69 48 0 0 -771 1 0
69 53 0 0 -839 -22 12
69 54 0 361 -808 -26 -8
69 55 0 982 -771 -51 -11
69 56 0 2104 -740 -118 -24
69 57 0 4421 0 0 0
69 58 0 9315 -734 -137 -15
69 59 0 14933 0 0 0
69 60 0 15505 -703 -164 -15
69 61 0 11242 0 0 0
69 62 0 6651 -695 -181 -15
69 63 0 3416 0 0 0
69 64 0 1395 -680 -205 -16
69 65 0 382 0 0 0
69 66 0 64 0 0 0
69 67 0 7 0 0 0
69 68 0 0 0 0 0
69 69 0 0 0 0 0
69 96 0 0 -386 -53 0
69 97 0 0 -393 -32 6
70 4 0 0 -555 -9 -15
70 18 0 0 -714 -271 -31
70 19 0 0 -531 -414 -39
70 20 0 0 -187 -789 -11
70 21 0 0 -56 -441 -4
70 22 0 0 -31 -223 0
70 23 0 0 -30 -121 -5
70 24 0 0 -73 20 -7
70 25 0 0 -37 88 -5
70 26 0 0 -76 282 -7
70 27 0 0 -272 544 6
70 28 0 0 -517 268 -30
70 29 0 0 -652 133 -30
70 36 0 0 -636 -16 -14
70 39 0 0 -640 -34 -14
70 41 0 0 -648 -41 -15
70 42 0 0 -666 -43 -14
70 44 0 0 -675 -37 -13
70 46 0 0 -710 6 -5
70 47 0 0 -734 -17 -4
70 48 0 0 -745 0 1
70 53 0 0 -741 -11 -14
70 54 0 123 -703 -31 -14
70 55 0 349 -712 -85 -15
70 56 0 785 -671 -84 -17
70 57 0 1649 0 0 0
70 58 0 3238 0 0 0
70 59 0 4692 0 0 0
70 60 0 4262 0 0 0
70 61 0 2599 0 0 0
70 62 0 1308 0 0 0
70 63 0 603 0 0 0
70 64 0 233 -621 -190 -17
70 65 0 62 0 0 0
70 66 0 10 -613 -210 -16
70 67 0 1 0 0 0
70 68 0 0 -585 -230 -5
70 70 0 0 -582 -284 -3
70 73 0 0 -585 -341 -5
70 75 0 0 -583 -371 -14
70 77 0 0 -604 -394 -31
70 79 0 0 -603 -392 -15
70 81 0 0 -615 -410 -2
70 83 0 0 -634 -354 -11
70 85 0 0 -593 -257 -15
70 87 0 0 -530 -208 -15
70 89 0 0 -471 -154 -17
70 91 0 0 -429 -121 -15
70 92 0 0 -395 -81 -15
70 94 0 0 -373 -51 -14
70 96 0 0 -384 5 -7
70 97 0 0 -368 -3 -6
71 2 0 0 -554 -3 -14
71 6 0 0 -555 -20 -15
71 8 0 0 -556 -34 -16
71 10 0 0 -560 -60 -16
71 12 0 0 -575 -94 -16
71 14 0 0 -596 -157 -17
71 16 0 0 -622 -205 -23
71 18 0 0 -503 -345 -24
71 19 0 0 -511 -415 -25
71 20 0 0 -365 -419 -35
71 21 0 0 -205 -300 -13
71 22 0 0 -195 -213 -19
71 23 0 0 -137 -108 -12
71 24 0 0 -166 -45 -13
71 25 0 0 -183 61 -10
71 26 0 0 -241 126 -28
71 27 0 0 -358 244 -29
71 28 0 0 -443 191 -31
71 29 0 0 -484 195 -25
71 31 0 0 -619 79 -23
71 33 0 0 -641 51 -17
71 34 0 0 -634 2 -13
71 46 0 0 -706 -55 -5
71 47 0 0 -752 -20 -1
71 48 0 0 -746 0 2
71 53 0 0 -721 -16 -25
71 54 0 35 -679 -17 3
71 55 0 100 -686 -33 -5
71 56 0 228 0 0 0
71 57 0 446 0 0 0
71 58 0 762 -670 -120 -16
71 59 0 970 0 0 0
71 60 0 794 -646 -146 -15
71 61 0 427 0 0 0
71 62 0 181 -639 -167 -16
71 63 0 69 0 0 0
71 64 0 23 0 0 0
71 65 0 5 0 0 0
71 66 0 0 0 0 0
71 67 0 0 0 0 0
71 68 0 0 0 0 0
71 96 0 0 -385 -46 0
71 97 0 0 -397 -28 6
72 2 0 0 -511 -3 -14
72 4 0 0 -510 -9 -14
72 6 0 0 -506 -19 -11
72 8 0 0 -493 -38 -7
72 10 0 0 -482 -57 -8
72 12 0 0 -473 -95 -8
72 14 0 0 -487 -153 -11
72 37 0 0 -580 -27 -14
72 39 0 0 -592 -46 -14
72 41 0 0 -609 -58 -14
72 46 0 0 -706 -15 -6
72 47 0 0 -733 -26 0
72 48 0 0 -737 0 2
72 53 0 0 -605 -2 -41
72 54 0 7 -658 -38 -6
72 55 0 22 -634 -61 -16
72 56 0 50 -605 -65 -14
72 57 0 91 0 0 0
72 58 0 133 -603 -109 -17
72 59 0 145 0 0 0
72 60 0 106 -587 -133 -14
72 61 0 50 0 0 0
72 62 0 16 0 0 0
72 63 0 3 0 0 0
72 64 0 0 -565 -179 -16
72 66 0 0 -554 -190 -7
72 68 0 0 -514 -238 -8
72 70 0 0 -466 -197 30
72 71 0 0 -465 -289 36
72 72 0 0 -455 -321 28
72 73 0 0 -508 -390 27
72 74 0 0 -492 -369 20
72 75 0 0 -519 -413 14
72 76 0 0 -498 -388 17
72 77 0 0 -516 -416 11
72 78 0 0 -504 -401 21
72 79 0 0 -532 -432 17
72 80 0 0 -535 -441 28
72 81 0 0 -567 -502 13
72 82 0 0 -654 -426 0
72 83 0 0 -719 -291 -4
72 85 0 0 -620 -174 -19
72 87 0 0 -548 -125 -12
72 89 0 0 -469 -97 -17
72 91 0 0 -426 -77 -15
72 92 0 0 -389 -53 -15
72 94 0 0 -367 -33 -14
72 96 0 0 -377 13 -8
72 97 0 0 -361 2 -7
73 16 0 0 -484 -199 -17
73 18 0 0 -469 -265 -22
73 20 0 0 -328 -255 -29
73 23 0 0 -255 -137 -25
73 25 0 0 -260 -14 -28
73 27 0 0 -347 100 -28
73 29 0 0 -480 111 -27
73 31 0 0 -519 72 -22
73 33 0 0 -555 26 -15
73 35 0 0 -567 -5 -14
73 42 0 0 -632 -66 -15
73 44 0 0 -663 -70 -11
73 46 0 0 -705 -90 -3
73 47 0 0 -759 -34 0
73 48 0 0 -728 2 2
73 53 0 0 -611 -9 -17
73 54 0 0 -607 -36 0
73 55 0 2 -608 -11 -14
73 56 0 6 0 0 0
73 57 0 12 0 0 0
73 58 0 18 0 0 0
73 59 0 19 0 0 0
73 60 0 14 0 0 0
73 61 0 7 0 0 0
73 62 0 2 -582 -155 -15
73 63 0 0 0 0 0
73 64 0 0 0 0 0
73 70 0 0 -470 -223 9
73 71 0 0 -448 -299 21
73 72 0 0 -435 -360 12
73 73 0 0 -497 -384 17
73 74 0 0 -517 -362 19
73 75 0 0 -555 -392 21
73 76 0 0 -541 -381 16
73 77 0 0 -569 -392 25
73 78 0 0 -539 -398 19
73 79 0 0 -574 -420 27
73 80 0 0 -517 -446 33
73 81 0 0 -591 -540 6
73 82 0 0 -809 -421 -28
73 83 0 0 -819 -200 -12
73 96 0 0 -372 -38 -1
73 97 0 0 -386 -23 6
74 2 0 0 -472 -1 -15
74 4 0 0 -471 -1 -15
74 6 0 0 -464 -2 -8
74 8 0 0 -461 -15 -10
74 10 0 0 -447 -44 -3
74 12 0 0 -421 -91 -5
74 14 0 0 -426 -164 -6
74 17 0 0 -448 -193 -19
74 19 0 0 -413 -210 -13
74 21 0 0 -334 -194 -18
74 22 0 0 -299 -114 -21
74 37 0 0 -528 -43 -14
74 39 0 0 -542 -63 -14
74 46 0 0 -729 -62 -9
74 47 0 0 -767 -48 -36
74 48 0 0 -445 96 -47
74 53 0 0 -517 -27 -12
74 54 0 0 -574 -22 -7
74 55 0 0 -553 -66 -20
74 57 0 0 -542 -63 -16
74 60 0 0 -532 -124 -14
74 64 0 0 -514 -163 -16
74 66 0 0 -498 -166 -13
74 68 0 0 -466 -189 -11
74 70 0 0 -415 -159 2
74 71 0 0 -363 -201 1
74 72 0 0 -239 -328 3
74 73 0 0 -491 -218 -3
74 74 0 0 -463 -69 0
74 75 0 0 -472 -79 -1
74 76 0 0 -468 -67 -5
74 77 0 0 -471 -67 -4
74 78 0 0 -467 -58 -4
74 79 0 0 -469 -58 -4
74 80 0 0 -484 -72 8
74 81 0 0 -425 40 5
74 82 0 0 -1025 -239 -34
74 83 0 0 -922 -170 -8
74 85 0 0 -663 -3 -22
74 87 0 0 -545 -40 -11
74 89 0 0 -450 -26 -15
74 91 0 0 -407 -37 -15
74 92 0 0 -372 -24 -16
74 96 0 0 -360 20 -8
74 97 0 0 -344 5 -8
75 25 0 0 -300 -40 -20
75 27 0 0 -340 25 -17
75 29 0 0 -410 32 -16
75 31 0 0 -464 16 -15
75 33 0 0 -495 -1 -15
75 35 0 0 -512 -24 -14
75 41 0 0 -561 -81 -15
75 42 0 0 -584 -103 -15
75 44 0 0 -629 -127 -17
75 46 0 0 -679 -198 -9
75 47 0 0 -772 -463 7
75 48 0 0 -1058 -1130 41
75 49 0 0 -85 -715 17
75 50 0 0 -24 -305 5
75 51 0 0 -18 -152 -10
75 52 0 0 -42 134 20
75 53 0 0 -103 196 1
75 54 0 0 -531 53 -7
75 55 0 0 -501 12 -13
75 58 0 0 -532 -99 -18
75 62 0 0 -525 -145 -15
75 70 0 0 -421 -142 2
75 71 0 0 -335 -144 0
75 72 0 0 -334 -25 -4
75 82 0 0 -285 459 4
75 83 0 0 -907 93 10
75 94 0 0 -350 -19 -14
75 96 0 0 -348 -31 -1
75 97 0 0 -361 -7 -8
76 2 0 0 -437 -1 -14
76 4 0 0 -437 1 -11
76 6 0 0 -427 -7 -8
76 8 0 0 -399 31 12
76 9 0 0 -377 -3 17
76 10 0 0 -374 22 23
76 11 0 0 -352 -40 15
76 12 0 0 -312 -40 14
76 13 0 0 -319 -138 16
76 14 0 0 -307 -159 13
76 15 0 0 -368 -235 16
76 16 0 0 -352 -199 11
76 17 0 0 -404 -202 1
76 19 0 0 -396 -184 -7
76 21 0 0 -352 -148 -15
76 22 0 0 -328 -102 -13
76 24 0 0 -324 -56 -14
76 27 0 0 -349 -14 -13
76 29 0 0 -394 0 -13
76 31 0 0 -418 -7 -13
76 33 0 0 -443 -21 -14
76 35 0 0 -459 -39 -14
76 37 0 0 -474 -57 -14
76 39 0 0 -486 -79 -14
76 46 0 0 -578 -184 -11
76 47 0 0 -517 -330 -19
76 48 0 0 -288 -475 -8
76 49 0 0 -261 -447 -13
76 50 0 0 -144 -242 -5
76 51 0 0 -138 -183 -10
76 52 0 0 -185 12 -14
76 53 0 0 -183 59 -10
76 54 0 0 -373 49 -17
76 55 0 0 -427 -63 -26
76 66 0 0 -464 -145 -12
76 68 0 0 -447 -149 -14
76 70 0 0 -411 -91 0
76 71 0 0 -380 -80 0
76 72 0 0 -343 -34 -19
76 82 0 0 -143 471 -7
76 83 0 0 -726 207 -2
76 85 0 0 -540 192 -37
76 87 0 0 -463 86 -6
76 88 0 0 -397 44 -22
76 91 0 0 -360 12 -13
76 92 0 0 -335 2 -17
76 96 0 0 -332 26 -9
76 97 0 0 -338 36 -51
77 8 0 0 -406 -5 -2
77 9 0 0 -394 5 2
77 10 0 0 -379 5 -2
77 11 0 0 -329 21 2
77 12 0 0 -259 -29 0
77 13 0 0 -244 -112 -1
77 14 0 0 -261 -199 0
77 15 0 0 -330 -252 -6
77 16 0 0 -379 -208 -8
77 17 0 0 -418 -159 -13
77 41 0 0 -500 -101 -14
77 42 0 0 -517 -138 -16
77 44 0 0 -524 -170 -20
77 46 0 0 -472 -279 -25
77 47 0 0 -452 -292 -22
77 48 0 0 -411 -358 -30
77 49 0 0 -265 -315 -20
77 50 0 0 -256 -248 -24
77 51 0 0 -199 -155 -19
77 52 0 0 -253 -85 -27
77 53 0 0 -277 1 -27
77 54 0 0 -374 -23 -11
77 55 0 0 -353 26 -20
77 57 0 0 -452 -76 -24
77 59 0 0 -468 -95 -17
77 60 0 0 -473 -126 -14
77 62 0 0 -475 -138 -14
77 64 0 0 -472 -154 -16
77 70 0 0 -443 -115 8
77 71 0 0 -405 -79 0
77 72 0 0 -412 0 -9
77 82 0 0 -80 486 -8
77 83 0 0 -595 339 5
77 94 0 0 -319 0 -14
77 96 0 0 -314 -24 -2
77 97 0 0 -329 -12 5
78 2 0 0 -403 0 -14
78 4 0 0 -402 3 -14
78 6 0 0 -399 2 -16
78 8 0 0 -413 39 -10
78 9 0 0 -399 45 -5
78 10 0 0 -413 84 0
78 11 0 0 -433 203 -16
78 12 0 0 -76 -2 -1
78 13 0 0 -59 -68 -1
78 14 0 0 -30 -298 -18
78 15 0 0 -104 -454 -37
78 16 0 0 -451 -211 -16
78 17 0 0 -441 -188 -22
78 19 0 0 -384 -137 -19
78 21 0 0 -351 -124 -16
78 22 0 0 -325 -87 -14
78 24 0 0 -322 -63 -14
78 26 0 0 -333 -35 -14
78 28 0 0 -354 -30 -14
78 30 0 0 -376 -32 -14
78 32 0 0 -395 -41 -14
78 35 0 0 -409 -54 -14
78 39 0 0 -430 -89 -14
78 70 0 0 -433 -76 0
78 71 0 0 -412 -49 -4
78 72 0 0 -450 -7 -4
78 82 0 0 -42 480 -5
78 83 0 0 -424 334 3
78 84 0 0 -358 246 -7
78 96 0 0 -295 29 -9
78 97 0 0 -274 8 -10
79 8 0 0 -413 2 -1
79 9 0 0 -401 16 -3
79 10 0 0 -447 109 -4
79 11 0 0 -472 362 -26
79 12 0 0 12 -3 8
79 13 0 0 -18 -83 0
79 14 0 0 52 -117 -54
79 15 0 0 -733 -97 4
79 16 0 0 -507 -170 -14
79 17 0 0 -454 -129 -18
79 37 0 0 -421 -70 -14
79 41 0 0 -437 -112 -14
79 42 0 0 -443 -139 -15
79 44 0 0 -436 -180 -19
79 46 0 0 -413 -217 -23
79 48 0 0 -342 -244 -25
79 51 0 0 -273 -180 -27
79 53 0 0 -293 -106 -22
79 55 0 0 -352 -87 -26
79 57 0 0 -386 -93 -22
79 59 0 0 -410 -117 -16
79 60 0 0 -422 -131 -14
79 62 0 0 -431 -143 -14
79 64 0 0 -436 -153 -15
79 66 0 0 -440 -142 -12
79 68 0 0 -442 -138 -13
79 70 0 0 -451 -106 2
79 71 0 0 -443 -81 -1
79 72 0 0 -482 -9 -2
79 82 0 0 -36 490 -14
79 83 0 0 -341 408 13
79 86 0 0 -346 113 -6
79 88 0 0 -302 67 -16
79 91 0 0 -304 25 -15
79 92 0 0 -290 14 -18
79 94 0 0 -281 4 -15
79 96 0 0 -274 -19 -3
79 97 0 0 -289 -9 3
80 8 0 0 -387 21 -7
80 9 0 0 -382 25 -1
80 10 0 0 -383 8 -2
80 11 0 0 -437 2 -2
80 15 0 0 -539 -20 -9
80 16 0 0 -446 -53 -1
80 17 0 0 -424 -137 -25
80 22 0 0 -316 -73 -14
80 24 0 0 -310 -58 -14
80 26 0 0 -314 -47 -14
80 28 0 0 -328 -42 -14
80 30 0 0 -339 -44 -14
80 70 0 0 -485 -85 0
80 71 0 0 -486 -63 -3
80 72 0 0 -511 22 11
80 82 0 0 -22 485 -4
80 83 0 0 -192 352 -3
80 96 0 0 -254 29 -9
80 97 0 0 -235 12 -10
81 2 0 0 -372 0 -14
81 4 0 0 -373 1 -13
81 6 0 0 -372 1 -18
81 8 0 0 -383 -11 -5
81 9 0 0 -385 -3 -2
81 10 0 0 -384 14 -2
81 11 0 0 -407 3 -2
81 15 0 0 -480 0 -9
81 16 0 0 -426 -37 -1
81 17 0 0 -376 -28 -6
81 18 0 0 -374 -91 -20
81 20 0 0 -338 -85 -15
81 32 0 0 -352 -52 -14
81 35 0 0 -362 -64 -14
81 37 0 0 -371 -78 -14
81 39 0 0 -377 -95 -14
81 41 0 0 -382 -114 -14
81 42 0 0 -381 -136 -14
81 44 0 0 -376 -160 -15
81 46 0 0 -349 -186 -15
81 48 0 0 -314 -196 -16
81 51 0 0 -276 -170 -16
81 53 0 0 -287 -131 -17
81 55 0 0 -312 -118 -15
81 57 0 0 -348 -125 -15
81 59 0 0 -362 -132 -15
81 60 0 0 -378 -145 -14
81 62 0 0 -389 -152 -14
81 64 0 0 -401 -163 -15
81 66 0 0 -418 -154 -12
81 68 0 0 -437 -158 -13
81 70 0 0 -488 -139 4
81 71 0 0 -476 -92 2
81 72 0 0 -544 23 7
81 82 0 0 0 473 -11
81 83 0 0 -81 354 11
81 84 0 0 -186 261 -35
81 86 0 0 -219 131 -8
81 88 0 0 -234 84 -17
81 91 0 0 -239 44 -12
81 92 0 0 -240 22 -16
81 94 0 0 -237 12 -15
81 96 0 0 -232 -17 -3
81 97 0 0 -244 -4 3
82 8 0 0 -367 19 -9
82 9 0 0 -368 16 -2
82 10 0 0 -337 -1 -3
82 11 0 0 -378 0 -1
82 15 0 0 -401 -6 -10
82 16 0 0 -357 -23 -4
82 17 0 0 -349 -66 -16
82 47 0 0 -309 -166 -14
82 49 0 0 -289 -173 -13
82 51 0 0 -270 -160 -14
82 53 0 0 -275 -143 -13
82 55 0 0 -289 -134 -14
82 70 0 0 -517 -96 -1
82 71 0 0 -599 -154 -2
82 72 0 0 -392 80 -68
82 82 0 0 102 494 0
82 83 0 0 72 305 -3
82 96 0 0 -213 26 -8
82 97 0 0 -198 14 -9
83 2 0 0 -337 -1 -14
83 4 0 0 -339 0 -15
83 6 0 0 -340 -3 -15
83 8 0 0 -356 -18 -4
83 9 0 0 -355 -17 -5
83 10 0 0 -344 7 -7
83 11 0 0 -349 5 -4
83 15 0 0 -364 2 -10
83 16 0 0 -344 -5 -1
83 17 0 0 -319 -4 -4
83 18 0 0 -322 -56 -17
83 20 0 0 -302 -63 -15
83 22 0 0 -287 -61 -14
83 24 0 0 -282 -57 -14
83 26 0 0 -284 -52 -14
83 28 0 0 -291 -52 -14
83 30 0 0 -299 -56 -14
83 32 0 0 -308 -63 -14
83 34 0 0 -316 -73 -14
83 37 0 0 -323 -85 -14
83 39 0 0 -327 -99 -14
83 41 0 0 -329 -116 -14
83 43 0 0 -328 -133 -14
83 45 0 0 -321 -153 -14
83 56 0 0 -306 -137 -14
83 58 0 0 -321 -147 -14
83 60 0 0 -333 -158 -14
83 62 0 0 -346 -167 -14
83 64 0 0 -363 -183 -16
83 66 0 0 -383 -180 -13
83 68 0 0 -423 -214 -14
83 70 0 0 -469 -261 14
83 71 0 0 -551 -371 13
83 72 0 0 -722 -677 -115
83 73 0 0 -53 -805 -24
83 74 0 0 -7 -526 -6
83 75 0 0 -2 -451 -7
83 76 0 0 -4 -379 -2
83 77 0 0 -2 -331 -2
83 78 0 0 -3 -305 -4
83 79 0 0 -3 -278 1
83 80 0 0 -1 -257 2
83 81 0 0 -54 -152 -19
83 82 0 0 443 345 1
83 83 0 0 221 123 -11
83 84 0 0 -23 139 -6
83 86 0 0 -105 75 -12
83 88 0 0 -151 47 -15
83 91 0 0 -178 24 -17
83 92 0 0 -189 14 -16
83 94 0 0 -194 7 -15
83 96 0 0 -191 -15 -3
83 97 0 0 -199 -1 1
84 6 0 0 -306 -7 -15
84 8 0 0 -332 11 -10
84 9 0 0 -337 4 -6
84 10 0 0 -310 -4 -3
84 11 0 0 -343 -1 -1
84 15 0 0 -320 -2 -9
84 16 0 0 -286 -15 -5
84 17 0 0 -293 -49 -15
84 18 0 0 -273 -40 -16
84 49 0 0 -254 -160 -14
84 51 0 0 -243 -156 -14
84 53 0 0 -246 -149 -14
84 70 0 0 -384 -264 -2
84 71 0 0 -396 -372 -3
84 72 0 0 -259 -520 -24
84 73 0 0 -198 -565 -6
84 74 0 0 -66 -452 -1
84 75 0 0 -52 -432 -3
84 76 0 0 -15 -349 -3
84 77 0 0 -17 -344 -7
84 78 0 0 0 -272 -3
84 79 0 0 -6 -276 -4
84 80 0 0 -4 -246 -7
84 81 0 0 13 -248 -4
84 82 0 0 123 -138 -12
84 83 0 0 152 -48 -6
84 96 0 0 -175 21 -7
84 97 0 0 -161 12 -9
85 2 0 0 -301 -2 -14
85 4 0 0 -304 -4 -14
85 8 0 0 -318 -24 -6
85 9 0 0 -321 -21 -8
85 10 0 0 -314 3 -6
85 11 0 0 -314 6 -5
85 15 0 0 -291 2 -8
85 16 0 0 -278 0 -1
85 17 0 0 -262 3 -4
85 20 0 0 -263 -48 -15
85 22 0 0 -254 -54 -14
85 24 0 0 -251 -54 -14
85 26 0 0 -251 -55 -14
85 28 0 0 -255 -57 -14
85 30 0 0 -260 -62 -14
85 32 0 0 -267 -69 -14
85 34 0 0 -272 -78 -14
85 37 0 0 -276 -89 -14
85 39 0 0 -279 -102 -14
85 41 0 0 -280 -115 -14
85 43 0 0 -278 -129 -14
85 45 0 0 -274 -143 -14
85 47 0 0 -263 -154 -14
85 54 0 0 -253 -148 -14
85 56 0 0 -267 -152 -14
85 58 0 0 -276 -159 -14
85 60 0 0 -288 -171 -14
85 62 0 0 -298 -182 -14
85 64 0 0 -313 -202 -15
85 66 0 0 -327 -217 -14
85 68 0 0 -358 -260 -14
85 70 0 0 -329 -328 -3
85 71 0 0 -271 -370 -9
85 72 0 0 -287 -438 -15
85 73 0 0 -175 -443 -2
85 74 0 0 -165 -421 -8
85 75 0 0 -57 -382 -4
85 76 0 0 -76 -343 -12
85 77 0 0 -5 -318 -9
85 78 0 0 -41 -287 -14
85 79 0 0 20 -253 -10
85 80 0 0 -3 -226 -14
85 81 0 0 53 -226 -5
85 82 0 0 6 -181 -14
85 83 0 0 98 -55 -8
85 85 0 0 -4 1 -21
85 87 0 0 -60 4 -13
85 88 0 0 -114 12 -16
85 91 0 0 -135 4 -14
85 92 0 0 -151 4 -16
85 94 0 0 -155 1 -15
85 96 0 0 -155 -15 -3
85 97 0 0 -160 0 1
86 8 0 0 -295 2 -9
86 9 0 0 -303 -2 -10
86 10 0 0 -294 -13 -4
86 11 0 0 -330 0 4
86 15 0 0 -258 -3 -7
86 16 0 0 -230 -13 -6
86 17 0 0 -241 -40 -14
86 18 0 0 -222 -30 -13
86 74 0 0 -115 -338 -23
86 76 0 0 -58 -289 -18
86 78 0 0 -25 -246 -16
86 96 0 0 -141 16 -6
86 97 0 0 -125 1 -6
87 2 0 0 -261 -4 -14
87 4 0 0 -266 -8 -15
87 6 0 0 -270 -16 -13
87 8 0 0 -272 -32 -6
87 9 0 0 -271 -35 -7
87 10 0 0 -299 -3 -6
87 11 0 0 -304 5 4
87 15 0 0 -232 1 -5
87 16 0 0 -221 -4 -3
87 17 0 0 -214 5 -2
87 20 0 0 -221 -42 -16
87 22 0 0 -215 -48 -14
87 24 0 0 -214 -54 -15
87 26 0 0 -214 -57 -14
87 28 0 0 -217 -61 -14
87 30 0 0 -220 -67 -14
87 32 0 0 -225 -74 -14
87 34 0 0 -228 -83 -14
87 37 0 0 -232 -93 -14
87 39 0 0 -233 -103 -14
87 41 0 0 -234 -115 -14
87 43 0 0 -233 -127 -14
87 45 0 0 -230 -138 -14
87 47 0 0 -224 -147 -14
87 49 0 0 -218 -153 -14
87 51 0 0 -213 -154 -14
87 52 0 0 -215 -153 -14
87 54 0 0 -219 -155 -14
87 56 0 0 -227 -160 -14
87 58 0 0 -234 -168 -14
87 60 0 0 -242 -180 -14
87 62 0 0 -248 -192 -14
87 64 0 0 -257 -212 -15
87 66 0 0 -261 -230 -15
87 68 0 0 -270 -272 -17
87 70 0 0 -241 -308 -18
87 72 0 0 -195 -354 -23
87 80 0 0 3 -201 -14
87 83 0 0 12 -125 -16
87 85 0 0 -19 -63 -17
87 87 0 0 -50 -36 -14
87 89 0 0 -85 -16 -15
87 91 0 0 -102 -14 -15
87 92 0 0 -117 -6 -15
87 94 0 0 -123 -5 -15
87 96 0 0 -123 -15 -3
87 97 0 0 -126 0 0
88 8 0 0 -262 -14 -6
88 9 0 0 -286 -28 -4
88 10 0 0 -319 -90 -5
88 11 0 0 -250 -3 -15
88 15 0 0 -185 -2 -3
88 16 0 0 -179 -5 -4
88 17 0 0 -195 -39 -11
88 74 0 0 -88 -299 -15
88 76 0 0 -59 -271 -16
88 78 0 0 -37 -234 -16
88 81 0 0 -22 -193 -17
88 96 0 0 -110 10 -6
88 97 0 0 -97 -1 -4
89 2 0 0 -218 -7 -14
89 4 0 0 -221 -16 -15
89 6 0 0 -228 -30 -15
89 8 0 0 -237 -65 0
89 9 0 0 -239 -71 -8
89 10 0 0 -342 -113 -15
89 11 0 0 -64 -281 -9
89 12 0 0 -9 -240 -10
89 13 0 0 -4 -87 8
89 14 0 0 4 3 -20
89 15 0 0 -27 55 -16
89 16 0 0 -167 15 -8
89 17 0 0 -152 -1 -5
89 19 0 0 -176 -26 -16
89 21 0 0 -173 -40 -16
89 22 0 0 -175 -46 -14
89 24 0 0 -174 -53 -14
89 26 0 0 -175 -58 -14
89 28 0 0 -177 -64 -14
89 30 0 0 -180 -70 -14
89 32 0 0 -183 -77 -14
89 34 0 0 -185 -85 -14
89 37 0 0 -187 -94 -14
89 39 0 0 -188 -104 -14
89 41 0 0 -189 -115 -14
89 43 0 0 -188 -125 -14
89 45 0 0 -186 -134 -14
89 47 0 0 -182 -143 -14
89 49 0 0 -179 -149 -14
89 51 0 0 -176 -153 -14
89 53 0 0 -177 -156 -14
89 54 0 0 -180 -160 -14
89 56 0 0 -185 -166 -14
89 58 0 0 -190 -174 -14
89 60 0 0 -196 -185 -14
89 62 0 0 -199 -197 -14
89 64 0 0 -204 -214 -15
89 66 0 0 -202 -231 -14
89 68 0 0 -203 -257 -15
89 70 0 0 -175 -284 -14
89 72 0 0 -139 -301 -15
89 83 0 0 0 -138 -16
89 85 0 0 -25 -93 -16
89 87 0 0 -40 -62 -14
89 89 0 0 -65 -39 -15
89 91 0 0 -78 -28 -15
89 92 0 0 -90 -16 -15
89 94 0 0 -95 -11 -15
89 96 0 0 -94 -15 -4
89 97 0 0 -97 -2 1
90 8 0 0 -188 -39 -7
90 9 0 0 -185 -76 -9
90 10 0 0 -183 -108 -13
90 11 0 0 -146 -153 -10
90 12 0 0 -69 -121 -11
90 13 0 0 -48 -81 -3
90 14 0 0 -57 -41 -11
90 15 0 0 -77 -9 -8
90 16 0 0 -116 -13 -11
90 17 0 0 -126 -26 -11
90 74 0 0 -79 -262 -14
90 76 0 0 -53 -239 -14
90 78 0 0 -34 -211 -14
90 80 0 0 -21 -181 -14
90 96 0 0 -83 5 -6
90 97 0 0 -73 -3 -3
91 2 0 0 -165 -5 -15
91 4 0 0 -174 -18 -17
91 6 0 0 -173 -40 -17
91 8 0 0 -147 -69 -10
91 9 0 0 -129 -77 -13
91 10 0 0 -134 -111 -11
91 11 0 0 -103 -110 -10
91 12 0 0 -83 -113 -12
91 13 0 0 -60 -68 -9
91 14 0 0 -65 -56 -11
91 15 0 0 -72 -19 -9
91 16 0 0 -87 -27 -11
91 17 0 0 -94 -11 -11
91 19 0 0 -128 -34 -17
91 21 0 0 -132 -40 -16
91 22 0 0 -134 -48 -14
91 24 0 0 -135 -54 -15
91 26 0 0 -136 -60 -15
91 28 0 0 -138 -66 -15
91 30 0 0 -140 -72 -15
91 32 0 0 -142 -79 -15
91 34 0 0 -143 -87 -15
91 37 0 0 -145 -96 -15
91 39 0 0 -146 -105 -15
91 41 0 0 -146 -114 -15
91 43 0 0 -145 -124 -15
91 45 0 0 -144 -133 -15
91 47 0 0 -142 -140 -15
91 49 0 0 -140 -147 -15
91 51 0 0 -139 -152 -15
91 53 0 0 -140 -157 -15
91 54 0 0 -141 -163 -15
91 56 0 0 -144 -170 -15
91 58 0 0 -147 -178 -15
91 60 0 0 -151 -189 -15
91 62 0 0 -153 -200 -15
91 64 0 0 -155 -215 -15
91 66 0 0 -152 -229 -15
91 68 0 0 -148 -248 -15
91 70 0 0 -131 -263 -14
91 72 0 0 -110 -270 -14
91 82 0 0 -17 -139 -14
91 85 0 0 -25 -104 -14
91 87 0 0 -35 -76 -15
91 89 0 0 -49 -53 -15
91 91 0 0 -58 -38 -15
91 92 0 0 -66 -24 -15
91 94 0 0 -70 -15 -15
91 96 0 0 -67 -14 -5
91 97 0 0 -70 -7 0
92 3 0 0 -124 -6 -13
92 4 0 0 -115 -24 -14
92 22 0 0 -93 -49 -14
92 24 0 0 -93 -56 -14
92 26 0 0 -95 -61 -14
92 28 0 0 -96 -67 -14
92 30 0 0 -98 -74 -14
92 32 0 0 -99 -81 -14
92 34 0 0 -100 -88 -14
92 37 0 0 -101 -97 -14
92 39 0 0 -101 -105 -14
92 41 0 0 -102 -114 -14
92 43 0 0 -101 -123 -14
92 45 0 0 -101 -131 -14
92 47 0 0 -100 -139 -14
92 49 0 0 -99 -146 -14
92 51 0 0 -98 -152 -14
92 53 0 0 -99 -158 -14
92 54 0 0 -100 -165 -14
92 56 0 0 -102 -172 -14
92 58 0 0 -103 -181 -14
92 60 0 0 -105 -190 -14
92 62 0 0 -106 -201 -14
92 64 0 0 -106 -213 -14
92 66 0 0 -103 -224 -14
92 68 0 0 -99 -237 -14
92 70 0 0 -86 -246 -14
92 72 0 0 -72 -248 -14
92 74 0 0 -53 -243 -14
92 76 0 0 -40 -226 -15
92 78 0 0 -28 -202 -15
92 80 0 0 -23 -175 -15
92 82 0 0 -14 -143 -15
92 84 0 0 -20 -112 -15
92 87 0 0 -24 -86 -15
92 89 0 0 -34 -63 -15
92 91 0 0 -39 -46 -15
92 92 0 0 -45 -29 -14
92 94 0 0 -48 -18 -15
92 96 0 0 -57 1 -5
92 97 0 0 -50 -3 -3
93 6 0 0 -118 -44 -16
93 8 0 0 -116 -59 -14
93 10 0 0 -101 -76 -19
93 12 0 0 -70 -69 -19
93 15 0 0 -67 -46 -18
93 17 0 0 -79 -37 -18
93 19 0 0 -85 -36 -17
93 21 0 0 -88 -45 -14
93 96 0 0 -43 -13 -5
93 97 0 0 -47 -6 -1
94 2 0 0 -75 4 4
94 3 0 0 -76 -24 -4
94 4 0 0 -72 -18 -13
94 6 0 0 -73 -35 -13
94 8 0 0 -61 -49 -14
94 10 0 0 -55 -60 -13
94 12 0 0 -40 -61 -14
94 15 0 0 -40 -49 -14
94 17 0 0 -44 -45 -13
94 19 0 0 -52 -45 -13
94 21 0 0 -55 -47 -13
94 22 0 0 -57 -52 -13
94 24 0 0 -58 -56 -13
94 26 0 0 -59 -62 -13
94 28 0 0 -60 -68 -13
94 30 0 0 -61 -74 -13
94 33 0 0 -62 -81 -13
94 35 0 0 -62 -88 -13
94 37 0 0 -63 -96 -13
94 39 0 0 -63 -105 -13
94 41 0 0 -63 -113 -13
94 43 0 0 -63 -121 -13
94 45 0 0 -62 -130 -13
94 47 0 0 -62 -137 -13
94 49 0 0 -61 -144 -13
94 51 0 0 -61 -151 -13
94 53 0 0 -61 -157 -13
94 55 0 0 -62 -164 -13
94 57 0 0 -63 -172 -13
94 59 0 0 -64 -180 -13
94 61 0 0 -65 -190 -13
94 62 0 0 -65 -200 -13
94 64 0 0 -65 -210 -13
94 66 0 0 -62 -220 -13
94 68 0 0 -61 -229 -13
94 70 0 0 -53 -234 -13
94 72 0 0 -46 -235 -13
94 74 0 0 -35 -227 -14
94 76 0 0 -26 -213 -14
94 78 0 0 -17 -192 -14
94 80 0 0 -14 -169 -14
94 82 0 0 -10 -142 -15
94 85 0 0 -14 -114 -14
94 87 0 0 -16 -90 -14
94 89 0 0 -21 -68 -14
94 91 0 0 -24 -50 -14
94 92 0 0 -27 -33 -15
94 94 0 0 -29 -20 -15
94 96 0 0 -35 -2 -6
94 97 0 0 -30 -4 -3
95 2 0 0 -60 -2 -2
95 3 0 0 -48 -7 0
95 96 0 0 -21 -11 -3
95 97 0 0 -26 -4 -3
96 2 0 0 -19 -3 0
96 3 0 0 -35 -12 -3
96 4 0 0 -31 -13 -3
96 5 0 0 -40 -29 0
96 6 0 0 -28 -29 -1
96 7 0 0 -41 -45 -1
96 8 0 0 -25 -43 -2
96 9 0 0 -39 -57 0
96 10 0 0 -20 -54 -3
96 11 0 0 -39 -65 -2
96 12 0 0 -13 -59 -4
96 13 0 0 -29 -57 -2
96 14 0 0 -12 -52 -4
96 15 0 0 -29 -52 -3
96 16 0 0 -15 -46 -4
96 17 0 0 -29 -48 -2
96 18 0 0 -18 -45 -3
96 19 0 0 -32 -50 -2
96 20 0 0 -19 -48 -3
96 21 0 0 -33 -53 -2
96 22 0 0 -19 -52 -3
96 23 0 0 -35 -58 -2
96 24 0 0 -19 -57 -3
96 25 0 0 -36 -63 -2
96 26 0 0 -19 -63 -3
96 27 0 0 -37 -69 -1
96 28 0 0 -19 -68 -3
96 29 0 0 -38 -75 -1
96 30 0 0 -18 -75 -3
96 31 0 0 -39 -81 -1
96 32 0 0 -18 -82 -3
96 33 0 0 -40 -89 -1
96 34 0 0 -17 -89 -3
96 35 0 0 -40 -96 -1
96 36 0 0 -17 -97 -2
96 37 0 0 -41 -104 -1
96 38 0 0 -16 -105 -2
96 39 0 0 -42 -112 -1
96 40 0 0 -15 -114 -2
96 41 0 0 -42 -121 0
96 42 0 0 -14 -122 -3
96 43 0 0 -42 -129 0
96 44 0 0 -14 -132 -2
96 45 0 0 -43 -137 0
96 46 0 0 -13 -141 -1
96 47 0 0 -44 -145 0
96 48 0 0 -13 -149 -2
96 49 0 0 -44 -153 0
96 50 0 0 -11 -157 -2
96 51 0 0 -44 -160 0
96 52 0 0 -11 -164 -2
96 53 0 0 -45 -167 0
96 54 0 0 -10 -171 -2
96 55 0 0 -46 -174 0
96 56 0 0 -10 -179 -1
96 57 0 0 -46 -182 0
96 58 0 0 -9 -187 -1
96 59 0 0 -47 -191 0
96 60 0 0 -9 -196 -1
96 61 0 0 -48 -200 0
96 62 0 0 -8 -205 -1
96 63 0 0 -49 -209 0
96 64 0 0 -7 -214 -2
96 65 0 0 -49 -218 0
96 66 0 0 -6 -221 -3
96 67 0 0 -49 -227 0
96 68 0 0 -5 -228 -4
96 69 0 0 -47 -234 0
96 70 0 0 -2 -234 -4
96 71 0 0 -45 -238 0
96 72 0 0 2 -236 -5
96 73 0 0 -41 -236 0
96 74 0 0 6 -230 -6
96 75 0 0 -35 -225 -1
96 76 0 0 10 -216 -7
96 77 0 0 -31 -208 -1
96 78 0 0 12 -196 -7
96 79 0 0 -26 -184 -1
96 80 0 0 13 -171 -7
96 81 0 0 -24 -160 -2
96 82 0 0 12 -146 -6
96 83 0 0 -20 -131 -2
96 84 0 0 8 -119 -6
96 85 0 0 -19 -106 -3
96 86 0 0 4 -95 -5
96 87 0 0 -18 -82 -4
96 88 0 0 0 -72 -5
96 89 0 0 -18 -63 -4
96 90 0 0 -3 -53 -5
96 91 0 0 -17 -45 -3
96 92 0 0 -7 -36 -5
96 93 0 0 -16 -29 -4
96 94 0 0 -10 -22 -5
96 95 0 0 -15 -15 -3
96 96 0 0 -14 -8 -6
96 97 0 0 -9 -3 -2
97 2 0 0 -2 -1 -17
97 3 0 0 -13 -5 -1
97 4 0 0 -15 -18 -1
97 5 0 0 -16 -19 0
97 6 0 0 -15 -31 -1
97 7 0 0 -17 -33 1
97 8 0 0 -14 -44 -1
97 9 0 0 -17 -45 0
97 10 0 0 -13 -52 -1
97 11 0 0 -17 -54 1
97 12 0 0 -11 -54 -2
97 13 0 0 -13 -55 1
97 14 0 0 -10 -49 -2
97 15 0 0 -12 -49 0
97 16 0 0 -11 -45 -2
97 17 0 0 -12 -45 0
97 18 0 0 -11 -45 -1
97 19 0 0 -14 -45 0
97 20 0 0 -12 -48 -1
97 21 0 0 -15 -47 0
97 22 0 0 -13 -52 -1
97 23 0 0 -16 -52 0
97 24 0 0 -13 -56 -1
97 25 0 0 -16 -57 1
97 26 0 0 -14 -61 -1
97 27 0 0 -17 -63 1
97 28 0 0 -14 -67 -1
97 29 0 0 -18 -69 1
97 30 0 0 -15 -73 -1
97 31 0 0 -19 -76 2
97 32 0 0 -15 -80 -1
97 33 0 0 -20 -84 2
97 34 0 0 -15 -87 -2
97 35 0 0 -21 -92 2
97 36 0 0 -15 -94 -2
97 37 0 0 -22 -100 3
97 38 0 0 -14 -102 -3
97 39 0 0 -22 -108 3
97 40 0 0 -13 -110 -4
97 41 0 0 -20 -117 4
97 42 0 0 -11 -118 -4
97 43 0 0 -20 -126 3
97 44 0 0 -8 -127 -5
97 45 0 0 -22 -135 3
97 46 0 0 -7 -136 -5
97 47 0 0 -21 -142 3
97 48 0 0 -5 -143 -5
97 49 0 0 -26 -160 0
97 50 0 0 2 -160 -32
97 51 0 0 -19 -157 3
97 52 0 0 -5 -156 -5
97 53 0 0 -20 -165 3
97 54 0 0 -5 -163 -5
97 55 0 0 -20 -173 3
97 56 0 0 -5 -171 -5
97 57 0 0 -21 -181 3
97 58 0 0 -6 -179 -5
97 59 0 0 -22 -190 4
97 60 0 0 -6 -188 -5
97 61 0 0 -22 -200 4
97 62 0 0 -5 -196 -5
97 63 0 0 -22 -211 4
97 64 0 0 -5 -206 -5
97 65 0 0 -22 -221 4
97 66 0 0 -4 -214 -5
97 67 0 0 -22 -231 4
97 68 0 0 -5 -220 -5
97 69 0 0 -22 -239 4
97 70 0 0 -8 -218 -4
97 71 0 0 -19 -242 5
97 72 0 0 -8 -215 -3
97 73 0 0 -14 -237 5
97 74 0 0 -7 -206 -4
97 75 0 0 -11 -226 4
97 76 0 0 -4 -192 -5
97 77 0 0 -8 -209 3
97 78 0 0 -2 -174 -5
97 79 0 0 -5 -186 2
97 80 0 0 -2 -152 -5
97 81 0 0 -3 -160 2
97 82 0 0 -1 -128 -5
97 83 0 0 -2 -133 1
97 84 0 0 -2 -105 -4
97 85 0 0 -3 -108 1
97 86 0 0 -3 -84 -4
97 87 0 0 -4 -85 1
97 88 0 0 -5 -65 -3
97 89 0 0 -6 -65 0
97 90 0 0 -5 -47 -3
97 91 0 0 -6 -47 0
97 92 0 0 -6 -32 -2
97 93 0 0 -6 -31 0
97 94 0 0 -6 -19 -2
97 95 0 0 -5 -18 -2
97 96 0 0 -5 -6 -1
97 97 0 0 -3 -3 -15
