env_min(m) 0.0000 0.0000 0.0000
env_max(m) 10.0000 10.0000 3.0000
NumCells_XYZ 100 100 30
CellSizes_XYZ[m] 0.1000 0.1000 0.1000
GasSourceLocation_XYZ[m] 8.6429 8.4286 0.5000
GasType ethanol
Cell_x	 Cell_y	 Cell_z	 Gas_conc[10^⁻3ppm]	 Wind_u[10^⁻3m/s]	 Wind_v[10^⁻3m/s]	 Wind_w[10^⁻3m/s]
2 2 0 0 -262 4 -6
2 3 0 0 -261 3 8
2 4 0 0 -251 0 6
2 5 0 0 -252 4 3
2 6 0 0 -248 -2 2
2 7 0 0 -248 3 2
2 8 0 0 -250 -3 2
2 9 0 0 -250 2 1
2 10 0 0 -252 -3 2
2 11 0 0 -253 2 1
2 12 0 0 -255 -3 2
2 13 0 0 -256 2 1
2 14 0 0 -258 -3 2
2 15 0 0 -259 2 1
2 16 0 0 -262 -3 2
2 17 0 0 -263 2 1
2 18 0 0 -265 -3 3
2 19 0 0 -266 2 1
2 20 0 0 -268 -3 3
2 21 0 0 -269 2 2
2 22 0 0 -270 -3 2
2 23 0 0 -271 2 2
2 24 0 0 -272 -3 3
2 25 0 0 -272 2 3
2 26 0 0 -272 -2 3
2 27 0 0 -271 3 2
2 28 0 0 -270 -2 1
2 29 0 0 -269 3 3
2 30 0 0 -266 -2 2
2 31 0 0 -264 4 3
2 32 0 0 -258 -1 2
2 33 0 0 -257 4 2
2 34 0 0 -248 0 2
2 35 0 0 -246 5 2
2 36 0 0 -235 0 2
2 37 0 0 -233 4 2
2 38 0 0 -221 0 1
2 39 0 0 -218 3 2
2 40 0 0 -213 -1 1
2 41 0 0 -212 2 1
2 42 0 0 -213 -2 2
2 43 0 0 -215 0 1
2 44 0 0 -224 -4 2
2 45 0 0 -228 0 1
2 46 0 0 -244 -6 2
2 47 0 0 -248 -1 2
2 48 0 0 -271 -4 5
2 49 0 0 -274 -1 2
2 50 0 0 -300 -1 2
2 51 0 0 -297 -1 2
2 52 0 0 -314 -8 3
2 53 0 0 -316 0 3
2 54 0 0 -330 -8 3
2 55 0 0 -332 0 3
2 56 0 0 -344 -7 4
2 57 0 0 -345 1 3
2 58 0 0 -355 -7 4
2 59 0 0 -356 1 3
2 60 0 0 -364 -7 4
2 61 0 0 -365 2 3
2 62 0 0 -371 -6 4
2 63 0 0 -371 1 2
2 64 0 0 -382 -7 4
2 65 0 0 -380 -1 7
2 66 0 0 -396 -8 10
2 67 0 0 -402 -1 7
2 68 0 0 -437 -16 2
2 69 0 0 -461 -1 -3
2 75 0 0 0 0 0
2 76 0 0 0 0 0
2 77 0 0 0 -1 0
2 78 0 0 0 -2 0
2 79 0 0 0 -3 -1
2 80 0 0 0 -4 1
2 81 0 0 0 -4 -1
2 82 0 0 0 -5 1
2 83 0 0 0 -5 -1
2 84 0 0 0 -5 1
2 85 0 0 0 -5 -2
2 86 0 0 0 -5 1
2 87 0 0 0 -5 -1
2 88 0 0 0 -5 1
2 89 0 0 0 -5 -1
2 90 0 0 0 -4 1
2 91 0 0 0 -4 -1
2 92 0 0 0 -3 1
2 93 0 0 0 -2 0
2 94 0 0 0 -2 0
2 95 0 0 0 -1 0
2 96 0 0 0 0 0
2 97 0 0 0 0 0
3 2 0 0 -280 5 -3
3 3 0 0 -287 -4 -8
3 4 0 0 -280 -12 -15
3 5 0 0 -274 5 -16
3 6 0 0 -277 -12 -19
3 7 0 0 -276 8 -18
3 8 0 0 -279 -13 -19
3 9 0 0 -280 9 -19
3 10 0 0 -281 -13 -18
3 11 0 0 -282 9 -19
3 12 0 0 -284 -14 -19
3 13 0 0 -286 8 -19
3 14 0 0 -288 -14 -19
3 15 0 0 -289 8 -19
3 16 0 0 -291 -14 -19
3 17 0 0 -293 8 -19
3 18 0 0 -295 -14 -19
3 19 0 0 -296 9 -19
3 20 0 0 -298 -14 -19
3 21 0 0 -299 9 -20
3 22 0 0 -301 -13 -20
3 23 0 0 -302 10 -20
3 24 0 0 -302 -13 -20
3 25 0 0 -303 11 -20
3 26 0 0 -303 -11 -20
3 27 0 0 -302 13 -20
3 28 0 0 -301 -9 -19
3 29 0 0 -300 15 -19
3 30 0 0 -297 -8 -19
3 31 0 0 -295 18 -19
3 32 0 0 -289 -5 -19
3 33 0 0 -287 20 -19
3 34 0 0 -278 -2 -18
3 35 0 0 -275 22 -18
3 36 0 0 -263 0 -17
3 37 0 0 -260 24 -18
3 38 0 0 -245 1 -16
3 39 0 0 -242 18 -17
3 40 0 0 -234 -4 -17
3 41 0 0 -233 10 -17
3 42 0 0 -235 -12 -16
3 43 0 0 -237 0 -16
3 44 0 0 -247 -23 -18
3 45 0 0 -253 -7 -16
3 46 0 0 -271 -32 -20
3 47 0 0 -273 -10 -18
3 48 0 0 -301 -35 -20
3 49 0 0 -303 -7 -20
3 50 0 0 -326 -33 -21
3 51 0 0 -328 -4 -21
3 52 0 0 -348 -31 -22
3 53 0 0 -350 0 -22
3 54 0 0 -365 -28 -22
3 55 0 0 -367 2 -22
3 56 0 0 -379 -26 -23
3 57 0 0 -380 5 -22
3 58 0 0 -390 -24 -23
3 59 0 0 -392 7 -23
3 60 0 0 -399 -22 -24
3 61 0 0 -400 8 -24
3 62 0 0 -406 -19 -24
3 63 0 0 -409 12 -25
3 64 0 0 -411 -11 -22
3 65 0 0 -417 13 -21
3 66 0 0 -432 0 -19
3 67 0 0 -436 9 -16
3 68 0 0 -408 0 -4
3 69 0 0 -475 -1 -5
3 75 0 0 0 0 0
3 76 0 0 1 0 0
3 77 0 0 1 -2 0
3 78 0 0 0 -2 0
3 79 0 0 1 -3 0
3 80 0 0 0 -4 0
3 81 0 0 1 -5 0
3 82 0 0 0 -5 0
3 83 0 0 1 -6 0
3 84 0 0 0 -6 0
3 85 0 0 0 -6 0
3 86 0 0 -1 -6 0
3 87 0 0 0 -5 0
3 88 0 0 -1 -5 0
3 89 0 0 0 -5 0
3 90 0 0 -1 -4 0
3 91 0 0 0 -4 0
3 92 0 0 -1 -3 0
3 93 0 0 0 -2 0
3 94 0 0 -1 -2 0
3 95 0 0 0 -1 0
3 96 0 0 -1 -1 0
3 97 0 0 0 0 0
4 2 0 0 -282 6 22
4 3 0 0 -262 -21 -6
4 4 0 0 -273 -1 -8
4 6 0 0 -277 -3 -9
4 8 0 0 -278 -3 -11
4 10 0 0 -282 -4 -10
4 12 0 0 -285 -4 -10
4 14 0 0 -288 -5 -10
4 16 0 0 -292 -5 -10
4 19 0 0 -296 -5 -11
4 21 0 0 -299 -4 -11
4 23 0 0 -302 -2 -11
4 25 0 0 -304 0 -11
4 27 0 0 -304 1 -11
4 29 0 0 -302 5 -12
4 31 0 0 -299 9 -11
4 33 0 0 -290 15 -12
4 35 0 0 -279 20 -10
4 37 0 0 -263 25 -11
4 39 0 0 -240 19 -8
4 41 0 0 -231 5 -10
4 43 0 0 -228 -10 -8
4 45 0 0 -246 -26 -11
4 47 0 0 -271 -39 -10
4 49 0 0 -305 -41 -13
4 51 0 0 -332 -36 -12
4 53 0 0 -352 -30 -14
4 54 0 0 -370 -24 -13
4 56 0 0 -383 -20 -14
4 59 0 0 -393 -16 -14
4 61 0 0 -401 -12 -15
4 62 0 0 -412 -10 -13
4 64 0 0 -412 -6 -9
4 66 0 0 -401 -2 -7
4 67 0 0 -391 10 -6
4 68 0 0 -400 -9 0
4 69 0 0 -455 -5 -4
4 75 0 0 2 0 0
4 76 0 0 2 0 0
4 77 0 0 1 -1 0
4 78 0 0 2 -3 0
4 80 0 0 1 -4 0
4 82 0 0 0 -5 0
4 84 0 0 0 -6 0
4 86 0 0 0 -6 0
4 89 0 0 -1 -5 0
4 91 0 0 -1 -4 0
4 93 0 0 -1 -3 0
4 95 0 0 -2 -2 0
4 96 0 0 -1 0 0
4 97 0 0 -1 0 0
5 2 0 0 -279 4 3
5 3 0 0 -282 23 5
5 66 0 0 -432 -26 2
5 67 0 0 -431 -17 1
5 68 0 0 -409 -3 0
5 69 0 0 -480 -5 -1
5 75 0 0 1 0 0
5 76 0 0 3 -1 0
5 77 0 0 3 -2 0
5 96 0 0 -2 -1 0
5 97 0 0 -2 0 0
6 2 0 0 -283 4 26
6 3 0 0 -272 -21 -4
6 4 0 0 -267 -1 0
6 6 0 0 -271 -4 -1
6 8 0 0 -273 -5 -1
6 10 0 0 -276 -7 -1
6 12 0 0 -279 -8 -1
6 14 0 0 -283 -9 -1
6 16 0 0 -287 -9 -1
6 18 0 0 -291 -8 -1
6 21 0 0 -295 -7 -1
6 23 0 0 -299 -5 -1
6 25 0 0 -301 -2 -1
6 27 0 0 -303 1 -1
6 29 0 0 -302 7 -1
6 31 0 0 -300 15 -1
6 32 0 0 -292 24 0
6 34 0 0 -280 32 0
6 36 0 0 -255 43 0
6 38 0 0 -218 37 2
6 41 0 0 -201 11 1
6 43 0 0 -199 -19 0
6 45 0 0 -216 -49 1
6 47 0 0 -251 -71 2
6 49 0 0 -298 -70 1
6 51 0 0 -331 -58 0
6 53 0 0 -355 -49 -1
6 54 0 0 -369 -38 -2
6 56 0 0 -381 -32 -1
6 59 0 0 -391 -26 -1
6 61 0 0 -398 -21 -1
6 62 0 0 -407 -18 -1
6 64 0 0 -407 -15 0
6 66 0 0 -429 2 5
6 67 0 0 -433 2 0
6 68 0 0 -400 -10 0
6 69 0 0 -455 -5 -5
6 75 0 0 5 0 0
6 76 0 0 4 0 0
6 77 0 0 3 -2 0
6 78 0 0 4 -4 0
6 80 0 0 2 -5 0
6 82 0 0 1 -6 0
6 84 0 0 0 -7 0
6 86 0 0 0 -6 0
6 89 0 0 -1 -6 0
6 91 0 0 -2 -5 0
6 93 0 0 -3 -3 0
6 95 0 0 -3 -2 0
6 96 0 0 -3 0 0
6 97 0 0 -3 0 0
7 2 0 0 -280 1 0
7 3 0 0 -277 25 3
7 66 0 0 -443 -25 0
7 67 0 0 -443 -16 0
7 68 0 0 -414 -1 1
7 69 0 0 -489 -5 0
7 75 0 0 4 -1 -1
7 76 0 0 5 -1 0
7 77 0 0 5 -2 0
7 96 0 0 -4 -1 0
7 97 0 0 -3 0 0
8 2 0 0 -285 5 26
8 3 0 0 -274 -24 -4
8 4 0 0 -267 -4 0
8 6 0 0 -270 -6 0
8 8 0 0 -273 -9 0
8 10 0 0 -277 -11 0
8 12 0 0 -280 -12 0
8 14 0 0 -285 -13 0
8 16 0 0 -290 -14 0
8 18 0 0 -295 -13 0
8 21 0 0 -300 -11 0
8 23 0 0 -305 -8 0
8 25 0 0 -309 -4 0
8 27 0 0 -312 1 0
8 29 0 0 -313 9 0
8 31 0 0 -313 21 0
8 32 0 0 -307 37 1
8 34 0 0 -299 57 4
8 36 0 0 -269 86 5
8 39 0 0 -213 75 6
8 41 0 0 -178 22 5
8 45 0 0 -196 -77 5
8 47 0 0 -255 -122 6
8 49 0 0 -319 -122 6
8 51 0 0 -353 -94 4
8 53 0 0 -371 -70 0
8 54 0 0 -384 -54 0
8 56 0 0 -393 -43 0
8 59 0 0 -401 -34 0
8 61 0 0 -407 -28 0
8 62 0 0 -416 -22 0
8 64 0 0 -414 -16 0
8 66 0 0 -444 7 0
8 67 0 0 -447 3 1
8 68 0 0 -409 -9 2
8 69 0 0 -466 -4 -4
8 75 0 0 8 -1 0
8 76 0 0 6 -1 0
8 77 0 0 6 -3 0
8 78 0 0 6 -5 0
8 80 0 0 4 -7 0
8 82 0 0 2 -8 0
8 84 0 0 0 -8 0
8 86 0 0 -1 -8 0
8 89 0 0 -2 -7 0
8 91 0 0 -3 -5 0
8 93 0 0 -4 -4 0
8 95 0 0 -4 -2 0
8 96 0 0 -4 0 0
8 97 0 0 -4 0 1
9 2 0 0 -280 0 -4
9 3 0 0 -273 20 4
9 43 0 0 -171 -25 3
9 66 0 0 -452 -25 -1
9 67 0 0 -454 -16 0
9 68 0 0 -423 0 2
9 69 0 0 -500 -6 0
9 75 0 0 6 -1 -1
9 76 0 0 8 -1 0
9 77 0 0 8 -4 0
9 96 0 0 -5 -2 0
9 97 0 0 -5 0 -1
10 2 0 0 -283 5 26
10 3 0 0 -271 -24 -4
10 4 0 0 -262 -5 0
10 6 0 0 -267 -8 0
10 8 0 0 -269 -11 0
10 10 0 0 -273 -15 0
10 12 0 0 -278 -17 0
10 14 0 0 -283 -18 0
10 16 0 0 -289 -19 0
10 18 0 0 -295 -18 0
10 21 0 0 -301 -17 0
10 23 0 0 -307 -13 0
10 25 0 0 -313 -9 0
10 27 0 0 -318 -2 0
10 29 0 0 -323 7 0
10 31 0 0 -328 21 0
10 32 0 0 -328 39 1
10 34 0 0 -329 70 2
10 36 0 0 -282 122 10
10 37 0 0 -266 140 12
10 38 0 0 -177 165 12
10 39 0 0 -147 95 9
10 40 0 0 -126 77 10
10 41 0 0 -114 19 8
10 42 0 0 -109 -6 8
10 43 0 0 -117 -60 9
10 44 0 0 -120 -89 8
10 45 0 0 -152 -149 11
10 46 0 0 -164 -177 9
10 47 0 0 -254 -223 16
10 48 0 0 -293 -176 9
10 49 0 0 -357 -167 9
10 51 0 0 -384 -105 2
10 53 0 0 -395 -80 1
10 54 0 0 -397 -59 0
10 56 0 0 -401 -49 0
10 59 0 0 -407 -40 0
10 61 0 0 -411 -36 0
10 62 0 0 -421 -29 0
10 64 0 0 -419 -25 0
10 66 0 0 -456 4 -1
10 67 0 0 -457 4 1
10 68 0 0 -419 -9 3
10 69 0 0 -480 -3 -1
10 75 0 0 12 -2 0
10 76 0 0 10 -1 0
10 77 0 0 9 -4 0
10 78 0 0 9 -7 0
10 80 0 0 6 -10 0
10 82 0 0 2 -11 0
10 84 0 0 0 -10 0
10 86 0 0 -2 -9 0
10 89 0 0 -4 -8 0
10 91 0 0 -5 -6 0
10 93 0 0 -6 -4 0
10 95 0 0 -6 -3 0
10 96 0 0 -6 0 0
10 97 0 0 -6 0 1
11 2 0 0 -277 0 -5
11 3 0 0 -270 20 3
11 36 0 0 -335 74 6
11 37 0 0 -319 209 7
11 38 0 0 -167 247 3
11 39 0 0 -110 124 5
11 40 0 0 -87 88 3
11 41 0 0 -72 27 3
11 42 0 0 -68 -10 2
11 43 0 0 -71 -59 2
11 44 0 0 -82 -106 3
11 45 0 0 -97 -149 2
11 46 0 0 -159 -242 6
11 47 0 0 -272 -315 3
11 48 0 0 -364 -226 4
11 49 0 0 -401 -137 0
11 66 0 0 -460 -23 -2
11 67 0 0 -462 -17 1
11 68 0 0 -433 -1 3
11 69 0 0 -513 -5 1
11 75 0 0 10 -2 -2
11 76 0 0 13 -2 0
11 77 0 0 12 -6 0
11 96 0 0 -8 -2 0
11 97 0 0 -7 0 -1
12 2 0 0 -279 5 26
12 3 0 0 -267 -25 -4
12 4 0 0 -259 -7 1
12 6 0 0 -263 -11 0
12 8 0 0 -267 -15 0
12 10 0 0 -271 -19 0
12 12 0 0 -277 -22 0
12 14 0 0 -283 -24 0
12 16 0 0 -290 -25 0
12 18 0 0 -297 -25 0
12 21 0 0 -305 -24 0
12 23 0 0 -313 -20 0
12 25 0 0 -321 -15 0
12 27 0 0 -329 -8 0
12 29 0 0 -336 2 0
12 31 0 0 -347 16 0
12 33 0 0 -357 36 0
12 36 0 0 -416 147 -7
12 37 0 0 -744 460 8
12 38 0 0 24 134 -8
12 39 0 0 12 127 -2
12 40 0 0 2 101 16
12 41 0 0 -8 33 0
12 42 0 0 -5 -7 0
12 43 0 0 -6 -71 10
12 44 0 0 -9 -111 5
12 45 0 0 10 -183 14
12 46 0 0 51 -182 -2
12 47 0 0 -67 4 -24
12 48 0 0 -539 -185 -11
12 49 0 0 -468 -173 -6
12 53 0 0 -420 -77 0
12 54 0 0 -414 -59 0
12 56 0 0 -411 -52 0
12 59 0 0 -414 -44 0
12 61 0 0 -418 -43 0
12 62 0 0 -427 -35 0
12 64 0 0 -430 -34 0
12 66 0 0 -468 0 -1
12 67 0 0 -463 4 3
12 68 0 0 -434 -9 5
12 69 0 0 -493 -4 1
12 75 0 0 19 -3 0
12 76 0 0 15 -2 0
12 77 0 0 14 -6 0
12 78 0 0 13 -11 0
12 80 0 0 7 -14 0
12 82 0 0 2 -14 0
12 84 0 0 0 -13 0
12 86 0 0 -3 -12 0
12 89 0 0 -5 -10 0
12 91 0 0 -7 -8 0
12 93 0 0 -8 -5 0
12 95 0 0 -8 -3 0
12 96 0 0 -8 0 0
12 97 0 0 -8 0 2
13 2 0 0 -272 0 -6
13 3 0 0 -265 18 4
13 35 0 0 -373 65 -4
13 36 0 0 -449 51 0
13 37 0 0 -602 22 11
13 47 0 0 -730 -15 -14
13 48 0 0 -604 -108 2
13 49 0 0 -510 -78 -6
13 51 0 0 -440 -99 -2
13 66 0 0 -475 -29 0
13 67 0 0 -474 -25 1
13 68 0 0 -451 -2 5
13 69 0 0 -532 -6 3
13 75 0 0 16 -3 -2
13 76 0 0 19 -3 0
13 77 0 0 18 -10 0
13 96 0 0 -10 -3 0
13 97 0 0 -9 0 -2
14 2 0 0 -273 4 27
14 3 0 0 -262 -26 -4
14 4 0 0 -253 -8 0
14 6 0 0 -258 -14 0
14 8 0 0 -262 -19 0
14 10 0 0 -267 -24 0
14 12 0 0 -273 -28 0
14 14 0 0 -280 -31 0
14 16 0 0 -288 -33 0
14 18 0 0 -297 -33 0
14 21 0 0 -306 -32 0
14 23 0 0 -316 -30 0
14 25 0 0 -326 -26 0
14 27 0 0 -336 -19 0
14 29 0 0 -348 -12 0
14 36 0 0 -429 64 -6
14 37 0 0 -472 0 7
14 47 0 0 -562 -4 -6
14 48 0 0 -508 -29 2
14 49 0 0 -489 -93 -10
14 54 0 0 -421 -49 0
14 56 0 0 -415 -47 0
14 58 0 0 -416 -46 0
14 61 0 0 -419 -49 0
14 62 0 0 -432 -45 0
14 64 0 0 -438 -47 0
14 66 0 0 -483 -10 -1
14 67 0 0 -478 -5 3
14 68 0 0 -459 -11 6
14 69 0 0 -517 -5 3
14 75 0 0 29 -5 0
14 76 0 0 25 -4 0
14 77 0 0 22 -9 0
14 78 0 0 16 -19 0
14 80 0 0 9 -20 0
14 82 0 0 2 -19 0
14 84 0 0 -2 -17 0
14 86 0 0 -5 -15 0
14 89 0 0 -8 -12 0
14 91 0 0 -9 -9 0
14 93 0 0 -10 -6 0
14 95 0 0 -11 -4 0
14 96 0 0 -11 0 0
14 97 0 0 -11 0 2
15 2 0 0 -266 0 -7
15 3 0 0 -259 17 3
15 31 0 0 -360 1 -1
15 33 0 0 -377 10 1
15 35 0 0 -397 23 -3
15 36 0 0 -432 -7 2
15 37 0 0 -454 -8 23
15 47 0 0 -509 14 -4
15 48 0 0 -507 -15 1
15 49 0 0 -477 -8 2
15 50 0 0 -452 -54 -4
15 52 0 0 -434 -51 0
15 66 0 0 -483 -39 -2
15 67 0 0 -492 -43 2
15 68 0 0 -480 -6 6
15 69 0 0 -565 -7 1
15 75 0 0 34 -4 -2
15 76 0 0 28 -6 0
15 77 0 0 27 -17 0
15 96 0 0 -13 -3 0
15 97 0 0 -12 0 -2
16 2 0 0 -266 4 27
16 3 0 0 -256 -27 -4
16 8 0 0 -257 -24 0
16 10 0 0 -262 -30 0
16 12 0 0 -270 -35 0
16 14 0 0 -278 -39 0
16 16 0 0 -287 -42 0
16 18 0 0 -297 -43 0
16 21 0 0 -308 -42 0
16 23 0 0 -319 -40 0
16 25 0 0 -331 -36 0
16 27 0 0 -343 -30 0
16 29 0 0 -357 -22 0
16 36 0 0 -419 30 -4
16 37 0 0 -440 -1 11
16 47 0 0 -495 4 -8
16 48 0 0 -461 -8 0
16 49 0 0 -467 -50 -6
16 56 0 0 -414 -46 0
16 58 0 0 -414 -48 0
16 61 0 0 -418 -58 0
16 62 0 0 -430 -55 0
16 64 0 0 -451 -73 4
16 66 0 0 -484 -32 0
16 67 0 0 -497 -24 4
16 68 0 0 -504 -10 4
16 69 0 0 -570 -5 -1
16 75 0 0 50 -5 4
16 76 0 0 43 -13 -1
16 77 0 0 32 -20 0
16 79 0 0 22 -33 -1
16 80 0 0 8 -29 0
16 82 0 0 0 -26 0
16 84 0 0 -5 -22 0
16 86 0 0 -9 -18 0
16 89 0 0 -11 -14 0
16 91 0 0 -13 -10 0
16 93 0 0 -13 -7 0
16 96 0 0 -13 0 0
16 97 0 0 -14 0 3
17 2 0 0 -256 0 -10
17 3 0 0 -252 16 3
17 4 0 0 -247 -10 0
17 6 0 0 -252 -18 0
17 31 0 0 -369 -13 0
17 33 0 0 -383 -4 0
17 35 0 0 -396 4 -1
17 36 0 0 -423 -25 3
17 37 0 0 -440 -5 12
17 47 0 0 -457 16 -7
17 48 0 0 -470 14 3
17 49 0 0 -460 9 4
17 50 0 0 -441 -34 0
17 52 0 0 -428 -38 0
17 54 0 0 -419 -42 0
17 66 0 0 -484 -78 0
17 67 0 0 -507 -73 -1
17 68 0 0 -527 16 -1
17 69 0 0 -522 52 12
17 75 0 0 65 -4 2
17 76 0 0 43 -16 -2
17 77 0 0 41 -39 -1
17 95 0 0 -14 -4 0
17 96 0 0 -16 -4 0
17 97 0 0 -15 0 -3
18 2 0 0 -257 3 28
18 3 0 0 -248 -28 -4
18 25 0 0 -336 -49 0
18 36 0 0 -422 21 -4
18 37 0 0 -437 -2 13
18 47 0 0 -468 8 -7
18 48 0 0 -436 -1 0
18 49 0 0 -454 -40 -5
18 56 0 0 -408 -42 0
18 58 0 0 -405 -52 0
18 66 0 0 -510 -73 1
18 67 0 0 -578 -82 -5
18 68 0 0 -724 -27 -50
18 69 0 0 -219 40 34
18 75 0 0 113 -4 0
18 76 0 0 84 -54 -5
18 77 0 0 44 -49 -4
18 82 0 0 -5 -34 0
18 84 0 0 -10 -26 0
18 87 0 0 -13 -21 0
18 89 0 0 -15 -15 0
18 91 0 0 -16 -11 0
18 93 0 0 -17 -7 0
18 96 0 0 -17 0 0
18 97 0 0 -17 0 4
19 2 0 0 -247 0 -11
19 3 0 0 -243 15 3
19 4 0 0 -239 -13 0
19 6 0 0 -244 -21 0
19 8 0 0 -249 -30 0
19 10 0 0 -256 -37 0
19 12 0 0 -264 -44 0
19 14 0 0 -274 -49 0
19 16 0 0 -285 -52 0
19 18 0 0 -297 -54 0
19 21 0 0 -309 -54 0
19 23 0 0 -322 -52 0
19 27 0 0 -349 -43 0
19 29 0 0 -364 -37 0
19 31 0 0 -378 -28 0
19 33 0 0 -393 -20 0
19 35 0 0 -405 -10 0
19 36 0 0 -429 -31 5
19 37 0 0 -444 -2 9
19 47 0 0 -435 16 -9
19 48 0 0 -450 24 5
19 49 0 0 -449 17 4
19 50 0 0 -432 -20 0
19 52 0 0 -423 -27 1
19 54 0 0 -414 -35 0
19 61 0 0 -410 -66 0
19 62 0 0 -416 -80 0
19 64 0 0 -443 -104 -1
19 66 0 0 -487 -180 7
19 67 0 0 -490 -226 -6
19 68 0 0 -674 -535 -8
19 69 0 0 -33 -651 -19
19 70 0 0 0 -505 -1
19 71 0 0 -12 -340 -7
19 72 0 0 16 -302 -14
19 73 0 0 -6 -266 4
19 74 0 0 9 -248 -2
19 75 0 0 44 -198 -13
19 76 0 0 74 -76 -4
19 77 0 0 51 -81 -4
19 79 0 0 18 -56 -2
19 81 0 0 3 -43 0
19 95 0 0 -17 -4 0
19 96 0 0 -19 -4 0
19 97 0 0 -19 0 -3
20 2 0 0 -253 -18 1
20 3 0 0 -238 -29 -5
20 36 0 0 -432 14 -3
20 37 0 0 -454 10 3
20 47 0 0 -444 -12 -2
20 48 0 0 -442 -41 -7
20 49 0 0 -444 -32 -6
20 54 0 0 -405 -26 0
20 56 0 0 -397 -38 0
20 58 0 0 -391 -50 0
20 66 0 0 -396 -139 -5
20 67 0 0 -381 -225 -11
20 68 0 0 -369 -306 -14
20 69 0 0 -273 -387 -10
20 70 0 0 -129 -350 -5
20 71 0 0 -89 -305 1
20 72 0 0 -58 -255 -3
20 73 0 0 -40 -225 1
20 74 0 0 -20 -205 -3
20 75 0 0 8 -178 -2
20 76 0 0 19 -136 -2
20 77 0 0 15 -88 -4
20 84 0 0 -19 -30 0
20 87 0 0 -20 -23 0
20 89 0 0 -20 -16 0
20 91 0 0 -21 -12 0
20 93 0 0 -21 -8 0
20 96 0 0 -20 0 0
20 97 0 0 -23 3 0
21 2 0 0 -235 0 -13
21 3 0 0 -232 13 3
21 4 0 0 -229 -16 0
21 6 0 0 -235 -26 0
21 8 0 0 -241 -36 0
21 10 0 0 -248 -45 0
21 12 0 0 -258 -53 0
21 14 0 0 -269 -60 0
21 16 0 0 -282 -65 0
21 18 0 0 -295 -67 0
21 21 0 0 -310 -68 0
21 23 0 0 -325 -66 0
21 25 0 0 -340 -63 0
21 27 0 0 -355 -58 0
21 29 0 0 -371 -51 0
21 31 0 0 -387 -43 0
21 33 0 0 -402 -34 0
21 35 0 0 -415 -20 0
21 36 0 0 -441 -38 4
21 37 0 0 -459 -3 5
21 47 0 0 -424 16 -9
21 48 0 0 -438 25 5
21 49 0 0 -443 23 5
21 50 0 0 -423 -11 0
21 52 0 0 -414 -17 0
21 60 0 0 -388 -69 0
21 62 0 0 -389 -92 -2
21 64 0 0 -388 -127 -6
21 66 0 0 -347 -200 -10
21 67 0 0 -317 -222 -15
21 68 0 0 -297 -287 -15
21 69 0 0 -256 -298 -7
21 70 0 0 -175 -308 -9
21 71 0 0 -101 -256 -4
21 72 0 0 -94 -242 -5
21 73 0 0 -50 -207 -3
21 74 0 0 -56 -190 -4
21 75 0 0 -14 -157 -1
21 76 0 0 -21 -133 -6
21 77 0 0 5 -96 -4
21 79 0 0 -5 -76 -2
21 81 0 0 -12 -52 0
21 82 0 0 -16 -40 0
21 95 0 0 -20 -4 0
21 96 0 0 -22 -5 0
21 97 0 0 -22 0 -4
22 2 0 0 -234 3 28
22 3 0 0 -227 -29 -5
22 36 0 0 -448 12 -3
22 37 0 0 -465 -4 8
22 47 0 0 -447 12 -5
22 48 0 0 -421 5 0
22 49 0 0 -441 -27 -4
22 52 0 0 -406 -5 1
22 54 0 0 -394 -17 0
22 56 0 0 -383 -28 0
22 58 0 0 -374 -43 0
22 84 0 0 -28 -30 0
22 87 0 0 -27 -22 0
22 89 0 0 -26 -16 0
22 91 0 0 -25 -11 0
22 93 0 0 -24 -7 0
22 96 0 0 -24 1 0
22 97 0 0 -23 0 6
23 2 0 0 -222 -1 -14
23 3 0 0 -219 11 2
23 4 0 0 -217 -19 0
23 6 0 0 -224 -31 0
23 8 0 0 -230 -43 0
23 10 0 0 -239 -54 0
23 12 0 0 -250 -64 0
23 14 0 0 -263 -73 0
23 16 0 0 -277 -79 0
23 18 0 0 -293 -83 0
23 20 0 0 -310 -84 0
23 23 0 0 -327 -82 0
23 25 0 0 -344 -79 0
23 27 0 0 -361 -74 0
23 29 0 0 -378 -68 0
23 31 0 0 -396 -61 0
23 33 0 0 -413 -52 0
23 35 0 0 -432 -38 1
23 36 0 0 -456 -46 3
23 37 0 0 -483 -3 8
23 47 0 0 -430 18 -9
23 48 0 0 -436 29 5
23 49 0 0 -441 34 5
23 50 0 0 -416 2 1
23 60 0 0 -366 -64 0
23 62 0 0 -354 -85 0
23 64 0 0 -345 -126 -4
23 66 0 0 -322 -154 -3
23 68 0 0 -265 -205 -8
23 71 0 0 -170 -208 -6
23 73 0 0 -111 -177 -2
23 75 0 0 -71 -145 -2
23 77 0 0 -46 -105 -2
23 79 0 0 -31 -75 -1
23 81 0 0 -31 -55 0
23 82 0 0 -29 -41 0
23 95 0 0 -24 -4 0
23 96 0 0 -26 -5 0
23 97 0 0 -25 0 -5
24 2 0 0 -220 2 28
24 3 0 0 -213 -30 -5
24 36 0 0 -476 -1 -1
24 37 0 0 -495 7 21
24 47 0 0 -457 14 -11
24 48 0 0 -444 -20 -10
24 49 0 0 -446 -12 -4
24 56 0 0 -369 -17 0
24 58 0 0 -356 -32 0
24 60 0 0 -345 -51 0
24 83 0 0 -41 -38 0
24 85 0 0 -37 -28 0
24 87 0 0 -34 -21 0
24 89 0 0 -31 -15 0
24 96 0 0 -27 1 0
24 97 0 0 -27 0 7
25 2 0 0 -206 -1 -16
25 3 0 0 -204 9 2
25 4 0 0 -204 -22 0
25 6 0 0 -210 -37 0
25 8 0 0 -217 -51 0
25 10 0 0 -227 -65 0
25 12 0 0 -240 -77 0
25 14 0 0 -255 -87 0
25 16 0 0 -272 -95 0
25 18 0 0 -290 -100 0
25 20 0 0 -311 -102 0
25 23 0 0 -330 -100 0
25 25 0 0 -348 -97 0
25 27 0 0 -366 -91 0
25 29 0 0 -384 -86 0
25 31 0 0 -404 -79 0
25 33 0 0 -427 -73 0
25 35 0 0 -462 -56 4
25 36 0 0 -477 -72 6
25 37 0 0 -512 9 23
25 47 0 0 -457 21 -9
25 48 0 0 -446 33 0
25 49 0 0 -443 54 4
25 50 0 0 -415 15 3
25 52 0 0 -397 8 0
25 54 0 0 -382 -3 0
25 62 0 0 -329 -70 0
25 64 0 0 -313 -94 -1
25 66 0 0 -275 -122 -2
25 68 0 0 -238 -150 -1
25 71 0 0 -173 -157 0
25 73 0 0 -130 -137 -1
25 75 0 0 -94 -117 0
25 77 0 0 -69 -91 0
25 79 0 0 -55 -69 0
25 81 0 0 -48 -50 0
25 91 0 0 -29 -10 0
25 93 0 0 -28 -7 0
25 95 0 0 -27 -4 0
25 96 0 0 -29 -6 0
25 97 0 0 -28 0 -6
26 2 0 0 -202 2 28
26 3 0 0 -197 -31 -5
26 36 0 0 -559 -61 0
26 37 0 0 -376 112 -17
26 47 0 0 -379 -24 -57
26 48 0 0 -477 32 0
26 49 0 0 -463 15 -2
26 56 0 0 -354 -3 0
26 58 0 0 -340 -20 0
26 60 0 0 -327 -37 0
26 62 0 0 -310 -53 0
26 64 0 0 -291 -75 0
26 66 0 0 -261 -87 0
26 69 0 0 -230 -107 1
26 71 0 0 -183 -107 0
26 73 0 0 -148 -99 1
26 75 0 0 -115 -86 0
26 77 0 0 -91 -69 0
26 79 0 0 -73 -54 0
26 81 0 0 -61 -41 0
26 83 0 0 -52 -31 0
26 85 0 0 -45 -23 0
26 87 0 0 -40 -17 0
26 96 0 0 -30 2 0
26 97 0 0 -29 0 7
27 2 0 0 -188 -1 -17
27 3 0 0 -186 7 1
27 4 0 0 -187 -26 0
27 6 0 0 -194 -43 0
27 8 0 0 -202 -60 0
27 10 0 0 -213 -77 0
27 12 0 0 -227 -92 0
27 14 0 0 -244 -105 0
27 16 0 0 -265 -115 0
27 18 0 0 -286 -121 0
27 20 0 0 -311 -123 0
27 23 0 0 -332 -120 0
27 25 0 0 -353 -116 0
27 27 0 0 -372 -110 0
27 29 0 0 -389 -107 0
27 31 0 0 -411 -101 0
27 33 0 0 -432 -112 0
27 35 0 0 -477 -106 0
27 36 0 0 -578 -211 4
27 37 0 0 -81 -113 -27
27 38 0 0 -30 -476 -7
27 39 0 0 0 -312 5
27 40 0 0 6 -196 -9
27 41 0 0 -7 -124 15
27 42 0 0 1 -65 -17
27 43 0 0 -3 -5 2
27 44 0 0 -9 63 14
27 45 0 0 0 127 -17
27 46 0 0 5 253 -5
27 47 0 0 -42 232 8
27 48 0 0 -536 58 5
27 49 0 0 -469 109 -2
27 51 0 0 -411 47 -2
27 53 0 0 -384 31 0
27 54 0 0 -368 11 0
27 89 0 0 -36 -12 0
27 91 0 0 -33 -8 0
27 93 0 0 -31 -5 0
27 95 0 0 -29 -3 0
27 96 0 0 -31 -6 0
27 97 0 0 -31 0 -7
28 2 0 0 -182 1 28
28 3 0 0 -178 -32 -5
28 36 0 0 -466 -186 -13
28 37 0 0 -364 -339 -11
28 38 0 0 -166 -331 -3
28 39 0 0 -128 -290 -7
28 40 0 0 -74 -163 -6
28 41 0 0 -71 -129 -7
28 42 0 0 -54 -38 -6
28 43 0 0 -58 -18 -6
28 44 0 0 -68 67 -6
28 45 0 0 -69 92 -6
28 46 0 0 -131 212 -5
28 47 0 0 -141 238 -10
28 48 0 0 -413 175 -8
28 49 0 0 -407 93 -4
28 56 0 0 -337 10 0
28 58 0 0 -324 -5 0
28 60 0 0 -311 -20 0
28 62 0 0 -293 -35 0
28 65 0 0 -276 -49 0
28 67 0 0 -247 -62 0
28 69 0 0 -219 -70 0
28 71 0 0 -183 -74 0
28 73 0 0 -153 -67 0
28 74 0 0 -125 -61 0
28 76 0 0 -102 -49 0
28 78 0 0 -84 -39 0
28 81 0 0 -71 -29 0
28 83 0 0 -60 -22 0
28 96 0 0 -32 3 0
28 97 0 0 -32 0 8
29 2 0 0 -166 -1 -18
29 3 0 0 -165 3 1
29 4 0 0 -168 -30 0
29 6 0 0 -175 -50 0
29 8 0 0 -184 -70 0
29 10 0 0 -196 -90 0
29 12 0 0 -212 -108 0
29 14 0 0 -231 -125 0
29 16 0 0 -255 -138 0
29 18 0 0 -282 -147 0
29 20 0 0 -312 -148 0
29 22 0 0 -337 -143 0
29 25 0 0 -359 -136 0
29 27 0 0 -375 -128 0
29 29 0 0 -391 -125 0
29 31 0 0 -400 -125 0
29 33 0 0 -419 -142 0
29 34 0 0 -417 -164 -1
29 36 0 0 -378 -256 -12
29 37 0 0 -338 -293 -12
29 38 0 0 -263 -286 -19
29 39 0 0 -148 -213 -14
29 40 0 0 -137 -171 -15
29 41 0 0 -94 -98 -10
29 42 0 0 -99 -66 -10
29 43 0 0 -90 0 -9
29 44 0 0 -96 33 -10
29 45 0 0 -127 102 -13
29 46 0 0 -136 140 -11
29 47 0 0 -248 202 -21
29 48 0 0 -304 194 -5
29 49 0 0 -324 168 -10
29 51 0 0 -355 81 -3
29 53 0 0 -360 56 -1
29 54 0 0 -346 28 0
29 85 0 0 -52 -16 0
29 87 0 0 -45 -12 0
29 89 0 0 -40 -8 0
29 91 0 0 -36 -5 0
29 93 0 0 -33 -3 0
29 95 0 0 -31 -2 0
29 96 0 0 -33 -5 0
29 97 0 0 -32 0 -7
30 2 0 0 -158 1 27
30 3 0 0 -156 -32 -5
30 41 0 0 -190 -103 -7
30 43 0 0 -169 -29 -4
30 45 0 0 -179 48 -6
30 56 0 0 -319 19 0
30 58 0 0 -309 5 0
30 60 0 0 -297 -6 0
30 62 0 0 -281 -17 0
30 64 0 0 -264 -28 0
30 67 0 0 -241 -37 0
30 69 0 0 -216 -43 0
30 71 0 0 -186 -44 0
30 73 0 0 -160 -41 0
30 75 0 0 -133 -36 0
30 77 0 0 -112 -29 0
30 79 0 0 -92 -22 0
30 96 0 0 -33 4 0
30 97 0 0 -33 0 8
31 2 0 0 -142 -1 -18
31 3 0 0 -141 0 0
31 4 0 0 -146 -35 0
31 6 0 0 -153 -57 0
31 8 0 0 -162 -81 0
31 10 0 0 -175 -104 0
31 12 0 0 -192 -127 0
31 14 0 0 -214 -148 0
31 16 0 0 -243 -165 0
31 18 0 0 -275 -178 0
31 20 0 0 -314 -178 0
31 22 0 0 -344 -167 0
31 24 0 0 -368 -154 0
31 27 0 0 -382 -141 0
31 29 0 0 -392 -133 0
31 31 0 0 -395 -129 0
31 32 0 0 -392 -135 0
31 34 0 0 -378 -154 -2
31 36 0 0 -348 -180 -4
31 39 0 0 -252 -177 -8
31 47 0 0 -226 107 -4
31 49 0 0 -301 102 -6
31 51 0 0 -321 80 -3
31 53 0 0 -328 54 0
31 54 0 0 -325 34 0
31 81 0 0 -78 -16 0
31 83 0 0 -65 -12 0
31 85 0 0 -56 -8 0
31 87 0 0 -48 -5 0
31 89 0 0 -42 -3 0
31 91 0 0 -38 -2 0
31 93 0 0 -35 -1 0
31 95 0 0 -32 0 0
31 96 0 0 -34 -5 0
31 97 0 0 -33 0 -8
32 2 0 0 -132 0 24
32 3 0 0 -131 -33 -5
32 38 0 0 -280 -117 0
32 41 0 0 -240 -71 -1
32 43 0 0 -222 -21 -1
32 45 0 0 -227 26 -1
32 54 0 0 -312 37 0
32 56 0 0 -307 26 0
32 58 0 0 -298 15 0
32 60 0 0 -287 6 0
32 62 0 0 -272 -1 0
32 64 0 0 -256 -8 0
32 67 0 0 -235 -14 0
32 69 0 0 -213 -17 0
32 71 0 0 -187 -18 0
32 73 0 0 -163 -16 0
32 96 0 0 -34 4 0
32 97 0 0 -33 0 8
33 2 0 0 -115 -1 -17
33 3 0 0 -114 -2 0
33 4 0 0 -121 -39 0
33 6 0 0 -128 -64 0
33 8 0 0 -137 -92 0
33 10 0 0 -150 -120 0
33 12 0 0 -168 -147 0
33 14 0 0 -194 -176 0
33 16 0 0 -227 -198 0
33 18 0 0 -269 -217 0
33 20 0 0 -322 -216 -1
33 23 0 0 -361 -195 0
33 25 0 0 -385 -172 0
33 27 0 0 -396 -152 0
33 29 0 0 -402 -138 0
33 31 0 0 -399 -127 0
33 32 0 0 -392 -125 0
33 34 0 0 -372 -122 -1
33 36 0 0 -338 -127 -1
33 47 0 0 -252 63 -1
33 49 0 0 -285 71 0
33 51 0 0 -306 59 0
33 53 0 0 -313 49 0
33 75 0 0 -137 -12 0
33 77 0 0 -116 -9 0
33 79 0 0 -97 -5 0
33 81 0 0 -81 -2 0
33 83 0 0 -68 0 0
33 85 0 0 -58 0 0
33 87 0 0 -50 1 0
33 89 0 0 -43 1 0
33 91 0 0 -38 1 0
33 93 0 0 -35 1 0
33 95 0 0 -33 0 0
33 96 0 0 -33 -4 0
33 97 0 0 -32 0 -8
34 2 0 0 -103 0 19
34 3 0 0 -104 -34 -4
34 21 0 0 -334 -268 2
34 23 0 0 -385 -227 3
34 25 0 0 -411 -189 1
34 27 0 0 -414 -158 0
34 33 0 0 -396 -111 0
34 35 0 0 -375 -103 0
34 37 0 0 -351 -98 0
34 39 0 0 -309 -81 0
34 41 0 0 -282 -48 0
34 43 0 0 -265 -13 0
34 45 0 0 -264 20 0
34 47 0 0 -272 46 1
34 49 0 0 -293 57 0
34 51 0 0 -300 55 0
34 52 0 0 -304 48 0
34 54 0 0 -302 40 0
34 56 0 0 -298 33 0
34 58 0 0 -290 25 0
34 96 0 0 -33 5 -1
34 97 0 0 -32 0 8
35 2 0 0 -84 -2 -14
35 3 0 0 -82 -9 0
35 4 0 0 -93 -44 0
35 6 0 0 -98 -71 0
35 8 0 0 -106 -103 1
35 10 0 0 -118 -136 1
35 12 0 0 -135 -170 1
35 14 0 0 -160 -206 1
35 16 0 0 -200 -240 2
35 18 0 0 -253 -272 3
35 29 0 0 -418 -136 0
35 31 0 0 -409 -119 0
35 60 0 0 -279 18 0
35 62 0 0 -266 13 0
35 64 0 0 -251 8 0
35 67 0 0 -232 5 0
35 69 0 0 -212 4 0
35 71 0 0 -187 5 0
35 73 0 0 -166 8 0
35 75 0 0 -140 10 0
35 77 0 0 -119 11 0
35 79 0 0 -99 12 0
35 81 0 0 -83 12 0
35 83 0 0 -69 11 0
35 85 0 0 -58 10 0
35 87 0 0 -49 9 0
35 89 0 0 -42 7 0
35 91 0 0 -38 5 0
35 93 0 0 -34 4 0
35 95 0 0 -31 2 0
35 96 0 0 -32 -3 0
35 97 0 0 -31 0 -8
36 2 0 0 -68 -1 12
36 3 0 0 -74 -33 -2
36 18 0 0 -249 -353 6
36 21 0 0 -369 -348 4
36 23 0 0 -441 -263 -3
36 25 0 0 -457 -213 1
36 27 0 0 -450 -157 -1
36 33 0 0 -408 -92 0
36 35 0 0 -385 -78 0
36 37 0 0 -360 -68 0
36 39 0 0 -331 -52 0
36 41 0 0 -308 -28 0
36 43 0 0 -293 -3 0
36 45 0 0 -288 20 0
36 47 0 0 -289 38 0
36 48 0 0 -295 47 0
36 50 0 0 -298 49 0
36 52 0 0 -298 47 0
36 54 0 0 -297 43 0
36 56 0 0 -292 39 0
36 96 0 0 -31 6 -1
36 97 0 0 -30 0 8
37 2 0 0 -51 -2 -11
37 3 0 0 -49 -16 0
37 4 0 0 -64 -46 0
37 6 0 0 -68 -77 0
37 8 0 0 -74 -112 1
37 10 0 0 -85 -148 1
37 12 0 0 -101 -188 2
37 14 0 0 -127 -237 3
37 16 0 0 -169 -279 5
37 28 0 0 -441 -129 0
37 30 0 0 -425 -106 0
37 58 0 0 -284 34 0
37 60 0 0 -275 30 0
37 62 0 0 -262 26 0
37 65 0 0 -249 25 0
37 67 0 0 -231 24 0
37 69 0 0 -213 26 0
37 71 0 0 -191 29 0
37 73 0 0 -168 33 0
37 75 0 0 -140 34 0
37 77 0 0 -118 33 0
37 79 0 0 -97 31 0
37 81 0 0 -81 27 0
37 83 0 0 -66 24 0
37 85 0 0 -55 20 0
37 87 0 0 -47 16 0
37 89 0 0 -40 13 0
37 91 0 0 -35 10 0
37 93 0 0 -32 7 0
37 95 0 0 -29 4 0
37 96 0 0 -29 -1 0
37 97 0 0 -28 0 -7
38 2 0 0 -33 -1 8
38 3 0 0 -40 -26 0
38 4 0 0 -33 -35 1
38 5 0 0 -39 -60 4
38 6 0 0 -33 -70 3
38 7 0 0 -44 -94 4
38 8 0 0 -36 -107 5
38 9 0 0 -48 -133 4
38 10 0 0 -41 -148 5
38 11 0 0 -56 -176 5
38 12 0 0 -48 -194 4
38 13 0 0 -67 -225 4
38 14 0 0 -64 -247 5
38 15 0 0 -88 -284 4
38 16 0 0 -84 -313 3
38 17 0 0 -126 -361 6
38 18 0 0 -155 -407 7
38 19 0 0 -191 -503 8
38 20 0 0 -352 -495 6
38 21 0 0 -443 -417 20
38 22 0 0 -457 -322 8
38 23 0 0 -510 -260 3
38 25 0 0 -516 -202 3
38 27 0 0 -492 -142 0
38 28 0 0 -470 -114 0
38 32 0 0 -423 -72 0
38 35 0 0 -399 -56 0
38 37 0 0 -376 -44 0
38 39 0 0 -350 -28 0
38 41 0 0 -330 -10 0
38 43 0 0 -314 8 0
38 45 0 0 -306 25 0
38 47 0 0 -301 39 0
38 48 0 0 -302 47 0
38 50 0 0 -300 49 0
38 52 0 0 -298 50 0
38 54 0 0 -294 48 0
38 96 0 0 -28 6 -1
38 97 0 0 -27 0 8
39 2 0 0 -20 -3 -6
39 3 0 0 -21 -24 0
39 4 0 0 -20 -35 0
39 5 0 0 -23 -58 1
39 6 0 0 -20 -69 0
39 7 0 0 -26 -94 2
39 8 0 0 -21 -106 -1
39 9 0 0 -30 -130 3
39 10 0 0 -22 -146 -1
39 11 0 0 -35 -173 3
39 12 0 0 -27 -193 0
39 13 0 0 -42 -222 3
39 14 0 0 -36 -250 0
39 15 0 0 -52 -286 4
39 16 0 0 -49 -329 0
39 17 0 0 -61 -377 -3
39 18 0 0 -85 -456 -11
39 19 0 0 -140 -614 -20
39 20 0 0 -477 -674 -12
39 21 0 0 -560 -421 -1
39 22 0 0 -579 -318 -14
39 23 0 0 -584 -216 -11
39 30 0 0 -445 -87 0
39 56 0 0 -288 45 0
39 58 0 0 -281 42 0
39 60 0 0 -272 40 0
39 63 0 0 -261 39 0
39 65 0 0 -248 39 0
39 67 0 0 -233 41 0
39 69 0 0 -216 46 0
39 71 0 0 -193 51 0
39 73 0 0 -172 58 0
39 75 0 0 -139 60 0
39 77 0 0 -115 55 0
39 79 0 0 -93 50 0
39 81 0 0 -76 43 0
39 83 0 0 -61 36 0
39 85 0 0 -51 30 0
39 87 0 0 -42 24 0
39 89 0 0 -36 19 0
39 91 0 0 -31 14 0
39 93 0 0 -28 9 0
39 95 0 0 -26 6 0
39 96 0 0 -25 0 0
39 97 0 0 -24 0 -7
40 2 0 0 -2 -3 1
40 3 0 0 2 -22 4
40 4 0 0 -6 -42 4
40 5 0 0 4 -64 9
40 6 0 0 -7 -81 5
40 7 0 0 5 -107 12
40 8 0 0 -8 -123 6
40 9 0 0 5 -154 15
40 10 0 0 -7 -170 6
40 11 0 0 4 -207 19
40 12 0 0 -3 -216 8
40 13 0 0 3 -270 22
40 14 0 0 -2 -274 8
40 15 0 0 -1 -349 22
40 16 0 0 -5 -366 8
40 17 0 0 -8 -464 22
40 18 0 0 -4 -498 11
40 19 0 0 159 -11 -1
40 20 0 0 -399 447 201
40 21 0 0 -966 -511 -17
40 22 0 0 -676 -306 -12
40 23 0 0 -658 -231 -12
40 25 0 0 -579 -160 -9
40 27 0 0 -535 -104 0
40 28 0 0 -498 -86 0
40 32 0 0 -439 -45 0
40 34 0 0 -413 -30 0
40 37 0 0 -388 -19 0
40 39 0 0 -365 -6 0
40 41 0 0 -345 6 0
40 43 0 0 -329 20 0
40 45 0 0 -318 33 0
40 47 0 0 -311 43 0
40 48 0 0 -306 50 0
40 50 0 0 -302 53 0
40 52 0 0 -297 54 0
40 96 0 0 -23 6 -1
40 97 0 0 -22 0 6
41 20 0 0 -1023 -47 3
41 21 0 0 -955 -132 -8
41 22 0 0 -743 -174 -11
41 23 0 0 -687 -130 -1
41 30 0 0 -467 -58 0
41 54 0 0 -292 53 0
41 56 0 0 -286 52 0
41 58 0 0 -279 50 0
41 61 0 0 -271 50 0
41 63 0 0 -261 50 0
41 65 0 0 -251 53 0
41 67 0 0 -239 58 0
41 69 0 0 -223 66 0
41 71 0 0 -203 75 0
41 73 0 0 -176 87 0
41 75 0 0 -136 90 0
41 77 0 0 -109 79 0
41 79 0 0 -84 70 0
41 81 0 0 -67 58 0
41 83 0 0 -53 48 0
41 85 0 0 -43 39 0
41 87 0 0 -36 31 0
41 89 0 0 -30 24 0
41 91 0 0 -26 18 0
41 93 0 0 -23 12 0
41 95 0 0 -21 7 0
41 96 0 0 -20 0 0
41 97 0 0 -19 0 -5
42 20 0 0 -886 -19 0
42 21 0 0 -749 -20 -4
42 22 0 0 -697 -96 -7
42 23 0 0 -676 -105 -3
42 25 0 0 -602 -84 -4
42 32 0 0 -451 -17 0
42 34 0 0 -424 -5 0
42 36 0 0 -399 3 0
42 39 0 0 -376 14 0
42 41 0 0 -357 24 0
42 43 0 0 -341 35 0
42 45 0 0 -328 44 0
42 47 0 0 -318 51 0
42 48 0 0 -311 56 0
42 50 0 0 -304 58 0
42 52 0 0 -298 59 0
42 66 0 0 -245 69 0
42 68 0 0 -234 80 0
42 70 0 0 -212 98 1
42 96 0 0 -18 6 -1
42 97 0 0 -17 0 5
43 20 0 0 -823 -9 -1
43 21 0 0 -731 -14 -1
43 22 0 0 -715 -39 -2
43 23 0 0 -698 -40 3
43 27 0 0 -564 -54 0
43 28 0 0 -516 -44 0
43 30 0 0 -484 -27 0
43 52 0 0 0 0 0
43 53 0 0 0 0 0
43 54 0 0 -291 59 0
43 55 0 0 0 0 0
43 56 0 0 -285 58 0
43 57 0 0 0 0 0
43 58 0 0 -278 57 0
43 59 0 0 0 0 0
43 60 0 0 0 0 0
43 61 0 0 -271 58 0
43 62 0 0 0 0 0
43 63 0 1 -264 58 0
43 64 0 1 0 0 0
43 65 0 1 -256 63 0
43 66 0 1 0 0 0
43 67 0 1 0 0 0
43 68 0 1 0 0 0
43 69 0 0 0 0 0
43 70 0 0 0 0 0
43 71 0 0 0 0 0
43 72 0 0 -189 124 2
43 73 0 0 0 0 0
43 74 0 0 0 0 0
43 75 0 0 -133 127 1
43 77 0 0 -96 105 0
43 79 0 0 -71 91 0
43 81 0 0 -54 73 0
43 83 0 0 -42 60 0
43 85 0 0 -33 47 0
43 87 0 0 -27 37 0
43 89 0 0 -22 28 0
43 91 0 0 -19 21 0
43 93 0 0 -17 14 0
43 95 0 0 -15 8 0
43 96 0 0 -14 2 0
43 97 0 0 -13 0 -4
44 20 0 0 -779 -1 -4
44 21 0 0 -677 1 1
44 22 0 0 -701 -29 0
44 23 0 0 -690 -35 4
44 32 0 0 -461 12 0
44 34 0 0 -433 21 0
44 36 0 0 -408 28 0
44 38 0 0 -385 35 0
44 41 0 0 -366 43 0
44 43 0 0 -349 50 0
44 45 0 0 -335 56 0
44 47 0 0 -323 61 0
44 48 0 0 -314 64 0
44 50 0 0 -305 66 0
44 52 0 0 -298 66 0
44 53 0 0 0 0 0
44 54 0 0 -291 65 0
44 55 0 0 0 0 0
44 56 0 0 0 0 0
44 57 0 0 0 0 0
44 58 0 0 0 0 0
44 59 0 0 0 0 0
44 60 0 1 0 0 0
44 61 0 1 0 0 0
44 62 0 1 0 0 0
44 63 0 2 0 0 0
44 64 0 2 0 0 0
44 65 0 2 0 0 0
44 66 0 2 -256 79 0
44 67 0 2 0 0 0
44 68 0 2 -253 99 1
44 69 0 1 0 0 0
44 70 0 1 -248 119 5
44 71 0 1 0 0 0
44 72 0 0 0 0 0
44 73 0 0 -206 168 6
44 74 0 0 0 0 0
44 96 0 0 -12 6 0
44 97 0 0 -11 0 2
45 20 0 0 -782 0 1
45 21 0 0 -688 -3 2
45 22 0 0 -701 1 -1
45 23 0 0 -691 -4 -1
45 25 0 0 -603 -27 -1
45 27 0 0 -575 -12 -1
45 28 0 0 -527 -5 0
45 30 0 0 -494 5 0
45 52 0 0 0 0 0
45 53 0 0 0 0 0
45 54 0 0 0 0 0
45 55 0 0 0 0 0
45 56 0 0 -284 65 0
45 57 0 0 0 0 0
45 58 0 1 -278 64 0
45 59 0 1 0 0 0
45 60 0 2 0 0 0
45 61 0 2 -272 64 0
45 62 0 3 0 0 0
45 63 0 4 -267 66 0
45 64 0 4 0 0 0
45 65 0 4 -262 72 0
45 66 0 4 0 0 0
45 67 0 4 0 0 0
45 68 0 3 0 0 0
45 69 0 3 0 0 0
45 70 0 2 0 0 0
45 71 0 1 0 0 0
45 72 0 1 0 0 0
45 73 0 0 0 0 0
45 74 0 0 0 0 0
45 75 0 0 -113 183 4
45 77 0 0 -77 140 1
45 79 0 0 -52 111 0
45 81 0 0 -37 86 0
45 83 0 0 -28 68 0
45 85 0 0 -21 53 0
45 87 0 0 -17 41 0
45 89 0 0 -14 31 0
45 91 0 0 -12 23 0
45 93 0 0 -11 15 0
45 95 0 0 -10 9 0
45 96 0 0 -7 3 0
45 97 0 0 -7 0 -2
46 20 0 0 -760 0 0
46 21 0 0 -667 9 4
46 22 0 0 -701 0 0
46 23 0 0 -686 -12 -1
46 32 0 0 -467 44 0
46 34 0 0 -440 48 0
46 36 0 0 -414 52 0
46 38 0 0 -391 57 0
46 41 0 0 -371 61 0
46 43 0 0 -354 65 0
46 45 0 0 -339 69 0
46 47 0 0 -326 72 0
46 48 0 0 -316 74 0
46 50 0 0 -306 74 0
46 52 0 0 -298 74 0
46 53 0 0 0 0 0
46 54 0 0 -290 72 0
46 55 0 0 0 0 0
46 56 0 0 0 0 0
46 57 0 1 0 0 0
46 58 0 2 0 0 0
46 59 0 2 0 0 0
46 60 0 3 0 0 0
46 61 0 5 0 0 0
46 62 0 6 0 0 0
46 63 0 6 0 0 0
46 64 0 7 0 0 0
46 65 0 7 0 0 0
46 66 0 7 -271 78 0
46 67 0 7 0 0 0
46 68 0 6 -275 96 1
46 69 0 5 0 0 0
46 70 0 4 -281 135 6
46 71 0 3 -266 148 7
46 72 0 2 -275 187 10
46 73 0 1 -225 284 6
46 74 0 0 -158 285 12
46 75 0 0 -61 186 2
46 76 0 0 -66 182 3
46 77 0 0 -18 146 0
46 78 0 0 -42 134 1
46 79 0 0 -10 113 0
46 80 0 0 -29 103 1
46 81 0 0 -4 87 0
46 82 0 0 -23 80 1
46 83 0 0 -3 67 0
46 84 0 0 -18 63 1
46 85 0 0 -1 52 0
46 86 0 0 -14 49 1
46 87 0 0 -1 40 0
46 88 0 0 -11 37 1
46 89 0 0 -1 30 0
46 90 0 0 -9 28 0
46 91 0 0 -2 21 0
46 92 0 0 -8 19 0
46 93 0 0 -3 14 0
46 94 0 0 -6 12 0
46 95 0 0 -3 6 0
46 96 0 0 -5 5 0
46 97 0 0 -4 0 0
47 20 0 0 -784 6 5
47 21 0 0 -688 4 5
47 22 0 0 -703 36 1
47 23 0 0 -688 19 -2
47 25 0 0 -613 23 0
47 27 0 0 -582 26 0
47 28 0 0 -535 34 0
47 30 0 0 -501 39 0
47 52 0 0 0 0 0
47 53 0 0 0 0 0
47 54 0 0 0 0 0
47 55 0 0 0 0 0
47 56 0 1 -284 71 0
47 57 0 2 0 0 0
47 58 0 3 -278 69 0
47 59 0 4 0 0 0
47 60 0 6 0 0 0
47 61 0 8 -273 69 0
47 62 0 10 0 0 0
47 63 0 11 -270 69 0
47 64 0 12 0 0 0
47 65 0 13 -270 74 0
47 66 0 12 0 0 0
47 67 0 11 0 0 0
47 68 0 10 0 0 0
47 69 0 8 0 0 0
47 70 0 7 -314 87 1
47 71 0 5 -327 129 -3
47 72 0 3 -340 170 -2
47 73 0 0 -435 333 -8
47 74 0 0 -28 300 4
47 75 0 0 -25 246 3
47 76 0 0 -16 174 4
47 77 0 0 -24 156 1
47 78 0 0 -6 126 2
47 79 0 0 -17 116 1
47 80 0 0 -3 93 1
47 81 0 0 -13 88 0
47 82 0 0 -2 71 1
47 83 0 0 -2 71 1
47 84 0 0 -4 63 1
47 85 0 0 1 58 0
47 86 0 0 -3 49 1
47 87 0 0 1 44 0
47 88 0 0 -2 37 0
47 89 0 0 1 33 0
47 90 0 0 -2 27 0
47 91 0 0 0 24 0
47 92 0 0 -1 19 0
47 93 0 0 0 15 0
47 94 0 0 -1 11 0
47 95 0 0 0 8 0
47 96 0 0 0 4 0
47 97 0 0 -1 0 0
48 20 0 0 -787 0 5
48 21 0 0 -700 15 5
48 22 0 0 -705 24 1
48 23 0 0 -692 17 0
48 32 0 0 -470 75 0
48 34 0 0 -442 75 0
48 36 0 0 -416 76 0
48 38 0 0 -394 78 0
48 40 0 0 -374 80 0
48 43 0 0 -357 82 0
48 45 0 0 -341 83 0
48 47 0 0 -328 84 0
48 48 0 0 -316 84 0
48 50 0 0 -305 83 0
48 52 0 0 -296 82 0
48 53 0 0 0 0 0
48 54 0 0 0 0 0
48 55 0 1 0 0 0
48 56 0 2 0 0 0
48 57 0 3 0 0 0
48 58 0 5 0 0 0
48 59 0 7 0 0 0
48 60 0 10 0 0 0
48 61 0 13 0 0 0
48 62 0 15 0 0 0
48 63 0 18 0 0 0
48 64 0 20 0 0 0
48 65 0 21 0 0 0
48 66 0 21 -278 67 -1
48 67 0 20 0 0 0
48 68 0 18 -288 80 -1
48 69 0 16 0 0 0
48 70 0 13 -316 91 -4
48 71 0 10 -330 107 -2
48 72 0 8 -432 119 -28
48 73 0 0 -479 23 -3
49 20 0 0 -845 1 2
49 21 0 0 -729 10 6
49 22 0 0 -722 59 0
49 23 0 0 -702 58 -4
49 25 0 0 -624 73 0
49 27 0 0 -587 69 1
49 28 0 0 -539 77 -1
49 30 0 0 -504 74 0
49 52 0 0 0 0 0
49 53 0 0 0 0 0
49 54 0 1 -288 79 0
49 55 0 2 0 0 0
49 56 0 3 -281 77 0
49 57 0 5 0 0 0
49 58 0 8 -276 74 0
49 59 0 11 0 0 0
49 60 0 15 -272 72 0
49 61 0 19 0 0 0
49 62 0 24 0 0 0
49 63 0 27 -271 69 0
49 64 0 30 -272 70 0
49 65 0 32 0 0 0
49 66 0 33 0 0 0
49 67 0 32 0 0 0
49 68 0 29 0 0 0
49 69 0 26 0 0 0
49 70 0 23 -329 53 -4
49 71 0 19 -339 55 -5
49 72 0 15 -368 23 -2
49 73 0 0 -407 6 3
50 20 0 0 -826 -15 -1
50 21 0 0 -734 -62 -3
50 22 0 0 -764 67 2
50 23 0 0 -738 83 1
50 34 0 0 -441 101 0
50 36 0 0 -416 100 0
50 38 0 0 -395 98 0
50 40 0 0 -375 98 0
50 43 0 0 -358 98 0
50 45 0 0 -342 98 0
50 47 0 0 -327 97 0
50 52 0 0 0 0 0
50 53 0 0 0 0 0
50 54 0 1 0 0 0
50 55 0 2 0 0 0
50 56 0 4 0 0 0
50 57 0 7 0 0 0
50 58 0 11 0 0 0
50 59 0 16 0 0 0
50 60 0 21 0 0 0
50 61 0 28 0 0 0
50 62 0 34 0 0 0
50 63 0 40 0 0 0
50 64 0 44 0 0 0
50 65 0 47 0 0 0
50 66 0 48 0 0 0
50 67 0 48 0 0 0
50 68 0 45 0 0 0
50 69 0 41 0 0 0
50 70 0 36 -321 59 -1
50 71 0 30 -320 53 -2
50 72 0 25 -326 8 -1
50 73 0 0 -357 2 0
51 20 0 0 -405 -126 42
51 21 0 0 -776 -111 -8
51 22 0 0 -830 160 0
51 23 0 0 -756 143 2
51 25 0 0 -649 145 1
51 27 0 0 -588 119 2
51 28 0 0 -538 120 0
51 30 0 0 -501 109 0
51 32 0 0 -468 105 0
51 48 0 0 -315 96 0
51 50 0 0 -303 94 0
51 52 0 0 -294 91 0
51 53 0 1 0 0 0
51 54 0 2 -285 87 0
51 55 0 3 0 0 0
51 56 0 6 -278 83 0
51 57 0 10 0 0 0
51 58 0 15 -273 78 0
51 59 0 21 0 0 0
51 60 0 29 -269 74 0
51 61 0 38 0 0 0
51 62 0 46 -268 69 0
51 63 0 55 0 0 0
51 64 0 62 -270 66 0
51 65 0 66 0 0 0
51 66 0 69 -278 59 -1
51 67 0 69 0 0 0
51 68 0 67 -286 61 -1
51 69 0 62 0 0 0
51 70 0 56 -317 32 -4
51 71 0 48 -316 23 -2
51 72 0 40 -325 18 0
51 73 0 0 -334 1 1
52 2 0 0 1 7 0
52 3 0 0 -5 30 7
52 4 0 0 7 47 -8
52 5 0 0 -8 69 12
52 6 0 0 13 92 -6
52 7 0 0 -7 111 15
52 8 0 0 17 141 -4
52 9 0 0 -4 157 16
52 10 0 0 20 196 -2
52 11 0 0 -1 210 17
52 12 0 0 22 261 0
52 13 0 0 3 274 15
52 14 0 0 18 339 0
52 15 0 0 4 362 12
52 16 0 0 7 448 0
52 17 0 0 5 505 11
52 18 0 0 -14 619 -3
52 19 0 0 -15 827 5
52 20 0 0 684 292 175
52 21 0 0 -1085 784 -34
52 22 0 0 -834 299 -14
52 23 0 0 -734 214 -1
52 52 0 0 0 0 0
52 53 0 1 0 0 0
52 54 0 2 0 0 0
52 55 0 5 0 0 0
52 56 0 8 0 0 0
52 57 0 13 0 0 0
52 58 0 19 0 0 0
52 59 0 28 0 0 0
52 60 0 38 0 0 0
52 61 0 49 0 0 0
52 62 0 61 0 0 0
52 63 0 72 0 0 0
52 64 0 82 0 0 0
52 65 0 89 0 0 0
52 66 0 94 0 0 0
52 67 0 96 0 0 0
52 68 0 95 0 0 0
52 69 0 91 0 0 0
52 70 0 84 -309 44 -1
52 71 0 73 -300 34 -1
52 72 0 62 -294 0 -2
52 73 0 0 -319 0 0
53 2 0 0 -14 2 0
53 3 0 0 -7 20 0
53 4 0 0 -9 54 0
53 5 0 0 -5 60 0
53 6 0 0 -10 95 1
53 7 0 0 -4 102 0
53 8 0 0 -11 139 2
53 9 0 0 -4 147 0
53 10 0 0 -11 189 3
53 11 0 0 -4 197 0
53 12 0 0 -12 249 3
53 13 0 0 -5 255 0
53 14 0 0 -14 325 1
53 15 0 0 -9 329 -1
53 16 0 0 -21 433 1
53 17 0 0 -22 446 0
53 18 0 0 -55 622 -1
53 19 0 0 -78 703 -1
53 20 0 0 -687 953 7
53 21 0 0 -772 740 -20
53 22 0 0 -686 416 -2
53 23 0 0 -683 304 11
53 25 0 0 -627 233 0
53 27 0 0 -566 184 1
53 28 0 0 -524 164 -1
53 30 0 0 -490 144 0
53 32 0 0 -461 135 0
53 34 0 0 -436 126 0
53 36 0 0 -414 122 0
53 38 0 0 -393 119 0
53 41 0 0 -374 117 0
53 43 0 0 -357 115 0
53 45 0 0 -340 113 0
53 47 0 0 -326 111 0
53 48 0 0 -312 108 0
53 50 0 0 -300 105 0
53 52 0 0 -289 100 0
53 53 0 1 0 0 0
53 54 0 3 -280 95 0
53 55 0 6 0 0 0
53 56 0 10 -273 89 0
53 57 0 16 0 0 0
53 58 0 24 -267 82 0
53 59 0 34 0 0 0
53 60 0 47 -263 76 0
53 61 0 61 0 0 0
53 62 0 76 -262 68 0
53 63 0 90 0 0 0
53 64 0 104 -262 61 0
53 65 0 115 0 0 0
53 66 0 124 -270 51 -1
53 67 0 129 0 0 0
53 68 0 131 -274 46 0
53 69 0 128 0 0 0
53 70 0 121 -300 13 -2
53 71 0 107 -294 11 -1
53 72 0 92 -298 12 1
53 73 0 0 -305 1 0
54 2 0 0 -35 3 8
54 3 0 0 -36 31 0
54 4 0 0 -30 43 -1
54 5 0 0 -37 74 -3
54 6 0 0 -29 88 -2
54 7 0 0 -43 118 -4
54 8 0 0 -31 138 -3
54 9 0 0 -49 167 -5
54 10 0 0 -34 193 -4
54 11 0 0 -55 221 -5
54 12 0 0 -42 251 -4
54 13 0 0 -66 281 -6
54 14 0 0 -55 317 -5
54 15 0 0 -85 348 -6
54 16 0 0 -87 393 -5
54 17 0 0 -127 433 -10
54 18 0 0 -158 507 -10
54 19 0 0 -249 571 -22
54 20 0 0 -434 624 -20
54 21 0 0 -550 537 -31
54 22 0 0 -555 418 -26
54 23 0 0 -563 304 -5
54 52 0 1 0 0 0
54 53 0 2 0 0 0
54 54 0 4 0 0 0
54 55 0 6 0 0 0
54 56 0 11 0 0 0
54 57 0 18 0 0 0
54 58 0 27 0 0 0
54 59 0 39 0 0 0
54 60 0 55 0 0 0
54 61 0 72 0 0 0
54 62 0 90 0 0 0
54 63 0 109 0 0 0
54 64 0 127 0 0 0
54 65 0 143 0 0 0
54 66 0 157 0 0 0
54 67 0 167 0 0 0
54 68 0 173 0 0 0
54 69 0 173 0 0 0
54 70 0 166 -294 32 0
54 71 0 148 -284 24 0
54 72 0 129 -278 0 0
54 73 0 0 -297 0 0
55 2 0 0 -50 5 -4
55 3 0 0 -63 38 1
55 4 0 0 -54 44 -2
55 5 0 0 -61 81 -3
55 6 0 0 -51 89 -5
55 7 0 0 -69 127 -5
55 8 0 0 -51 137 -5
55 9 0 0 -75 175 -5
55 10 0 0 -55 186 -5
55 11 0 0 -84 228 -4
55 12 0 0 -65 242 -7
55 13 0 0 -99 285 -4
55 14 0 0 -82 305 -9
55 15 0 0 -125 350 -5
55 16 0 0 -115 379 -10
55 17 0 0 -175 417 -9
55 18 0 0 -199 463 -5
55 19 0 0 -295 527 -16
55 20 0 0 -331 512 -12
55 21 0 0 -455 487 -21
55 22 0 0 -459 411 -18
55 23 0 0 -501 368 -8
55 25 0 0 -542 281 -6
55 27 0 0 -521 224 -2
55 28 0 0 -497 195 -1
55 30 0 0 -472 171 0
55 32 0 0 -450 158 0
55 34 0 0 -429 148 0
55 36 0 0 -409 143 0
55 38 0 0 -390 138 0
55 41 0 0 -372 135 0
55 43 0 0 -354 132 0
55 45 0 0 -338 129 0
55 47 0 0 -322 126 0
55 48 0 0 -308 122 0
55 50 0 0 -295 117 0
55 52 0 1 -284 111 0
55 53 0 2 0 0 0
55 54 0 4 -274 104 0
55 55 0 7 0 0 0
55 56 0 12 -266 96 0
55 57 0 20 0 0 0
55 58 0 30 -259 88 0
55 59 0 44 0 0 0
55 60 0 61 -255 79 0
55 61 0 81 0 0 0
55 62 0 103 -253 69 0
55 63 0 126 0 0 0
55 64 0 149 -253 58 0
55 65 0 171 0 0 0
55 66 0 191 -260 46 0
55 67 0 207 0 0 0
55 68 0 219 -260 35 0
55 69 0 223 0 0 0
55 70 0 218 -283 4 -2
55 71 0 197 -277 3 0
55 72 0 173 -281 12 2
55 73 0 0 -286 2 3
56 2 0 0 -58 7 -3
56 3 0 0 -79 22 0
56 52 0 1 0 0 0
56 53 0 2 0 0 0
56 54 0 4 0 0 0
56 55 0 7 0 0 0
56 56 0 13 0 0 0
56 57 0 21 0 0 0
56 58 0 32 0 0 0
56 59 0 46 0 0 0
56 60 0 66 0 0 0
56 61 0 88 0 0 0
56 62 0 112 0 0 0
56 63 0 139 0 0 0
56 64 0 168 0 0 0
56 65 0 196 0 0 0
56 66 0 224 0 0 0
56 67 0 248 0 0 0
56 68 0 266 0 0 0
56 69 0 276 0 0 0
56 70 0 275 -277 28 -3
56 71 0 260 -271 16 0
56 72 0 219 -271 0 0
56 73 0 0 -286 0 -1
57 2 0 0 -94 15 6
57 3 0 0 -111 41 6
57 5 0 0 -93 59 0
57 7 0 0 -100 98 -1
57 8 0 0 -106 142 -2
57 10 0 0 -119 187 -1
57 12 0 0 -137 236 -1
57 14 0 0 -168 290 -3
57 17 0 0 -216 346 -4
57 18 0 0 -292 392 -9
57 21 0 0 -405 391 -13
57 23 0 0 -470 340 -2
57 25 0 0 -486 294 -3
57 27 0 0 -475 242 0
57 28 0 0 -469 214 0
57 30 0 0 -453 191 0
57 32 0 0 -438 177 0
57 34 0 0 -421 167 0
57 36 0 0 -403 161 0
57 38 0 0 -386 156 0
57 41 0 0 -368 152 0
57 43 0 0 -351 149 0
57 45 0 0 -334 145 0
57 47 0 0 -318 141 0
57 48 0 0 -303 136 0
57 50 0 0 -289 129 0
57 52 0 1 -277 122 0
57 53 0 2 0 0 0
57 54 0 4 -266 113 0
57 55 0 7 0 0 0
57 56 0 13 -257 104 0
57 57 0 21 0 0 0
57 58 0 32 -249 93 0
57 59 0 47 0 0 0
57 60 0 67 -244 82 0
57 61 0 91 0 0 0
57 62 0 118 0 0 0
57 63 0 149 -242 69 0
57 64 0 182 -241 56 0
57 65 0 216 0 0 0
57 66 0 251 -246 41 0
57 67 0 283 0 0 0
57 68 0 309 -247 25 0
57 69 0 325 0 0 0
57 70 0 327 -264 4 -5
57 71 0 313 -260 -9 0
57 72 0 261 -272 8 2
57 73 0 0 -274 2 2
58 2 0 0 -123 19 1
58 3 0 0 -122 16 3
58 52 0 1 0 0 0
58 53 0 2 0 0 0
58 54 0 4 0 0 0
58 55 0 7 0 0 0
58 56 0 12 0 0 0
58 57 0 20 0 0 0
58 58 0 31 0 0 0
58 59 0 46 0 0 0
58 60 0 66 0 0 0
58 61 0 91 0 0 0
58 62 0 119 0 0 0
58 63 0 153 0 0 0
58 64 0 190 0 0 0
58 65 0 230 0 0 0
58 66 0 271 0 0 0
58 67 0 310 0 0 0
58 68 0 342 0 0 0
58 69 0 364 0 0 0
58 70 0 371 -265 20 -4
58 71 0 360 -270 3 0
58 72 0 331 -271 -6 -1
58 73 0 0 -283 1 0
59 2 0 0 -138 29 8
59 3 0 0 -153 46 5
59 5 0 0 -128 60 1
59 7 0 0 -133 94 0
59 8 0 0 -142 135 -1
59 10 0 0 -154 176 -2
59 12 0 0 -173 219 -2
59 14 0 0 -199 262 -2
59 16 0 0 -238 301 -4
59 18 0 0 -291 333 -1
59 21 0 0 -354 328 -2
59 23 0 0 -404 301 -4
59 25 0 0 -439 266 -1
59 27 0 0 -445 239 0
59 28 0 0 -446 219 0
59 30 0 0 -437 202 0
59 32 0 0 -427 191 0
59 34 0 0 -413 183 0
59 36 0 0 -398 177 0
59 38 0 0 -382 173 0
59 41 0 0 -365 170 0
59 43 0 0 -347 166 0
59 45 0 0 -330 162 0
59 47 0 0 -313 157 0
59 48 0 0 -296 151 0
59 50 0 0 -282 143 0
59 52 0 1 -268 134 0
59 53 0 2 0 0 0
59 54 0 3 -256 124 0
59 55 0 6 0 0 0
59 56 0 11 -246 113 0
59 57 0 19 0 0 0
59 58 0 29 -237 100 0
59 59 0 43 0 0 0
59 60 0 63 0 0 0
59 61 0 87 -231 87 0
59 62 0 116 0 0 0
59 63 0 151 -227 72 0
59 64 0 190 0 0 0
59 65 0 234 -225 55 0
59 66 0 280 -228 37 0
59 67 0 324 0 0 0
59 68 0 363 -230 13 -1
59 69 0 390 0 0 0
59 70 0 401 -255 -14 0
59 71 0 394 -260 -32 0
59 72 0 370 -307 -2 -5
59 73 0 0 -211 23 -10
60 2 0 0 -164 6 -2
60 3 0 0 -165 10 2
60 16 0 0 -275 257 1
60 18 0 0 -316 278 1
60 20 0 0 -365 285 1
60 22 0 0 -399 275 2
60 24 0 0 -419 256 0
60 52 0 0 0 0 0
60 53 0 1 0 0 0
60 54 0 3 0 0 0
60 55 0 5 0 0 0
60 56 0 10 0 0 0
60 57 0 16 0 0 0
60 58 0 25 0 0 0
60 59 0 38 0 0 0
60 60 0 57 0 0 0
60 61 0 80 0 0 0
60 62 0 109 0 0 0
60 63 0 144 0 0 0
60 64 0 184 0 0 0
60 65 0 229 0 0 0
60 66 0 278 0 0 0
60 67 0 325 0 0 0
60 68 0 367 0 0 0
60 69 0 399 0 0 0
60 70 0 415 -216 -6 -9
60 71 0 413 -217 -41 -7
60 72 0 395 -154 -78 -13
60 73 0 364 -91 -310 19
60 74 0 328 -49 -146 0
60 75 0 184 -30 -112 0
60 76 0 196 -12 -93 -1
60 77 0 217 -8 -77 -1
60 78 0 249 -4 -62 0
60 79 0 291 -4 -53 0
60 80 0 342 -2 -44 0
60 81 0 399 -2 -39 0
60 82 0 458 -1 -33 0
60 83 0 514 -1 -29 0
60 84 0 562 -1 -24 0
60 85 0 596 -1 -21 0
60 86 0 615 0 -18 0
60 87 0 616 0 -16 0
60 88 0 600 0 -13 0
60 89 0 567 0 -11 0
60 90 0 521 0 -10 0
60 91 0 465 0 -8 0
60 92 0 402 0 -7 0
60 93 0 337 0 -5 0
60 94 0 274 0 -4 0
60 95 0 217 0 -2 0
60 96 0 167 0 0 0
60 97 0 0 0 0 0
61 2 0 0 -180 20 8
61 3 0 0 -193 45 5
61 5 0 0 -167 52 2
61 7 0 0 -174 86 2
61 8 0 0 -184 122 0
61 10 0 0 -197 158 1
61 12 0 0 -216 194 1
61 14 0 0 -242 228 1
61 26 0 0 -427 237 1
61 28 0 0 -430 222 0
61 30 0 0 -425 210 0
61 32 0 0 -418 202 0
61 34 0 0 -407 196 0
61 36 0 0 -394 192 0
61 39 0 0 -378 189 0
61 41 0 0 -361 187 0
61 43 0 0 -344 184 0
61 45 0 0 -325 180 0
61 47 0 0 -307 174 0
61 49 0 0 -289 167 0
61 50 0 0 -273 158 0
61 52 0 0 -258 147 0
61 53 0 1 0 0 0
61 54 0 2 -244 135 0
61 55 0 4 0 0 0
61 56 0 8 -233 122 0
61 57 0 14 0 0 0
61 58 0 22 -223 108 0
61 59 0 33 0 0 0
61 60 0 50 0 0 0
61 61 0 72 -216 92 0
61 62 0 99 0 0 0
61 63 0 132 -210 74 0
61 64 0 171 0 0 0
61 65 0 217 -205 55 0
61 66 0 265 -204 31 -1
61 67 0 314 0 0 0
61 68 0 358 -204 7 -5
61 69 0 392 0 0 0
61 70 0 413 -176 -37 -6
61 71 0 418 -163 -60 -8
61 72 0 409 -170 -95 -6
61 73 0 388 -142 -108 -8
61 74 0 365 -92 -127 -6
61 75 0 345 -47 -91 -1
61 76 0 335 -30 -80 0
61 77 0 346 -18 -67 -1
61 78 0 376 -17 -61 0
61 79 0 409 -10 -49 -1
61 80 0 479 -10 -45 0
61 81 0 555 -6 -36 -1
61 82 0 631 -7 -33 0
61 83 0 701 -4 -26 -1
61 84 0 760 -5 -25 0
61 85 0 801 -3 -20 0
61 86 0 823 -3 -19 0
61 87 0 822 -3 -15 0
61 88 0 801 -3 -14 0
61 89 0 759 -2 -11 0
61 90 0 701 -2 -10 0
61 91 0 630 -1 -7 0
61 92 0 550 -2 -7 0
61 93 0 465 -1 -5 0
61 94 0 383 -1 -4 0
61 95 0 306 -1 -2 0
61 96 0 238 -2 -2 0
61 97 0 0 -1 0 0
62 2 0 0 -197 3 -3
62 3 0 0 -204 6 3
62 16 0 0 -293 226 0
62 18 0 0 -323 244 0
62 20 0 0 -356 250 0
62 22 0 0 -383 246 0
62 24 0 0 -404 238 0
62 26 0 0 -414 229 0
62 52 0 0 0 0 0
62 53 0 1 0 0 0
62 54 0 1 0 0 0
62 55 0 3 0 0 0
62 56 0 6 0 0 0
62 57 0 11 0 0 0
62 58 0 18 0 0 0
62 59 0 27 0 0 0
62 60 0 42 0 0 0
62 61 0 62 0 0 0
62 62 0 86 0 0 0
62 63 0 117 0 0 0
62 64 0 154 0 0 0
62 65 0 198 0 0 0
62 66 0 245 0 0 0
62 67 0 293 0 0 0
62 68 0 338 0 0 0
62 69 0 375 0 0 0
62 70 0 401 0 0 0
62 71 0 415 0 0 0
62 72 0 419 0 0 0
62 73 0 414 0 0 0
62 74 0 408 0 0 0
62 75 0 409 -76 -71 -2
62 76 0 424 0 0 0
62 77 0 457 -45 -54 0
62 78 0 509 -28 -43 0
62 79 0 580 0 0 0
62 80 0 668 -18 -32 0
62 81 0 762 0 0 0
62 82 0 856 0 0 0
62 83 0 940 -13 -24 0
62 84 0 1009 0 0 0
62 85 0 1055 -9 -18 0
62 86 0 1077 0 0 0
62 87 0 1074 -7 -14 0
62 88 0 1047 0 0 0
62 89 0 996 -5 -10 0
62 90 0 925 0 0 0
62 91 0 838 -4 -7 0
62 92 0 739 0 0 0
62 93 0 632 -4 -5 0
62 94 0 526 0 0 0
62 95 0 425 -3 -3 0
62 96 0 334 -2 -1 0
62 97 0 0 -2 0 0
63 2 0 0 -218 19 8
63 3 0 0 -229 44 5
63 5 0 0 -200 49 1
63 7 0 0 -207 79 0
63 8 0 0 -216 112 0
63 10 0 0 -228 144 0
63 12 0 0 -245 174 0
63 14 0 0 -266 203 0
63 28 0 0 -419 221 0
63 30 0 0 -418 214 0
63 32 0 0 -412 210 0
63 34 0 0 -403 207 0
63 37 0 0 -391 206 0
63 39 0 0 -376 205 0
63 41 0 0 -359 204 0
63 43 0 0 -341 203 0
63 45 0 0 -319 199 0
63 47 0 0 -300 193 0
63 49 0 0 -280 185 0
63 50 0 0 -262 174 0
63 52 0 0 -246 162 0
63 53 0 0 0 0 0
63 54 0 1 -231 149 0
63 55 0 2 0 0 0
63 56 0 5 -218 134 0
63 57 0 8 0 0 0
63 58 0 14 0 0 0
63 59 0 22 -207 118 0
63 60 0 35 0 0 0
63 61 0 51 -198 100 0
63 62 0 73 0 0 0
63 63 0 101 -190 81 0
63 64 0 135 0 0 0
63 65 0 175 -182 60 0
63 66 0 219 -176 38 0
63 67 0 266 0 0 0
63 68 0 312 -168 8 -2
63 69 0 353 0 0 0
63 70 0 386 -162 -18 -3
63 71 0 412 0 0 0
63 72 0 431 0 0 0
63 73 0 447 -128 -53 -5
63 74 0 465 0 0 0
63 75 0 492 0 0 0
63 76 0 536 0 0 0
63 77 0 600 0 0 0
63 78 0 684 0 0 0
63 79 0 786 0 0 0
63 80 0 904 0 0 0
63 81 0 1024 0 0 0
63 82 0 1139 0 0 0
63 83 0 1239 0 0 0
63 84 0 1317 0 0 0
63 85 0 1367 0 0 0
63 86 0 1388 0 0 0
63 87 0 1381 0 0 0
63 88 0 1346 0 0 0
63 89 0 1286 0 0 0
63 90 0 1202 0 0 0
63 91 0 1097 0 0 0
63 92 0 976 0 0 0
63 93 0 843 0 0 0
63 94 0 709 0 0 0
63 95 0 579 0 0 0
63 96 0 459 -4 -2 0
63 97 0 0 -3 0 0
64 2 0 0 -229 2 -3
64 3 0 0 -240 1 2
64 18 0 0 -338 216 0
64 20 0 0 -364 225 0
64 22 0 0 -384 227 0
64 24 0 0 -400 225 0
64 52 0 0 0 0 0
64 53 0 0 0 0 0
64 54 0 0 0 0 0
64 55 0 1 0 0 0
64 56 0 3 0 0 0
64 57 0 6 0 0 0
64 58 0 10 0 0 0
64 59 0 17 0 0 0
64 60 0 27 0 0 0
64 61 0 42 0 0 0
64 62 0 60 0 0 0
64 63 0 84 0 0 0
64 64 0 114 0 0 0
64 65 0 151 0 0 0
64 66 0 193 0 0 0
64 67 0 238 0 0 0
64 68 0 284 0 0 0
64 69 0 329 0 0 0
64 70 0 372 0 0 0
64 71 0 411 0 0 0
64 72 0 450 -106 -29 0
64 73 0 490 0 0 0
64 74 0 537 0 0 0
64 75 0 599 -70 -40 0
64 76 0 680 0 0 0
64 77 0 782 -49 -36 -1
64 78 0 906 0 0 0
64 79 0 1048 -34 -31 0
64 80 0 1202 0 0 0
64 81 0 1354 -24 -25 0
64 82 0 1492 0 0 0
64 83 0 1607 -18 -20 0
64 84 0 1691 0 0 0
64 85 0 1741 -13 -15 0
64 86 0 1758 0 0 0
64 87 0 1742 -10 -12 0
64 88 0 1698 0 0 0
64 89 0 1626 -8 -9 0
64 90 0 1528 0 0 0
64 91 0 1405 -7 -6 0
64 92 0 1260 0 0 0
64 93 0 1100 -6 -4 0
64 94 0 933 0 0 0
64 95 0 769 -5 -2 0
64 96 0 615 -4 0 0
64 97 0 0 -4 0 1
65 2 0 0 -253 20 8
65 3 0 0 -261 43 4
65 5 0 0 -231 44 1
65 7 0 0 -238 72 1
65 8 0 0 -247 101 0
65 10 0 0 -258 129 0
65 12 0 0 -274 156 0
65 14 0 0 -292 180 0
65 16 0 0 -314 200 0
65 26 0 0 -409 222 0
65 28 0 0 -414 219 0
65 30 0 0 -414 217 0
65 32 0 0 -411 216 0
65 34 0 0 -403 217 0
65 37 0 0 -392 219 0
65 39 0 0 -377 221 0
65 41 0 0 -359 223 0
65 43 0 0 -339 223 0
65 45 0 0 -315 220 0
65 47 0 0 -293 214 0
65 49 0 0 -270 205 0
65 50 0 0 -250 192 0
65 52 0 0 -232 178 0
65 53 0 0 0 0 0
65 54 0 0 -216 163 0
65 55 0 1 0 0 0
65 56 0 2 -202 146 0
65 57 0 4 0 0 0
65 58 0 8 0 0 0
65 59 0 12 -190 128 0
65 60 0 21 0 0 0
65 61 0 33 -179 109 0
65 62 0 48 0 0 0
65 63 0 69 -170 89 0
65 64 0 95 0 0 0
65 65 0 128 -161 68 0
65 66 0 167 -152 46 0
65 67 0 211 0 0 0
65 68 0 259 -142 23 0
65 69 0 310 0 0 0
65 70 0 363 -123 -1 -1
65 71 0 419 0 0 0
65 72 0 481 0 0 0
65 73 0 550 0 0 0
65 74 0 634 0 0 0
65 75 0 738 0 0 0
65 76 0 866 0 0 0
65 77 0 1019 0 0 0
65 78 0 1195 0 0 0
65 79 0 1388 0 0 0
65 80 0 1589 0 0 0
65 81 0 1779 0 0 0
65 82 0 1945 0 0 0
65 83 0 2075 0 0 0
65 84 0 2163 0 0 0
65 85 0 2209 0 0 0
65 86 0 2215 0 0 0
65 87 0 2188 0 0 0
65 88 0 2131 0 0 0
65 89 0 2044 0 0 0
65 90 0 1928 0 0 0
65 91 0 1782 0 0 0
65 92 0 1609 0 0 0
65 93 0 1414 0 0 0
65 94 0 1208 0 0 0
65 95 0 1001 0 0 0
65 96 0 805 -6 -2 0
65 97 0 0 -5 0 -1
66 2 0 0 -259 2 -3
66 3 0 0 -272 -1 1
66 52 0 0 0 0 0
66 53 0 0 0 0 0
66 54 0 0 0 0 0
66 55 0 0 0 0 0
66 56 0 1 0 0 0
66 57 0 3 0 0 0
66 58 0 5 0 0 0
66 59 0 9 0 0 0
66 60 0 15 0 0 0
66 61 0 25 0 0 0
66 62 0 38 0 0 0
66 63 0 55 0 0 0
66 64 0 78 0 0 0
66 65 0 108 0 0 0
66 66 0 145 0 0 0
66 67 0 188 0 0 0
66 68 0 239 0 0 0
66 69 0 297 -119 33 0
66 70 0 362 0 0 0
66 71 0 438 -107 14 0
66 72 0 527 0 0 0
66 73 0 631 -91 -5 0
66 74 0 760 0 0 0
66 75 0 916 -68 -15 0
66 76 0 1104 0 0 0
66 77 0 1324 -51 -18 0
66 78 0 1568 0 0 0
66 79 0 1829 -38 -18 0
66 80 0 2093 0 0 0
66 81 0 2334 -28 -16 0
66 82 0 2534 0 0 0
66 83 0 2683 -22 -14 0
66 84 0 2773 0 0 0
66 85 0 2809 -17 -11 0
66 86 0 2799 0 0 0
66 87 0 2752 -13 -9 0
66 88 0 2675 0 0 0
66 89 0 2567 -11 -7 0
66 90 0 2428 0 0 0
66 91 0 2253 -9 -5 0
66 92 0 2044 0 0 0
66 93 0 1806 -8 -3 0
66 94 0 1552 0 0 0
66 95 0 1293 -7 -2 0
66 96 0 1044 -6 0 0
66 97 0 0 -6 0 2
67 2 0 0 -284 22 9
67 3 0 0 -290 43 4
67 5 0 0 -259 40 1
67 7 0 0 -266 65 0
67 8 0 0 -273 92 0
67 10 0 0 -283 117 0
67 12 0 0 -296 141 0
67 14 0 0 -312 162 0
67 16 0 0 -330 180 0
67 18 0 0 -349 195 0
67 20 0 0 -368 204 0
67 22 0 0 -385 210 0
67 24 0 0 -399 213 0
67 26 0 0 -408 214 0
67 28 0 0 -414 215 0
67 30 0 0 -415 218 0
67 32 0 0 -413 221 0
67 35 0 0 -406 226 0
67 37 0 0 -395 231 0
67 39 0 0 -381 238 0
67 41 0 0 -360 243 0
67 43 0 0 -338 247 0
67 45 0 0 -309 245 0
67 47 0 0 -284 238 0
67 49 0 0 -258 227 0
67 50 0 0 -236 213 0
67 52 0 0 -216 197 0
67 53 0 0 0 0 0
67 54 0 0 -199 179 0
67 55 0 0 0 0 0
67 56 0 1 -184 160 0
67 57 0 2 0 0 0
67 58 0 3 0 0 0
67 59 0 6 -170 140 0
67 60 0 11 0 0 0
67 61 0 19 -159 120 0
67 62 0 29 0 0 0
67 63 0 44 -149 99 0
67 64 0 63 0 0 0
67 65 0 91 -139 77 0
67 66 0 126 0 0 0
67 67 0 170 -130 56 0
67 68 0 224 0 0 0
67 69 0 290 0 0 0
67 70 0 369 0 0 0
67 71 0 466 0 0 0
67 72 0 585 0 0 0
67 73 0 729 0 0 0
67 74 0 910 0 0 0
67 75 0 1130 0 0 0
67 76 0 1393 0 0 0
67 77 0 1697 0 0 0
67 78 0 2030 0 0 0
67 79 0 2381 0 0 0
67 80 0 2727 0 0 0
67 81 0 3035 0 0 0
67 82 0 3283 0 0 0
67 83 0 3455 0 0 0
67 84 0 3548 0 0 0
67 85 0 3570 0 0 0
67 86 0 3537 0 0 0
67 87 0 3464 0 0 0
67 88 0 3359 0 0 0
67 89 0 3221 0 0 0
67 90 0 3046 0 0 0
67 91 0 2830 0 0 0
67 92 0 2572 0 0 0
67 93 0 2278 0 0 0
67 94 0 1963 0 0 0
67 95 0 1639 0 0 0
67 96 0 1325 -7 -2 0
67 97 0 0 -7 0 -2
68 2 0 0 -286 3 -3
68 3 0 0 -300 -4 1
68 52 0 0 0 0 0
68 53 0 0 0 0 0
68 54 0 0 0 0 0
68 55 0 0 0 0 0
68 56 0 0 0 0 0
68 57 0 1 0 0 0
68 58 0 2 0 0 0
68 59 0 4 0 0 0
68 60 0 8 0 0 0
68 61 0 14 0 0 0
68 62 0 22 0 0 0
68 63 0 35 0 0 0
68 64 0 52 0 0 0
68 65 0 77 0 0 0
68 66 0 112 0 0 0
68 67 0 157 0 0 0
68 68 0 215 0 0 0
68 69 0 290 -99 45 0
68 70 0 385 0 0 0
68 71 0 506 -87 26 0
68 72 0 658 0 0 0
68 73 0 848 -75 10 0
68 74 0 1089 0 0 0
68 75 0 1386 -59 0 0
68 76 0 1741 0 0 0
68 77 0 2150 -48 -5 0
68 78 0 2597 0 0 0
68 79 0 3063 -37 -8 0
68 80 0 3518 0 0 0
68 81 0 3917 -29 -8 0
68 82 0 4229 0 0 0
68 83 0 4436 -23 -8 0
68 84 0 4538 0 0 0
68 85 0 4549 -18 -7 0
68 86 0 4493 0 0 0
68 87 0 4390 -15 -6 0
68 88 0 4251 0 0 0
68 89 0 4072 -12 -5 0
68 90 0 3849 0 0 0
68 91 0 3576 -10 -3 0
68 92 0 3252 0 0 0
68 93 0 2881 -9 -2 0
68 94 0 2484 0 0 0
68 95 0 2074 -8 -1 0
68 96 0 1674 -8 0 0
68 97 0 0 -8 0 2
69 2 0 0 -313 23 9
69 3 0 0 -316 42 4
69 5 0 0 -284 36 1
69 7 0 0 -291 59 0
69 8 0 0 -298 83 0
69 10 0 0 -307 106 0
69 12 0 0 -318 127 0
69 14 0 0 -331 147 0
69 16 0 0 -346 163 0
69 18 0 0 -362 177 0
69 20 0 0 -378 188 0
69 22 0 0 -392 196 0
69 24 0 0 -404 202 0
69 26 0 0 -412 207 0
69 28 0 0 -418 212 0
69 31 0 0 -420 218 0
69 33 0 0 -419 225 0
69 35 0 0 -414 234 0
69 37 0 0 -404 243 0
69 39 0 0 -389 256 0
69 41 0 0 -369 265 0
69 43 0 0 -341 274 0
69 45 0 0 -305 274 0
69 47 0 0 -276 264 0
69 49 0 0 -245 252 0
69 51 0 0 -220 235 0
69 52 0 0 -198 216 0
69 53 0 0 0 0 0
69 54 0 0 -180 195 0
69 55 0 0 0 0 0
69 56 0 0 -163 174 0
69 57 0 0 0 0 0
69 58 0 1 -150 153 0
69 59 0 2 0 0 0
69 60 0 5 0 0 0
69 61 0 10 -138 131 0
69 62 0 17 0 0 0
69 63 0 28 -127 109 0
69 64 0 43 0 0 0
69 65 0 68 -118 87 0
69 66 0 103 0 0 0
69 67 0 150 -108 66 0
69 68 0 213 0 0 0
69 69 0 298 0 0 0
69 70 0 409 0 0 0
69 71 0 556 0 0 0
69 72 0 745 0 0 0
69 73 0 987 0 0 0
69 74 0 1299 0 0 0
69 75 0 1685 0 0 0
69 76 0 2150 0 0 0
69 77 0 2687 0 0 0
69 78 0 3276 0 0 0
69 79 0 3889 0 0 0
69 80 0 4486 0 0 0
69 81 0 5005 0 0 0
69 82 0 5405 0 0 0
69 83 0 5665 0 0 0
69 84 0 5785 0 0 0
69 85 0 5789 0 0 0
69 86 0 5711 0 0 0
69 87 0 5574 0 0 0
69 88 0 5391 0 0 0
69 89 0 5159 0 0 0
69 90 0 4868 0 0 0
69 91 0 4515 0 0 0
69 92 0 4098 0 0 0
69 93 0 3625 0 0 0
69 94 0 3119 0 0 0
69 95 0 2598 0 0 0
69 96 0 2090 -9 -2 0
69 97 0 0 -8 0 -2
70 2 0 0 -311 3 -3
70 3 0 0 -326 -6 1
70 52 0 0 0 0 0
70 53 0 0 0 0 0
70 54 0 0 0 0 0
70 55 0 0 0 0 0
70 56 0 0 0 0 0
70 57 0 0 0 0 0
70 58 0 0 0 0 0
70 59 0 1 0 0 0
70 60 0 3 0 0 0
70 61 0 8 0 0 0
70 62 0 14 0 0 0
70 63 0 24 0 0 0
70 64 0 38 0 0 0
70 65 0 62 0 0 0
70 66 0 98 0 0 0
70 67 0 147 0 0 0
70 68 0 216 0 0 0
70 69 0 313 0 0 0
70 70 0 442 -72 37 0
70 71 0 616 0 0 0
70 72 0 846 0 0 0
70 73 0 1144 -63 21 0
70 74 0 1534 0 0 0
70 75 0 2022 -52 11 0
70 76 0 2614 0 0 0
70 77 0 3303 -43 4 0
70 78 0 4066 0 0 0
70 79 0 4864 -35 0 0
70 80 0 5641 0 0 0
70 81 0 6317 -28 -1 0
70 82 0 6839 0 0 0
70 83 0 7175 -23 -3 0
70 84 0 7334 0 0 0
70 85 0 7348 -19 -3 0
70 86 0 7258 0 0 0
70 87 0 7094 -15 -3 0
70 88 0 6866 0 0 0
70 89 0 6569 -13 -2 0
70 90 0 6191 0 0 0
70 91 0 5729 -11 -2 0
70 92 0 5187 0 0 0
70 93 0 4576 -10 -1 0
70 94 0 3923 0 0 0
70 95 0 3254 -9 -1 0
70 96 0 2601 -9 0 0
70 97 0 0 -9 0 2
71 2 0 0 -340 24 9
71 3 0 0 -340 41 4
71 5 0 0 -307 33 1
71 7 0 0 -314 54 0
71 8 0 0 -320 76 0
71 10 0 0 -328 96 0
71 12 0 0 -337 116 0
71 14 0 0 -349 134 0
71 16 0 0 -361 150 0
71 18 0 0 -374 163 0
71 20 0 0 -387 175 0
71 22 0 0 -400 184 0
71 24 0 0 -410 192 0
71 26 0 0 -419 200 0
71 29 0 0 -425 208 0
71 31 0 0 -428 217 0
71 33 0 0 -429 227 0
71 35 0 0 -426 241 0
71 37 0 0 -415 255 0
71 39 0 0 -403 273 0
71 41 0 0 -376 291 0
71 43 0 0 -348 307 0
71 45 0 0 -297 309 0
71 47 0 0 -263 298 0
71 49 0 0 -227 282 0
71 51 0 0 -199 260 0
71 53 0 0 -176 238 0
71 54 0 0 -157 213 0
71 56 0 0 -141 190 0
71 57 0 0 0 0 0
71 58 0 0 -127 166 0
71 59 0 0 0 0 0
71 60 0 2 -116 143 0
71 61 0 6 0 0 0
71 62 0 11 -104 119 0
71 63 0 21 0 0 0
71 64 0 35 -95 96 0
71 65 0 60 0 0 0
71 66 0 97 -87 74 0
71 67 0 151 0 0 0
71 68 0 228 -80 53 0
71 69 0 337 0 0 0
71 70 0 487 0 0 0
71 71 0 692 0 0 0
71 72 0 965 0 0 0
71 73 0 1326 0 0 0
71 74 0 1803 0 0 0
71 75 0 2404 0 0 0
71 76 0 3142 0 0 0
71 77 0 4010 0 0 0
71 78 0 4982 0 0 0
71 79 0 6008 0 0 0
71 80 0 7017 0 0 0
71 81 0 7903 0 0 0
71 82 0 8592 0 0 0
71 83 0 9047 0 0 0
71 84 0 9274 0 0 0
71 85 0 9316 0 0 0
71 86 0 9223 0 0 0
71 87 0 9026 0 0 0
71 88 0 8738 0 0 0
71 89 0 8349 0 0 0
71 90 0 7851 0 0 0
71 91 0 7245 0 0 0
71 92 0 6539 0 0 0
71 93 0 5751 0 0 0
71 94 0 4911 0 0 0
71 95 0 4053 0 0 0
71 96 0 3220 -9 -1 0
71 97 0 0 -9 0 -2
72 2 0 0 -334 3 -3
72 3 0 0 -350 -9 0
72 56 0 0 0 0 0
72 57 0 0 0 0 0
72 58 0 0 0 0 0
72 59 0 0 0 0 0
72 60 0 2 0 0 0
72 61 0 5 0 0 0
72 62 0 11 0 0 0
72 63 0 21 0 0 0
72 64 0 35 0 0 0
72 65 0 61 0 0 0
72 66 0 102 0 0 0
72 67 0 162 0 0 0
72 68 0 248 0 0 0
72 69 0 373 0 0 0
72 70 0 547 0 0 0
72 71 0 787 0 0 0
72 72 0 1113 -50 29 0
72 73 0 1546 0 0 0
72 74 0 2122 -43 19 0
72 75 0 2853 0 0 0
72 76 0 3757 -37 11 0
72 77 0 4830 0 0 0
72 78 0 6045 0 0 0
72 79 0 7342 -30 6 0
72 80 0 8631 0 0 0
72 81 0 9779 -26 3 0
72 82 0 10687 0 0 0
72 83 0 11303 -21 1 0
72 84 0 11634 0 0 0
72 85 0 11728 -18 0 0
72 86 0 11642 0 0 0
72 87 0 11408 -15 0 0
72 88 0 11040 0 0 0
72 89 0 10532 -13 0 0
72 90 0 9878 0 0 0
72 91 0 9088 -11 0 0
72 92 0 8176 0 0 0
72 93 0 7166 -10 0 0
72 94 0 6095 0 0 0
72 95 0 5003 -10 0 0
72 96 0 3946 -10 1 0
72 97 0 0 -9 0 2
73 2 0 0 -365 25 10
73 3 0 0 -363 40 4
73 5 0 0 -328 30 0
73 7 0 0 -335 49 0
73 8 0 0 -340 69 0
73 10 0 0 -347 88 0
73 12 0 0 -355 106 0
73 14 0 0 -365 123 0
73 16 0 0 -376 138 0
73 18 0 0 -387 151 0
73 20 0 0 -398 163 0
73 22 0 0 -409 173 0
73 24 0 0 -419 183 0
73 26 0 0 -428 193 0
73 29 0 0 -435 202 0
73 31 0 0 -440 214 0
73 33 0 0 -442 227 0
73 35 0 0 -443 245 0
73 37 0 0 -438 263 0
73 39 0 0 -426 294 0
73 41 0 0 -401 319 0
73 43 0 0 -361 352 -2
73 45 0 0 -295 355 -1
73 47 0 0 -250 334 -1
73 49 0 0 -208 314 -1
73 51 0 0 -177 285 0
73 53 0 0 -151 258 0
73 54 0 0 -132 230 0
73 56 0 0 -116 204 0
73 57 0 0 0 0 0
73 58 0 0 -103 178 0
73 59 0 0 0 0 0
73 60 0 2 -91 154 0
73 61 0 5 0 0 0
73 62 0 11 0 0 0
73 63 0 22 -80 129 0
73 64 0 38 0 0 0
73 65 0 66 -72 104 0
73 66 0 112 0 0 0
73 67 0 179 -65 81 0
73 68 0 277 -62 61 0
73 69 0 422 0 0 0
73 70 0 625 -56 44 0
73 71 0 907 0 0 0
73 72 0 1293 0 0 0
73 73 0 1809 0 0 0
73 74 0 2496 0 0 0
73 75 0 3371 0 0 0
73 76 0 4458 0 0 0
73 77 0 5760 0 0 0
73 78 0 7248 0 0 0
73 79 0 8856 0 0 0
73 80 0 10476 0 0 0
73 81 0 11946 0 0 0
73 82 0 13140 0 0 0
73 83 0 13984 0 0 0
73 84 0 14474 0 0 0
73 85 0 14657 0 0 0
73 86 0 14588 0 0 0
73 87 0 14306 0 0 0
73 88 0 13827 0 0 0
73 89 0 13154 0 0 0
73 90 0 12293 0 0 0
73 91 0 11265 0 0 0
73 92 0 10096 0 0 0
73 93 0 8814 0 0 0
73 94 0 7464 0 0 0
73 95 0 6096 0 0 0
73 96 0 4778 -10 -1 0
73 97 0 0 -10 0 -2
74 2 0 0 -355 4 -3
74 3 0 0 -372 -12 -1
74 36 0 0 -459 272 0
74 38 0 0 -460 308 1
74 40 0 0 -427 352 1
74 42 0 0 -382 406 2
74 56 0 0 0 0 0
74 57 0 0 0 0 0
74 58 0 0 0 0 0
74 59 0 0 0 0 0
74 60 0 2 0 0 0
74 61 0 5 0 0 0
74 62 0 11 0 0 0
74 63 0 24 0 0 0
74 64 0 42 0 0 0
74 65 0 74 -47 111 0
74 66 0 126 0 0 0
74 67 0 203 -43 86 0
74 68 0 317 0 0 0
74 69 0 486 -42 65 0
74 70 0 726 0 0 0
74 71 0 1060 0 0 0
74 72 0 1521 0 0 0
74 73 0 2137 0 0 0
74 74 0 2955 -34 24 0
74 75 0 3994 0 0 0
74 76 0 5283 -30 16 0
74 77 0 6832 0 0 0
74 78 0 8616 -26 11 0
74 79 0 10568 0 0 0
74 80 0 12572 0 0 0
74 81 0 14440 -23 7 0
74 82 0 16011 0 0 0
74 83 0 17175 -19 4 0
74 84 0 17899 0 0 0
74 85 0 18213 -17 2 0
74 86 0 18171 0 0 0
74 87 0 17813 -15 1 0
74 88 0 17174 0 0 0
74 89 0 16269 -13 0 0
74 90 0 15127 0 0 0
74 91 0 13787 -11 0 0
74 92 0 12289 0 0 0
74 93 0 10674 -10 0 0
74 94 0 8994 0 0 0
74 95 0 7308 -10 0 0
74 96 0 5699 -10 1 0
74 97 0 0 -10 0 2
75 2 0 0 -387 25 10
75 3 0 0 -383 39 4
75 5 0 0 -348 28 0
75 7 0 0 -354 45 0
75 8 0 0 -359 64 0
75 10 0 0 -365 81 0
75 12 0 0 -372 98 0
75 14 0 0 -380 113 0
75 16 0 0 -390 128 0
75 18 0 0 -400 141 0
75 20 0 0 -410 152 0
75 22 0 0 -420 163 0
75 24 0 0 -430 174 0
75 26 0 0 -439 184 0
75 29 0 0 -447 196 0
75 31 0 0 -455 209 0
75 33 0 0 -459 225 0
75 35 0 0 -464 247 0
75 45 0 0 -270 418 4
75 47 0 0 -222 386 1
75 49 0 0 -173 355 0
75 51 0 0 -142 317 0
75 53 0 0 -119 282 0
75 54 0 0 -102 249 0
75 56 0 0 -88 219 0
75 57 0 0 0 0 0
75 58 0 0 -76 191 0
75 59 0 0 0 0 0
75 60 0 2 0 0 0
75 61 0 5 -66 165 1
75 62 0 13 0 0 0
75 63 0 26 -54 137 0
75 64 0 48 0 0 0
75 65 0 84 0 0 0
75 66 0 144 0 0 0
75 67 0 234 0 0 0
75 68 0 368 0 0 0
75 69 0 568 0 0 0
75 70 0 854 -40 48 0
75 71 0 1255 0 0 0
75 72 0 1812 -38 34 0
75 73 0 2555 0 0 0
75 74 0 3532 0 0 0
75 75 0 4764 0 0 0
75 76 0 6279 0 0 0
75 77 0 8096 0 0 0
75 78 0 10200 0 0 0
75 79 0 12532 0 0 0
75 80 0 14981 0 0 0
75 81 0 17332 0 0 0
75 82 0 19382 0 0 0
75 83 0 20963 0 0 0
75 84 0 21991 0 0 0
75 85 0 22465 0 0 0
75 86 0 22435 0 0 0
75 87 0 21958 0 0 0
75 88 0 21088 0 0 0
75 89 0 19867 0 0 0
75 90 0 18348 0 0 0
75 91 0 16600 0 0 0
75 92 0 14688 0 0 0
75 93 0 12672 0 0 0
75 94 0 10615 0 0 0
75 95 0 8583 0 0 0
75 96 0 6666 -10 -1 0
75 97 0 0 -10 0 -2
76 2 0 0 -374 5 -3
76 3 0 0 -391 -13 -1
76 35 0 0 -492 241 0
76 36 0 0 -500 267 0
76 38 0 0 -512 330 -1
76 40 0 0 -496 380 -5
76 43 0 0 -429 497 3
76 45 0 0 -283 518 9
76 60 0 2 0 0 0
76 61 0 6 0 0 0
76 62 0 14 0 0 0
76 63 0 30 -27 148 0
76 64 0 56 0 0 0
76 65 0 97 -22 114 1
76 66 0 167 0 0 0
76 67 0 272 -18 86 1
76 68 0 432 0 0 0
76 69 0 669 -24 64 0
76 70 0 1014 0 0 0
76 71 0 1501 0 0 0
76 72 0 2179 0 0 0
76 73 0 3081 0 0 0
76 74 0 4255 -25 26 0
76 75 0 5718 0 0 0
76 76 0 7495 -23 19 0
76 77 0 9618 0 0 0
76 78 0 12083 -21 13 0
76 79 0 14856 0 0 0
76 80 0 17836 -19 9 0
76 81 0 20789 0 0 0
76 82 0 23449 0 0 0
76 83 0 25549 -17 6 0
76 84 0 26924 0 0 0
76 85 0 27544 -15 4 0
76 86 0 27475 0 0 0
76 87 0 26805 -13 3 0
76 88 0 25621 0 0 0
76 89 0 23988 -12 2 0
76 90 0 21987 0 0 0
76 91 0 19720 -11 1 0
76 92 0 17289 0 0 0
76 93 0 14787 -10 0 0
76 94 0 12299 0 0 0
76 95 0 9896 -9 0 0
76 96 0 7668 -10 1 0
76 97 0 0 -10 0 2
77 2 0 0 -407 26 10
77 3 0 0 -402 38 4
77 5 0 0 -366 26 0
77 7 0 0 -371 42 0
77 8 0 0 -376 59 0
77 10 0 0 -381 75 0
77 12 0 0 -387 90 0
77 14 0 0 -394 105 0
77 16 0 0 -403 118 0
77 18 0 0 -411 131 0
77 20 0 0 -421 142 0
77 22 0 0 -431 154 0
77 24 0 0 -440 164 0
77 26 0 0 -450 175 0
77 29 0 0 -460 187 0
77 31 0 0 -470 201 0
77 33 0 0 -479 217 0
77 47 0 0 -191 429 6
77 49 0 0 -143 388 4
77 51 0 0 -107 336 2
77 53 0 0 -86 296 0
77 55 0 0 -70 259 0
77 57 0 0 -59 228 0
77 58 0 0 -48 199 0
77 60 0 3 0 0 0
77 61 0 6 -38 174 -2
77 62 0 16 0 0 0
77 63 0 34 0 0 0
77 64 0 65 0 0 0
77 65 0 112 0 0 0
77 66 0 193 0 0 0
77 67 0 317 0 0 0
77 68 0 506 0 0 0
77 69 0 787 0 0 0
77 70 0 1200 -25 49 0
77 71 0 1786 0 0 0
77 72 0 2606 -26 36 0
77 73 0 3695 0 0 0
77 74 0 5099 0 0 0
77 75 0 6834 0 0 0
77 76 0 8924 0 0 0
77 77 0 11416 0 0 0
77 78 0 14323 0 0 0
77 79 0 17646 0 0 0
77 80 0 21317 0 0 0
77 81 0 25080 0 0 0
77 82 0 28550 0 0 0
77 83 0 31277 0 0 0
77 84 0 32980 0 0 0
77 85 0 33642 0 0 0
77 86 0 33403 0 0 0
77 87 0 32414 0 0 0
77 88 0 30799 0 0 0
77 89 0 28638 0 0 0
77 90 0 26035 0 0 0
77 91 0 23124 0 0 0
77 92 0 20051 0 0 0
77 93 0 16967 0 0 0
77 94 0 13996 0 0 0
77 95 0 11210 0 0 0
77 96 0 8680 -10 -1 0
77 97 0 0 -9 0 -2
78 2 0 0 -399 -28 -33
78 3 0 0 -409 -14 -1
78 35 0 0 -518 227 1
78 36 0 0 -539 250 -1
78 38 0 0 -569 301 -1
78 40 0 0 -574 352 0
78 41 0 0 -528 437 6
78 42 0 0 -511 531 21
78 43 0 0 -471 681 13
78 44 0 0 -212 707 19
78 45 0 0 -181 573 9
78 46 0 0 -145 533 6
78 47 0 0 -102 485 1
78 48 0 0 -103 450 3
78 49 0 0 -72 410 2
78 50 0 0 -76 384 2
78 51 0 0 -51 354 3
78 52 0 0 -61 335 3
78 53 0 0 -39 306 4
78 54 0 0 -51 291 3
78 55 0 0 -32 265 4
78 56 0 0 -43 254 3
78 57 0 0 -24 231 4
78 58 0 0 -37 224 4
78 59 0 0 -19 202 5
78 60 0 3 -27 195 4
78 61 0 7 -5 180 2
78 62 0 18 -21 173 3
78 63 0 38 10 150 0
78 64 0 74 -4 130 4
78 65 0 129 19 99 5
78 66 0 221 0 0 0
78 67 0 366 6 81 2
78 68 0 587 0 0 0
78 69 0 915 -5 59 0
78 70 0 1401 -11 46 0
78 71 0 2092 0 0 0
78 72 0 3061 0 0 0
78 73 0 4348 0 0 0
78 74 0 6003 0 0 0
78 75 0 8052 0 0 0
78 76 0 10531 -17 20 0
78 77 0 13507 0 0 0
78 78 0 17023 -17 15 0
78 79 0 21128 0 0 0
78 80 0 25803 -16 11 0
78 81 0 30751 0 0 0
78 82 0 35337 0 0 0
78 83 0 38759 -14 8 0
78 84 0 40613 0 0 0
78 85 0 41039 -13 6 0
78 86 0 40368 0 0 0
78 87 0 38851 -12 4 0
78 88 0 36650 0 0 0
78 89 0 33845 -11 3 0
78 90 0 30537 0 0 0
78 91 0 26861 -10 2 0
78 92 0 23006 0 0 0
78 93 0 19215 -9 1 0
78 94 0 15691 0 0 0
78 95 0 12512 -9 0 0
78 96 0 9698 -9 1 0
78 97 0 0 -9 0 0
79 2 0 0 -426 27 10
79 3 0 0 -420 38 4
79 5 0 0 -382 24 0
79 7 0 0 -388 39 0
79 8 0 0 -392 55 0
79 10 0 0 -396 70 0
79 12 0 0 -402 84 0
79 14 0 0 -409 98 0
79 16 0 0 -416 110 0
79 18 0 0 -424 122 0
79 20 0 0 -433 133 0
79 22 0 0 -442 144 0
79 24 0 0 -452 154 0
79 26 0 0 -462 165 0
79 28 0 0 -473 176 0
79 31 0 0 -486 190 0
79 33 0 0 -500 204 0
79 40 0 0 -663 291 -12
79 41 0 0 -656 423 -15
79 42 0 0 -691 497 -2
79 43 0 0 -664 825 -14
79 44 0 0 -167 865 -6
79 45 0 0 -100 641 -13
79 46 0 0 -72 545 -10
79 47 0 0 -57 503 -3
79 48 0 0 -59 450 7
79 49 0 0 -38 415 2
79 50 0 0 -46 379 5
79 51 0 0 -25 351 0
79 52 0 0 -38 327 4
79 53 0 0 -18 303 0
79 54 0 0 -32 284 3
79 55 0 0 -14 264 0
79 56 0 0 -28 248 3
79 57 0 0 -11 230 -1
79 58 0 0 -24 218 3
79 59 0 0 -8 202 -3
79 60 0 2 -19 195 0
79 61 0 4 -5 185 0
79 62 0 19 0 181 0
79 63 0 43 33 161 0
79 64 0 83 33 129 0
79 65 0 144 26 91 4
79 66 0 250 0 0 0
79 67 0 414 0 0 0
79 68 0 666 0 0 0
79 69 0 1040 0 0 0
79 70 0 1592 0 0 0
79 71 0 2379 0 0 0
79 72 0 3483 -15 35 0
79 73 0 4953 0 0 0
79 74 0 6856 -17 27 0
79 75 0 9255 0 0 0
79 76 0 12221 0 0 0
79 77 0 15869 0 0 0
79 78 0 20295 0 0 0
79 79 0 25625 0 0 0
79 80 0 31890 0 0 0
79 81 0 38663 0 0 0
79 82 0 44817 0 0 0
79 83 0 48944 0 0 0
79 84 0 50601 0 0 0
79 85 0 50350 0 0 0
79 86 0 48817 0 0 0
79 87 0 46389 0 0 0
79 88 0 43313 0 0 0
79 89 0 39671 0 0 0
79 90 0 35526 0 0 0
79 91 0 30954 0 0 0
79 92 0 26157 0 0 0
79 93 0 21511 0 0 0
79 94 0 17353 0 0 0
79 95 0 13768 0 0 0
79 96 0 10694 -9 0 0
79 97 0 0 -9 0 -2
80 2 0 0 -409 8 -3
80 3 0 0 -426 -15 -1
80 35 0 0 -541 204 1
80 36 0 0 -573 217 -3
80 38 0 0 -615 264 -11
80 40 0 0 -725 313 -13
80 41 0 0 -745 360 -12
80 42 0 0 -1036 493 -56
80 43 0 0 -1699 918 -96
80 44 0 0 -5 -399 314
80 45 0 0 18 651 -72
80 46 0 0 -8 681 10
80 47 0 0 -7 580 9
80 48 0 0 10 505 9
80 49 0 0 -2 486 10
80 50 0 0 0 448 22
80 51 0 0 -5 381 6
80 52 0 0 1 380 24
80 53 0 0 -4 323 5
80 54 0 0 2 328 24
80 55 0 0 -3 280 6
80 56 0 0 4 287 23
80 57 0 0 -3 247 6
80 58 0 0 5 253 21
80 59 0 0 -3 223 6
80 60 0 0 6 225 15
80 61 0 0 -6 210 5
80 62 0 0 5 212 9
80 63 0 0 25 319 17
80 64 0 91 78 72 1
80 65 0 159 57 79 4
80 66 0 274 0 0 0
80 67 0 456 24 57 2
80 68 0 735 8 46 0
80 69 0 1146 0 0 0
80 70 0 1751 0 0 0
80 71 0 2609 0 0 0
80 72 0 3814 0 0 0
80 73 0 5431 0 0 0
80 74 0 7558 0 0 0
80 75 0 10322 0 0 0
80 76 0 13873 0 0 0
80 77 0 18419 0 0 0
80 78 0 24191 0 0 0
80 79 0 31440 0 0 0
80 80 0 40119 0 0 0
80 81 0 49407 0 0 0
80 82 0 57484 0 0 0
80 83 0 62339 0 0 0
80 84 0 63657 0 0 0
80 85 0 62449 0 0 0
80 86 0 59536 0 0 0
80 87 0 55555 0 0 0
80 88 0 51037 0 0 0
80 89 0 46132 0 0 0
80 90 0 40850 0 0 0
80 91 0 35179 0 0 0
80 92 0 29301 0 0 0
80 93 0 23712 0 0 0
80 94 0 18892 0 0 0
80 95 0 14920 0 0 0
80 96 0 11622 -9 1 0
80 97 0 0 -9 0 2
81 2 0 0 -444 28 9
81 3 0 0 -436 37 4
81 5 0 0 -397 22 0
81 7 0 0 -403 36 0
81 8 0 0 -406 51 0
81 10 0 0 -410 65 0
81 12 0 0 -414 78 0
81 14 0 0 -420 91 0
81 16 0 0 -427 103 0
81 18 0 0 -434 114 0
81 20 0 0 -442 124 0
81 22 0 0 -451 135 0
81 24 0 0 -460 144 0
81 26 0 0 -472 154 0
81 28 0 0 -484 163 0
81 31 0 0 -499 174 0
81 33 0 0 -516 185 0
81 40 0 0 -727 207 -7
81 41 0 0 -790 244 -22
81 42 0 0 -1001 201 -25
81 43 0 0 -1206 55 -11
81 63 0 0 109 -4 14
81 64 0 97 83 49 3
81 65 0 169 50 52 2
81 66 0 293 0 0 0
81 67 0 488 0 0 0
81 68 0 784 0 0 0
81 69 0 1220 0 0 0
81 70 0 1858 -1 38 0
81 71 0 2757 0 0 0
81 72 0 4019 -7 31 0
81 73 0 5735 0 0 0
81 74 0 8040 -10 25 0
81 75 0 11143 0 0 0
81 76 0 15308 -12 19 0
81 77 0 20895 0 0 0
81 78 0 28395 -12 15 0
81 79 0 38240 0 0 0
81 80 0 50077 -12 12 0
81 81 0 62316 0 0 0
81 82 0 72545 0 0 0
81 83 0 78602 -12 9 0
81 84 0 80157 0 0 0
81 85 0 78085 -11 7 0
81 86 0 73284 0 0 0
81 87 0 66966 -10 5 0
81 88 0 60160 0 0 0
81 89 0 53167 -10 4 0
81 90 0 46094 0 0 0
81 91 0 38964 -9 2 0
81 92 0 31931 0 0 0
81 93 0 25486 -9 1 0
81 94 0 20122 0 0 0
81 95 0 15851 -8 1 0
81 96 0 12393 -8 0 0
81 97 0 0 -8 0 -2
82 2 0 0 -425 10 -2
82 3 0 0 -442 -16 -1
82 36 0 0 -591 169 -4
82 38 0 0 -632 188 -3
82 40 0 0 -710 184 -6
82 41 0 0 -730 157 -12
82 42 0 0 -815 68 -6
82 43 0 0 -903 11 0
82 63 0 0 68 0 0
82 64 0 101 55 18 1
82 65 0 176 46 42 0
82 66 0 304 0 0 0
82 67 0 503 0 0 0
82 68 0 807 0 0 0
82 69 0 1252 0 0 0
82 70 0 1901 0 0 0
82 71 0 2812 0 0 0
82 72 0 4097 0 0 0
82 73 0 5869 0 0 0
82 74 0 8304 0 0 0
82 75 0 11684 0 0 0
82 76 0 16385 0 0 0
82 77 0 22925 0 0 0
82 78 0 32082 0 0 0
82 79 0 44540 0 0 0
82 80 0 59740 0 0 0
82 81 0 75425 0 0 0
82 82 0 89043 0 0 0
82 83 0 98482 0 0 0
82 84 0 101841 0 0 0
82 85 0 98473 0 0 0
82 86 0 90356 0 0 0
82 87 0 80540 0 0 0
82 88 0 70517 0 0 0
82 89 0 60498 0 0 0
82 90 0 50880 0 0 0
82 91 0 41932 0 0 0
82 92 0 33760 0 0 0
82 93 0 26650 0 0 0
82 94 0 20930 0 0 0
82 95 0 16471 0 0 0
82 96 0 12920 -8 1 0
82 97 0 0 -8 0 2
83 2 0 0 -461 28 10
83 3 0 0 -452 36 4
83 5 0 0 -413 22 0
83 7 0 0 -418 34 0
83 8 0 0 -421 48 0
83 10 0 0 -425 61 0
83 12 0 0 -429 74 0
83 14 0 0 -434 85 0
83 16 0 0 -440 96 0
83 18 0 0 -447 107 0
83 20 0 0 -455 116 0
83 22 0 0 -463 125 0
83 24 0 0 -472 133 0
83 26 0 0 -483 142 0
83 28 0 0 -495 148 0
83 30 0 0 -511 158 0
83 33 0 0 -529 161 -1
83 34 0 0 -555 173 1
83 40 0 0 -707 122 -5
83 41 0 0 -730 105 -10
83 42 0 0 -789 57 -6
83 43 0 0 -849 6 -1
83 63 0 0 55 2 1
83 64 0 103 50 17 1
83 65 0 177 36 25 0
83 66 0 305 27 35 2
83 67 0 503 0 0 0
83 68 0 803 13 32 0
83 69 0 1242 0 0 0
83 70 0 1883 3 30 0
83 71 0 2786 0 0 0
83 72 0 4072 -2 25 0
83 73 0 5880 0 0 0
83 74 0 8421 -5 22 0
83 75 0 12026 0 0 0
83 76 0 17142 -8 18 0
83 77 0 24378 0 0 0
83 78 0 34670 -9 14 0
83 79 0 49001 0 0 0
83 80 0 67207 -9 12 0
83 81 0 87296 0 0 0
83 82 0 107467 0 0 0
83 83 0 125265 -9 9 0
83 84 0 133680 0 0 0
83 85 0 127462 -9 7 0
83 86 0 111778 0 0 0
83 87 0 95355 -9 5 0
83 88 0 80824 0 0 0
83 89 0 67279 -8 4 0
83 90 0 54922 0 0 0
83 91 0 44170 -8 3 0
83 92 0 34986 0 0 0
83 93 0 27350 -8 2 0
83 94 0 21363 0 0 0
83 95 0 16766 -7 1 0
83 96 0 13157 -7 0 0
83 97 0 0 -7 0 -2
84 2 0 0 -439 10 -2
84 3 0 0 -457 -17 -2
84 38 0 0 -606 127 -2
84 40 0 0 -688 119 -2
84 41 0 0 -686 91 -3
84 42 0 0 -702 19 0
84 43 0 0 -752 4 -2
84 63 0 0 36 0 -1
84 64 0 102 34 8 0
84 65 0 175 32 20 0
84 66 0 298 0 0 0
84 67 0 488 0 0 0
84 68 0 776 0 0 0
84 69 0 1197 0 0 0
84 70 0 1816 0 0 0
84 71 0 2699 0 0 0
84 72 0 3978 0 0 0
84 73 0 5823 0 0 0
84 74 0 8479 0 0 0
84 75 0 12324 0 0 0
84 76 0 17844 0 0 0
84 77 0 25688 0 0 0
84 78 0 36826 0 0 0
84 79 0 52557 0 0 0
84 80 0 73541 0 0 0
84 81 0 98934 0 0 0
84 82 0 128754 0 0 0
84 83 0 160282 0 0 0
84 84 0 178239 0 0 0
84 85 0 167863 0 0 0
84 86 0 138468 0 0 0
84 87 0 110303 0 0 0
84 88 0 89355 0 0 0
84 89 0 72335 0 0 0
84 90 0 57860 0 0 0
84 91 0 45830 0 0 0
84 92 0 35902 0 0 0
84 93 0 27810 0 0 0
84 94 0 21536 0 0 0
84 95 0 16778 0 0 0
84 96 0 13115 -7 1 0
84 97 0 0 -7 0 1
85 2 0 0 -476 28 10
85 3 0 0 -467 36 4
85 5 0 0 -424 19 0
85 7 0 0 -431 31 0
85 8 0 0 -432 44 0
85 10 0 0 -435 56 0
85 12 0 0 -437 69 -1
85 14 0 0 -441 79 -1
85 16 0 0 -446 90 -1
85 18 0 0 -451 100 -1
85 20 0 0 -459 108 -1
85 22 0 0 -466 117 -1
85 24 0 0 -475 123 -1
85 26 0 0 -485 130 -1
85 28 0 0 -497 135 -1
85 30 0 0 -511 140 0
85 32 0 0 -529 141 -1
85 34 0 0 -552 140 0
85 36 0 0 -582 132 -4
85 40 0 0 -678 76 -5
85 41 0 0 -669 51 -3
85 42 0 0 -704 25 -1
85 43 0 0 -734 0 -1
85 63 0 0 31 1 0
85 64 0 100 31 9 2
85 65 0 170 26 10 1
85 66 0 286 20 20 0
85 67 0 463 0 0 0
85 68 0 733 13 23 0
85 69 0 1129 0 0 0
85 70 0 1715 5 23 0
85 71 0 2569 0 0 0
85 72 0 3835 0 21 0
85 73 0 5715 0 0 0
85 74 0 8498 -2 18 0
85 75 0 12615 0 0 0
85 76 0 18607 -5 16 0
85 77 0 27187 0 0 0
85 78 0 39394 -6 13 0
85 79 0 56884 0 0 0
85 80 0 81030 -7 11 0
85 81 0 112047 0 0 0
85 82 0 151104 -7 9 0
85 83 0 194665 0 0 0
85 84 0 221299 0 0 0
85 85 0 207095 -7 7 0
85 86 0 163755 0 0 0
85 87 0 122932 -7 6 0
85 88 0 95025 0 0 0
85 89 0 74963 -7 4 0
85 90 0 59220 0 0 0
85 91 0 46598 -7 3 0
85 92 0 36318 0 0 0
85 93 0 27948 -7 2 0
85 94 0 21445 0 0 0
85 95 0 16543 -6 1 0
85 96 0 12837 -6 0 0
85 97 0 0 -6 0 -1
86 2 0 0 -455 11 -2
86 3 0 0 -471 -18 -2
86 40 0 0 -657 76 -2
86 41 0 0 -645 62 -2
86 42 0 0 -644 11 0
86 43 0 0 -685 4 0
86 63 0 0 23 0 0
86 64 0 96 22 5 0
86 65 0 163 22 13 0
86 66 0 271 0 0 0
86 67 0 435 0 0 0
86 68 0 683 0 0 0
86 69 0 1049 0 0 0
86 70 0 1598 0 0 0
86 71 0 2414 0 0 0
86 72 0 3649 0 0 0
86 73 0 5532 0 0 0
86 74 0 8383 0 0 0
86 75 0 12684 0 0 0
86 76 0 19022 0 0 0
86 77 0 28197 0 0 0
86 78 0 41401 0 0 0
86 79 0 60681 0 0 0
86 80 0 87855 0 0 0
86 81 0 123333 0 0 0
86 82 0 166623 0 0 0
86 83 0 211510 0 0 0
86 84 0 237296 0 0 0
86 85 0 220672 0 0 0
86 86 0 173222 0 0 0
86 87 0 127871 0 0 0
86 88 0 96582 0 0 0
86 89 0 74903 0 0 0
86 90 0 58668 0 0 0
86 91 0 46009 0 0 0
86 92 0 35813 0 0 0
86 93 0 27507 0 0 0
86 94 0 20997 0 0 0
86 95 0 16068 0 0 0
86 96 0 12367 -6 1 0
86 97 0 0 -6 0 1
87 2 0 0 -493 29 10
87 3 0 0 -480 35 4
87 5 0 0 -441 22 0
87 7 0 0 -447 31 0
87 8 0 0 -449 43 0
87 10 0 0 -453 54 0
87 12 0 0 -455 65 0
87 14 0 0 -459 74 0
87 16 0 0 -464 85 0
87 18 0 0 -468 93 0
87 20 0 0 -475 101 0
87 22 0 0 -481 108 -1
87 24 0 0 -489 114 -1
87 26 0 0 -498 119 -1
87 28 0 0 -508 121 -1
87 30 0 0 -521 126 -2
87 32 0 0 -530 119 0
87 34 0 0 -554 120 0
87 36 0 0 -573 103 -3
87 38 0 0 -594 96 -1
87 40 0 0 -646 42 -3
87 41 0 0 -629 32 -1
87 42 0 0 -651 17 0
87 43 0 0 -675 0 0
87 63 0 0 22 0 0
87 64 0 93 21 5 1
87 65 0 155 17 6 1
87 66 0 255 16 13 0
87 67 0 406 0 0 0
87 68 0 634 11 16 0
87 69 0 970 0 0 0
87 70 0 1479 5 17 0
87 71 0 2245 0 0 0
87 72 0 3420 2 17 0
87 73 0 5234 0 0 0
87 74 0 8006 -1 16 0
87 75 0 12213 0 0 0
87 76 0 18420 -3 14 0
87 77 0 27420 0 0 0
87 78 0 40518 -4 12 0
87 79 0 60034 0 0 0
87 80 0 87982 -5 10 0
87 81 0 123963 0 0 0
87 82 0 164554 -5 9 0
87 83 0 201542 0 0 0
87 84 0 218647 0 0 0
87 85 0 200750 -6 7 0
87 86 0 159507 0 0 0
87 87 0 120262 -6 6 0
87 88 0 91983 0 0 0
87 89 0 71551 -6 4 0
87 90 0 55987 0 0 0
87 91 0 43889 -6 3 0
87 92 0 34230 0 0 0
87 93 0 26370 -5 2 0
87 94 0 20134 0 0 0
87 95 0 15349 -5 1 0
87 96 0 11738 -5 0 0
87 97 0 0 -5 0 -1
88 2 0 0 -467 10 -2
88 3 0 0 -484 -19 -2
88 40 0 0 -629 63 -2
88 41 0 0 -612 47 -1
88 42 0 0 -605 8 0
88 43 0 0 -641 3 0
88 63 0 0 16 0 0
88 64 0 89 15 3 0
88 65 0 148 15 8 0
88 66 0 240 0 0 0
88 67 0 380 0 0 0
88 68 0 588 0 0 0
88 69 0 895 0 0 0
88 70 0 1364 0 0 0
88 71 0 2070 0 0 0
88 72 0 3150 0 0 0
88 73 0 4812 0 0 0
88 74 0 7329 0 0 0
88 75 0 11104 0 0 0
88 76 0 16592 0 0 0
88 77 0 24435 0 0 0
88 78 0 35803 0 0 0
88 79 0 52873 0 0 0
88 80 0 77482 0 0 0
88 81 0 108328 0 0 0
88 82 0 140400 0 0 0
88 83 0 165955 0 0 0
88 84 0 174244 0 0 0
88 85 0 159008 0 0 0
88 86 0 130038 0 0 0
88 87 0 102485 0 0 0
88 88 0 81406 0 0 0
88 89 0 64765 0 0 0
88 90 0 51216 0 0 0
88 91 0 40402 0 0 0
88 92 0 31718 0 0 0
88 93 0 24610 0 0 0
88 94 0 18879 0 0 0
88 95 0 14397 0 0 0
88 96 0 10970 -5 1 0
88 97 0 0 -5 0 1
89 2 0 0 -504 27 10
89 3 0 0 -492 35 3
89 5 0 0 -446 13 0
89 7 0 0 -453 25 1
89 8 0 0 -453 38 0
89 10 0 0 -458 50 0
89 12 0 0 -455 61 0
89 14 0 0 -460 70 -1
89 16 0 0 -463 80 0
89 18 0 0 -465 88 -2
89 20 0 0 -472 95 -1
89 22 0 0 -475 102 -1
89 24 0 0 -483 106 -1
89 26 0 0 -488 110 -2
89 28 0 0 -500 111 -1
89 30 0 0 -506 113 -3
89 32 0 0 -520 108 -2
89 34 0 0 -536 103 0
89 36 0 0 -553 90 -2
89 38 0 0 -563 79 -2
89 40 0 0 -614 24 -1
89 41 0 0 -600 21 -1
89 42 0 0 -613 16 0
89 43 0 0 -632 0 3
89 63 0 0 15 0 0
89 64 0 84 14 3 0
89 65 0 140 12 3 0
89 66 0 225 11 9 0
89 67 0 355 0 0 0
89 68 0 545 9 12 0
89 69 0 827 0 0 0
89 70 0 1257 5 13 0
89 71 0 1901 0 0 0
89 72 0 2868 2 14 0
89 73 0 4322 0 0 0
89 74 0 6471 0 13 0
89 75 0 9606 0 0 0
89 76 0 14046 -1 12 0
89 77 0 20217 0 0 0
89 78 0 28918 -3 11 0
89 79 0 41637 0 0 0
89 80 0 59608 -3 10 0
89 81 0 81518 0 0 0
89 82 0 102979 -4 8 0
89 83 0 118226 0 0 0
89 84 0 121897 0 0 0
89 85 0 113246 -4 7 0
89 86 0 97714 0 0 0
89 87 0 81843 -4 6 0
89 88 0 68116 0 0 0
89 89 0 55797 -4 4 0
89 90 0 44922 0 0 0
89 91 0 35903 -4 3 0
89 92 0 28512 0 0 0
89 93 0 22356 -4 2 0
89 94 0 17284 0 0 0
89 95 0 13234 -4 1 0
89 96 0 10082 -4 0 0
89 97 0 0 -4 0 -1
90 2 0 0 -478 4 -3
90 3 0 0 -493 -21 -4
90 40 0 0 -599 40 0
90 41 0 0 -588 38 -1
90 42 0 0 -576 8 0
90 43 0 0 -609 2 1
90 63 0 0 11 0 0
90 64 0 78 10 2 0
90 65 0 130 11 6 0
90 66 0 209 0 0 0
90 67 0 329 0 0 0
90 68 0 505 0 0 0
90 69 0 766 0 0 0
90 70 0 1163 0 0 0
90 71 0 1752 0 0 0
90 72 0 2608 0 0 0
90 73 0 3849 0 0 0
90 74 0 5611 0 0 0
90 75 0 8087 0 0 0
90 76 0 11500 0 0 0
90 77 0 16109 0 0 0
90 78 0 22345 0 0 0
90 79 0 30919 0 0 0
90 80 0 42403 0 0 0
90 81 0 56046 0 0 0
90 82 0 69178 0 0 0
90 83 0 78186 0 0 0
90 84 0 80684 0 0 0
90 85 0 77495 0 0 0
90 86 0 71146 0 0 0
90 87 0 63490 0 0 0
90 88 0 55123 0 0 0
90 89 0 46289 0 0 0
90 90 0 37966 0 0 0
90 91 0 30855 0 0 0
90 92 0 24872 0 0 0
90 93 0 19754 0 0 0
90 94 0 15431 0 0 0
90 95 0 11901 0 0 0
90 96 0 9097 -4 1 0
90 97 0 0 -4 0 0
91 2 0 0 -515 26 10
91 3 0 0 -496 28 0
91 5 0 0 -470 21 -4
91 7 0 0 -478 30 -1
91 8 0 0 -479 43 0
91 10 0 0 -481 51 0
91 12 0 0 -478 59 1
91 14 0 0 -481 67 0
91 16 0 0 -487 75 0
91 18 0 0 -485 82 0
91 20 0 0 -493 89 0
91 22 0 0 -496 94 0
91 24 0 0 -502 98 0
91 26 0 0 -506 100 0
91 28 0 0 -516 101 -1
91 30 0 0 -519 100 0
91 32 0 0 -523 95 1
91 34 0 0 -542 87 0
91 36 0 0 -545 74 0
91 38 0 0 -551 55 -5
91 40 0 0 -593 21 0
91 41 0 0 -577 18 0
91 42 0 0 -585 17 -1
91 43 0 0 -600 1 4
91 63 0 0 10 0 0
91 64 0 71 10 2 0
91 65 0 119 8 3 0
91 66 0 191 8 6 0
91 67 0 301 0 0 0
91 68 0 464 6 9 0
91 69 0 709 0 0 0
91 70 0 1084 4 11 0
91 71 0 1633 0 0 0
91 72 0 2402 2 11 0
91 73 0 3460 0 0 0
91 74 0 4879 0 11 0
91 75 0 6790 0 0 0
91 76 0 9366 0 11 0
91 77 0 12791 0 0 0
91 78 0 17281 -2 10 0
91 79 0 23087 0 0 0
91 80 0 30374 -2 9 0
91 81 0 38826 0 0 0
91 82 0 47121 -3 8 0
91 83 0 53137 0 0 0
91 84 0 55480 0 0 0
91 85 0 54776 -3 7 0
91 86 0 52392 0 0 0
91 87 0 48678 -3 6 0
91 88 0 43429 0 0 0
91 89 0 37184 -3 4 0
91 90 0 31088 0 0 0
91 91 0 25752 -3 3 0
91 92 0 21113 0 0 0
91 93 0 17013 -3 2 0
91 94 0 13453 0 0 0
91 95 0 10474 -3 1 0
91 96 0 8054 -3 0 0
91 97 0 0 -3 0 0
92 2 0 0 -477 -6 -9
92 3 0 0 -496 -41 -11
92 40 0 0 -585 71 0
92 41 0 0 -564 39 1
92 42 0 0 -550 8 1
92 43 0 0 -580 2 1
92 63 0 0 7 0 0
92 64 0 63 6 2 0
92 65 0 106 7 4 0
92 66 0 170 0 0 0
92 67 0 271 0 0 0
92 68 0 421 0 0 0
92 69 0 652 0 0 0
92 70 0 1011 0 0 0
92 71 0 1534 0 0 0
92 72 0 2239 0 0 0
92 73 0 3154 0 0 0
92 74 0 4299 0 0 0
92 75 0 5763 0 0 0
92 76 0 7699 0 0 0
92 77 0 10272 0 0 0
92 78 0 13610 0 0 0
92 79 0 17775 0 0 0
92 80 0 22739 0 0 0
92 81 0 28332 0 0 0
92 82 0 33889 0 0 0
92 83 0 38143 0 0 0
92 84 0 40078 0 0 0
92 85 0 39955 0 0 0
92 86 0 38684 0 0 0
92 87 0 36469 0 0 0
92 88 0 33094 0 0 0
92 89 0 28940 0 0 0
92 90 0 24783 0 0 0
92 91 0 20990 0 0 0
92 92 0 17524 0 0 0
92 93 0 14334 0 0 0
92 94 0 11478 0 0 0
92 95 0 9029 0 0 0
92 96 0 6991 -3 1 0
92 97 0 0 -2 0 0
93 2 0 0 -510 17 0
93 3 0 0 -495 30 -1
93 5 0 0 -465 7 4
93 7 0 0 -479 22 12
93 8 0 0 -482 31 14
93 10 0 0 -484 45 12
93 12 0 0 -483 51 17
93 14 0 0 -487 62 11
93 16 0 0 -491 71 11
93 18 0 0 -488 78 11
93 20 0 0 -491 86 6
93 22 0 0 -492 92 16
93 24 0 0 -496 94 6
93 26 0 0 -499 99 15
93 28 0 0 -504 96 6
93 30 0 0 -506 100 16
93 32 0 0 -515 94 15
93 34 0 0 -525 89 11
93 36 0 0 -527 78 13
93 38 0 0 -515 75 9
93 40 0 0 -567 46 2
93 41 0 0 -552 20 10
93 42 0 0 -557 12 0
93 43 0 0 -568 0 3
93 63 0 0 5 0 0
93 64 0 54 6 2 0
93 65 0 92 5 2 0
93 66 0 147 5 5 0
93 67 0 236 0 0 0
93 68 0 373 4 7 0
93 69 0 587 0 0 0
93 70 0 926 2 9 0
93 71 0 1419 0 0 0
93 72 0 2067 1 10 0
93 73 0 2862 0 0 0
93 74 0 3788 0 10 0
93 75 0 4906 0 0 0
93 76 0 6357 0 10 0
93 77 0 8301 0 0 0
93 78 0 10827 -1 9 0
93 79 0 13917 0 0 0
93 80 0 17447 -1 9 0
93 81 0 21246 0 0 0
93 82 0 24918 -2 8 0
93 83 0 27724 0 0 0
93 84 0 29002 0 0 0
93 85 0 28870 -2 7 0
93 86 0 27957 0 0 0
93 87 0 26527 -2 5 0
93 88 0 24492 0 0 0
93 89 0 21994 -2 4 0
93 90 0 19381 0 0 0
93 91 0 16810 -2 3 0
93 92 0 14288 0 0 0
93 93 0 11856 -2 2 0
93 94 0 9608 0 0 0
93 95 0 7631 -2 1 0
93 96 0 5950 -2 0 0
93 97 0 0 -2 0 0
94 2 0 0 -477 26 -17
94 3 0 0 -521 -12 0
94 40 0 0 -558 40 7
94 41 0 0 -543 44 23
94 42 0 0 -508 -7 -5
94 43 0 0 -555 0 1
94 63 0 0 4 0 0
94 64 0 44 3 1 0
94 65 0 76 4 3 0
94 66 0 122 0 0 0
94 67 0 199 0 0 0
94 68 0 318 0 0 0
94 69 0 509 0 0 0
94 70 0 815 0 0 0
94 71 0 1258 0 0 0
94 72 0 1832 0 0 0
94 73 0 2509 0 0 0
94 74 0 3253 0 0 0
94 75 0 4106 0 0 0
94 76 0 5193 0 0 0
94 77 0 6659 0 0 0
94 78 0 8569 0 0 0
94 79 0 10868 0 0 0
94 80 0 13388 0 0 0
94 81 0 15934 0 0 0
94 82 0 18235 0 0 0
94 83 0 19908 0 0 0
94 84 0 20642 0 0 0
94 85 0 20527 0 0 0
94 86 0 19938 0 0 0
94 87 0 19088 0 0 0
94 88 0 17962 0 0 0
94 89 0 16566 0 0 0
94 90 0 14988 0 0 0
94 91 0 13271 0 0 0
94 92 0 11455 0 0 0
94 93 0 9623 0 0 0
94 94 0 7880 0 0 0
94 95 0 6311 0 0 0
94 96 0 4950 -2 1 0
94 97 0 0 -1 0 0
95 2 0 0 -555 -3 15
95 3 0 0 -521 34 26
95 5 0 0 -517 51 -12
95 7 0 0 -527 49 -11
95 8 0 0 -524 51 4
95 10 0 0 -522 56 10
95 12 0 0 -518 63 24
95 14 0 0 -523 68 19
95 16 0 0 -525 75 11
95 19 0 0 -521 82 15
95 21 0 0 -529 86 16
95 23 0 0 -529 91 13
95 25 0 0 -534 93 13
95 27 0 0 -529 95 10
95 28 0 0 -538 94 14
95 30 0 0 -537 90 16
95 32 0 0 -535 82 19
95 34 0 0 -542 62 2
95 36 0 0 -551 51 0
95 38 0 0 -547 20 0
95 40 0 0 -556 7 27
95 41 0 0 -557 -13 16
95 42 0 0 -538 -11 0
95 43 0 0 -552 -5 1
95 63 0 0 3 0 0
95 64 0 35 3 1 0
95 65 0 61 2 2 0
95 66 0 98 3 4 0
95 67 0 161 0 0 0
95 68 0 259 2 6 0
95 69 0 416 0 0 0
95 70 0 671 1 8 0
95 71 0 1039 0 0 0
95 72 0 1512 1 9 0
95 73 0 2060 0 0 0
95 74 0 2644 0 9 0
95 75 0 3296 0 0 0
95 76 0 4114 0 9 0
95 77 0 5216 0 0 0
95 78 0 6647 0 9 0
95 79 0 8343 0 0 0
95 80 0 10136 -1 8 0
95 81 0 11841 0 0 0
95 82 0 13267 0 0 0
95 83 0 14241 -1 7 0
95 84 0 14669 0 0 0
95 85 0 14635 -1 6 0
95 86 0 14328 0 0 0
95 87 0 13869 -1 5 0
95 88 0 13260 0 0 0
95 89 0 12468 -1 4 0
95 90 0 11487 0 0 0
95 91 0 10319 -1 3 0
95 92 0 9011 0 0 0
95 93 0 7646 -1 2 0
95 94 0 6317 0 0 0
95 95 0 5094 -1 1 0
95 96 0 4017 -1 0 0
95 97 0 0 -1 0 0
96 2 0 0 -432 -36 30
96 3 0 0 -521 -37 8
96 4 0 0 -496 25 21
96 5 0 0 -505 -8 29
96 6 0 0 -520 41 17
96 7 0 0 -520 8 25
96 8 0 0 -530 45 26
96 9 0 0 -532 9 13
96 10 0 0 -532 59 8
96 11 0 0 -547 29 21
96 12 0 0 -537 67 19
96 13 0 0 -533 39 13
96 14 0 0 -540 84 21
96 15 0 0 -530 49 11
96 16 0 0 -541 96 22
96 17 0 0 -530 58 15
96 18 0 0 -543 102 22
96 19 0 0 -526 66 15
96 20 0 0 -545 111 24
96 21 0 0 -526 70 15
96 22 0 0 -543 114 25
96 23 0 0 -525 74 16
96 24 0 0 -543 117 26
96 25 0 0 -526 75 16
96 26 0 0 -541 117 26
96 27 0 0 -525 77 17
96 28 0 0 -545 117 27
96 29 0 0 -528 73 18
96 30 0 0 -543 112 27
96 31 0 0 -528 68 19
96 32 0 0 -538 105 26
96 33 0 0 -526 61 19
96 34 0 0 -531 97 27
96 35 0 0 -531 53 20
96 36 0 0 -536 85 23
96 37 0 0 -532 39 20
96 38 0 0 -528 63 23
96 39 0 0 -515 35 0
96 40 0 0 -560 56 16
96 41 0 0 -571 18 -14
96 42 0 0 -468 7 2
96 43 0 0 -389 9 -15
96 63 0 0 1 0 0
96 64 0 27 1 1 0
96 65 0 47 1 3 0
96 66 0 76 1 3 0
96 67 0 125 2 5 0
96 68 0 201 0 6 0
96 69 0 322 2 7 0
96 70 0 516 0 7 0
96 71 0 793 2 8 0
96 72 0 1149 0 9 0
96 73 0 1562 1 9 0
96 74 0 2004 -1 9 0
96 75 0 2498 1 9 0
96 76 0 3114 -1 9 0
96 77 0 3935 1 9 0
96 78 0 4989 -1 9 0
96 79 0 6222 0 9 0
96 80 0 7499 -1 9 0
96 81 0 8675 0 8 0
96 82 0 9617 -1 8 0
96 83 0 10245 0 7 0
96 84 0 10545 -1 7 0
96 85 0 10582 0 6 0
96 86 0 10447 -1 6 0
96 87 0 10200 0 5 0
96 88 0 9844 -1 5 0
96 89 0 9347 0 4 0
96 90 0 8692 -1 4 0
96 91 0 7873 0 3 0
96 92 0 6929 -1 3 0
96 93 0 5924 0 2 0
96 94 0 4928 -1 2 0
96 95 0 3997 0 1 0
96 96 0 3166 0 0 0
96 97 0 0 0 0 0
97 2 0 0 -492 -15 -6
97 3 0 0 -473 0 -41
97 4 0 0 -462 -5 14
97 5 0 0 -461 0 7
97 6 0 0 -453 -4 -8
97 7 0 0 -455 1 50
97 8 0 0 -462 1 -13
97 9 0 0 -468 -1 21
97 10 0 0 -471 -2 -1
97 11 0 0 -476 -3 10
97 12 0 0 -469 -8 -8
97 13 0 0 -477 -8 10
97 14 0 0 -472 -9 -12
97 15 0 0 -478 -8 11
97 16 0 0 -478 0 -13
97 17 0 0 -475 -6 11
97 18 0 0 -482 1 -21
97 19 0 0 -474 -4 7
97 20 0 0 -481 0 -22
97 21 0 0 -473 -5 5
97 22 0 0 -482 1 -23
97 23 0 0 -472 -4 2
97 24 0 0 -482 1 -22
97 25 0 0 -470 -5 0
97 26 0 0 -481 1 -21
97 27 0 0 -470 -4 0
97 28 0 0 -481 1 -21
97 29 0 0 -471 -6 1
97 30 0 0 -480 0 -21
97 31 0 0 -474 -13 11
97 32 0 0 -474 -3 -14
97 33 0 0 -476 -10 19
97 34 0 0 -475 -5 -15
97 35 0 0 -478 -8 21
97 36 0 0 -470 -9 -12
97 37 0 0 -479 -3 11
97 38 0 0 -469 -3 -9
97 39 0 0 -479 -3 18
97 40 0 0 -465 0 -30
97 41 0 0 -480 -1 19
97 42 0 0 -472 -10 -29
97 43 0 0 -427 -36 35
97 63 0 0 0 0 0
97 64 0 0 0 1 0
97 65 0 0 0 2 0
97 66 0 0 0 3 -1
97 67 0 0 0 4 1
97 68 0 0 0 6 -1
97 69 0 0 0 6 2
97 70 0 0 0 7 -2
97 71 0 0 0 8 2
97 72 0 0 0 8 -2
97 73 0 0 0 9 2
97 74 0 0 0 9 -2
97 75 0 0 0 9 2
97 76 0 0 0 9 -2
97 77 0 0 0 9 2
97 78 0 0 0 9 -2
97 79 0 0 0 9 2
97 80 0 0 0 8 -2
97 81 0 0 0 8 2
97 82 0 0 0 8 -1
97 83 0 0 0 7 2
97 84 0 0 0 7 -1
97 85 0 0 0 6 1
97 86 0 0 0 6 -1
97 87 0 0 0 5 1
97 88 0 0 0 5 -1
97 89 0 0 0 4 1
97 90 0 0 0 3 0
97 91 0 0 0 3 0
97 92 0 0 0 2 0
97 93 0 0 0 2 0
97 94 0 0 0 1 0
97 95 0 0 0 1 0
97 96 0 0 0 0 0
97 97 0 0 0 0 0
