env_min(m) 0.0000 0.0000 0.0000
env_max(m) 10.0000 10.0000 3.0000
NumCells_XYZ 100 100 30
CellSizes_XYZ[m] 0.1000 0.1000 0.1000
GasSourceLocation_XYZ[m] 2.7143 8.2143 0.5000
GasType ethanol
Cell_x	 Cell_y	 Cell_z	 Gas_conc[10^⁻3ppm]	 Wind_u[10^⁻3m/s]	 Wind_v[10^⁻3m/s]	 Wind_w[10^⁻3m/s]
2 2 0 0 494 -15 -11
2 3 0 0 474 -5 -54
2 4 0 0 457 -11 41
2 5 0 0 459 0 -22
2 6 0 0 450 -8 55
2 7 0 0 457 2 -19
2 8 0 0 449 -9 54
2 9 0 0 457 1 -18
2 10 0 0 450 -10 53
2 11 0 0 458 0 -21
2 12 0 0 451 -10 53
2 13 0 0 458 0 -21
2 14 0 0 453 -10 53
2 15 0 0 459 0 -23
2 16 0 0 453 -9 53
2 17 0 0 461 0 -26
2 18 0 0 453 -8 52
2 19 0 0 463 -2 -28
2 20 0 0 453 -8 53
2 21 0 0 464 -3 -29
2 22 0 0 452 -10 54
2 23 0 0 461 -1 -26
2 24 0 0 453 -10 52
2 25 0 0 459 0 -24
2 26 0 0 453 -10 48
2 27 0 0 460 -2 -26
2 28 0 0 455 -9 31
2 29 0 0 460 -1 -24
2 30 0 0 457 -1 38
2 31 0 0 463 -6 11
2 32 0 0 461 1 -9
2 33 0 0 456 6 40
2 34 0 0 467 4 -2
2 35 0 0 465 2 20
2 36 0 0 471 -5 -2
2 37 0 0 476 -4 10
2 38 0 0 468 -8 -8
2 39 0 0 478 -8 10
2 40 0 0 469 -9 -10
2 41 0 0 480 -9 13
2 42 0 0 471 -10 -11
2 43 0 0 478 -9 19
2 44 0 0 471 -10 -11
2 45 0 0 479 -9 18
2 46 0 0 469 -10 -10
2 47 0 0 479 -9 17
2 48 0 0 468 -9 -9
2 49 0 0 479 -7 16
2 50 0 0 466 -9 -7
2 51 0 0 479 -7 13
2 52 0 0 463 -7 -4
2 53 0 0 478 -7 12
2 54 0 0 462 -7 -3
2 55 0 0 478 -7 11
2 56 0 0 461 -6 -2
2 57 0 0 478 -5 12
2 58 0 0 461 -5 -3
2 59 0 0 477 -4 12
2 60 0 0 462 -2 -5
2 61 0 0 470 -8 23
2 62 0 0 462 -2 -28
2 63 0 0 459 5 31
2 64 0 0 471 5 -43
2 65 0 0 451 7 39
2 66 0 0 467 4 -42
2 67 0 0 452 13 46
2 68 0 0 464 8 -13
2 69 0 0 466 8 37
2 70 0 0 465 -22 30
2 71 0 0 487 -30 42
2 74 0 0 0 0 0
2 75 0 478 0 0 0
2 76 0 0 0 0 0
2 77 0 0 0 1 0
2 78 0 0 0 1 0
2 79 0 0 0 1 0
2 80 0 562 0 2 0
2 81 0 0 0 2 0
2 82 0 0 0 2 0
2 83 0 0 0 2 0
2 84 0 0 0 2 0
2 85 0 382 0 2 0
2 86 0 0 0 2 0
2 87 0 0 0 2 0
2 88 0 0 0 2 0
2 89 0 0 0 2 0
2 90 0 251 0 2 0
2 91 0 0 0 2 0
2 92 0 0 0 1 0
2 93 0 0 0 1 0
2 94 0 0 0 1 0
2 95 0 133 0 0 0
2 96 0 0 0 0 0
2 97 0 0 0 0 0
3 2 0 0 433 -21 8
3 3 0 0 531 -46 10
3 4 0 0 500 12 19
3 5 0 0 515 -24 23
3 6 0 0 531 10 23
3 7 0 0 524 -30 25
3 8 0 0 532 7 26
3 9 0 0 534 -33 21
3 10 0 0 539 4 27
3 11 0 0 539 -35 20
3 12 0 0 548 3 27
3 13 0 0 543 -38 18
3 14 0 0 554 2 28
3 15 0 0 544 -43 17
3 16 0 0 551 0 22
3 17 0 0 544 -45 18
3 18 0 0 550 -1 20
3 19 0 0 546 -48 20
3 20 0 0 548 -5 16
3 21 0 0 545 -46 21
3 22 0 0 548 -5 17
3 23 0 0 545 -41 16
3 24 0 0 549 2 24
3 25 0 0 541 -41 22
3 26 0 0 547 6 27
3 27 0 0 538 -37 21
3 28 0 0 543 14 27
3 29 0 0 543 -37 36
3 30 0 0 547 13 20
3 31 0 0 545 -19 31
3 32 0 0 534 27 26
3 33 0 0 535 -1 23
3 34 0 0 537 41 27
3 35 0 0 533 8 8
3 36 0 0 538 60 9
3 37 0 0 548 27 17
3 38 0 0 542 67 16
3 39 0 0 538 38 10
3 40 0 0 547 82 18
3 41 0 0 541 45 13
3 42 0 0 548 87 20
3 43 0 0 539 47 14
3 44 0 0 548 89 20
3 45 0 0 541 47 15
3 46 0 0 547 87 19
3 47 0 0 542 44 15
3 48 0 0 546 83 18
3 49 0 0 543 42 15
3 50 0 0 546 80 17
3 51 0 0 544 37 14
3 52 0 0 547 75 16
3 53 0 0 545 33 14
3 54 0 0 545 71 15
3 55 0 0 544 28 13
3 56 0 0 545 65 14
3 57 0 0 545 25 12
3 58 0 0 550 61 19
3 59 0 0 540 18 11
3 60 0 0 544 59 18
3 61 0 0 542 9 18
3 62 0 0 538 51 8
3 63 0 0 537 11 26
3 64 0 0 529 43 20
3 65 0 0 532 7 19
3 66 0 0 520 37 19
3 67 0 0 517 17 11
3 68 0 0 540 41 24
3 69 0 0 572 9 -6
3 70 0 0 477 -11 14
3 71 0 0 359 9 -9
3 74 0 0 0 0 0
3 75 0 605 0 0 0
3 76 0 671 0 0 0
3 77 0 720 0 1 0
3 78 0 751 0 1 0
3 79 0 761 0 1 0
3 80 0 753 0 2 0
3 81 0 729 0 2 0
3 82 0 692 0 2 0
3 83 0 647 0 2 0
3 84 0 597 0 2 0
3 85 0 546 0 2 0
3 86 0 497 0 2 0
3 87 0 452 0 2 0
3 88 0 411 0 2 0
3 89 0 374 0 2 0
3 90 0 340 0 2 0
3 91 0 308 0 2 0
3 92 0 275 0 1 0
3 93 0 242 0 1 0
3 94 0 209 0 1 0
3 95 0 175 0 0 0
3 96 0 143 0 0 0
3 97 0 0 0 0 0
4 2 0 0 567 -5 15
4 3 0 0 535 25 27
4 5 0 0 532 31 -11
4 7 0 0 538 10 -7
4 8 0 0 539 4 2
4 10 0 0 538 -4 4
4 12 0 0 536 -12 19
4 14 0 0 539 -20 22
4 16 0 0 539 -23 22
4 19 0 0 543 -26 22
4 21 0 0 539 -27 22
4 23 0 0 534 -26 21
4 25 0 0 534 -23 21
4 27 0 0 526 -18 23
4 29 0 0 528 -10 20
4 31 0 0 526 0 25
4 33 0 0 514 14 21
4 35 0 0 521 29 13
4 37 0 0 525 45 14
4 39 0 0 520 59 18
4 41 0 0 526 66 21
4 43 0 0 529 69 20
4 45 0 0 530 71 18
4 47 0 0 535 69 21
4 49 0 0 535 67 20
4 51 0 0 539 62 24
4 53 0 0 540 58 23
4 55 0 0 541 53 27
4 57 0 0 540 47 25
4 59 0 0 539 39 19
4 61 0 0 542 31 15
4 63 0 0 546 16 2
4 64 0 0 547 4 0
4 66 0 0 531 -14 0
4 68 0 0 541 -26 30
4 69 0 0 552 -42 12
4 70 0 0 512 -30 -1
4 71 0 0 547 -5 0
4 74 0 0 0 0 0
4 75 0 744 0 0 0
4 76 0 832 -1 1 0
4 77 0 901 0 0 0
4 78 0 948 0 0 0
4 79 0 971 0 1 0
4 80 0 970 0 2 0
4 81 0 947 0 0 0
4 82 0 907 0 2 0
4 83 0 855 0 0 0
4 84 0 794 0 0 0
4 85 0 730 0 2 0
4 86 0 666 0 0 0
4 87 0 605 0 2 0
4 88 0 549 0 0 0
4 89 0 497 0 2 0
4 90 0 449 0 0 0
4 91 0 404 0 2 0
4 92 0 359 0 0 0
4 93 0 315 0 1 0
4 94 0 271 0 0 0
4 95 0 228 0 1 0
4 96 0 186 0 0 0
4 97 0 0 0 0 0
5 2 0 0 495 22 -16
5 3 0 0 542 -22 -1
5 68 0 0 538 6 14
5 69 0 0 539 6 5
5 70 0 0 479 -29 -14
5 71 0 0 548 -1 1
5 74 0 0 -1 0 0
5 75 0 901 -1 0 0
5 76 0 1015 0 0 0
5 77 0 1109 0 0 0
5 78 0 1177 0 0 0
5 79 0 1216 0 0 0
5 80 0 1225 0 0 0
5 81 0 1208 0 0 0
5 82 0 1167 0 0 0
5 83 0 1108 0 0 0
5 84 0 1036 0 0 0
5 85 0 956 0 0 0
5 86 0 875 0 0 0
5 87 0 795 0 0 0
5 88 0 720 0 0 0
5 89 0 649 0 0 0
5 90 0 583 0 0 0
5 91 0 521 0 0 0
5 92 0 460 0 0 0
5 93 0 402 0 0 0
5 94 0 345 0 0 0
5 95 0 289 0 0 0
5 96 0 236 1 0 0
5 97 0 0 1 0 0
6 2 0 0 544 13 0
6 3 0 0 522 20 -2
6 5 0 0 493 -14 4
6 7 0 0 503 -13 14
6 8 0 0 511 -19 14
6 10 0 0 511 -19 14
6 12 0 0 513 -25 18
6 14 0 0 511 -25 17
6 16 0 0 511 -27 19
6 19 0 0 514 -31 18
6 21 0 0 507 -27 8
6 23 0 0 507 -28 18
6 25 0 0 501 -26 7
6 27 0 0 495 -21 20
6 29 0 0 493 -18 14
6 31 0 0 483 -1 9
6 33 0 0 475 14 17
6 35 0 0 477 32 5
6 37 0 0 482 52 15
6 39 0 0 481 61 7
6 41 0 0 495 70 14
6 43 0 0 497 71 9
6 44 0 0 506 72 13
6 46 0 0 508 69 7
6 48 0 0 513 67 14
6 50 0 0 514 62 7
6 52 0 0 519 59 14
6 54 0 0 515 52 8
6 57 0 0 519 51 16
6 59 0 0 516 44 14
6 61 0 0 519 41 16
6 63 0 0 516 35 16
6 64 0 0 514 29 16
6 66 0 0 497 24 5
6 68 0 0 545 6 7
6 69 0 0 546 -4 4
6 70 0 0 527 3 -3
6 71 0 0 542 3 -2
6 74 0 0 -1 0 0
6 75 0 1069 -1 0 0
6 76 0 1215 -1 1 0
6 77 0 1340 0 0 0
6 78 0 1436 0 0 0
6 79 0 1497 -1 1 0
6 80 0 1524 -1 2 0
6 81 0 1516 0 0 0
6 82 0 1477 0 2 0
6 83 0 1412 0 0 0
6 84 0 1328 0 0 0
6 85 0 1231 0 3 0
6 86 0 1128 0 0 0
6 87 0 1025 0 3 0
6 88 0 925 0 0 0
6 89 0 829 0 2 0
6 90 0 740 0 0 0
6 91 0 657 1 2 0
6 92 0 577 0 0 0
6 93 0 501 1 1 0
6 94 0 428 0 0 0
6 95 0 359 1 1 0
6 96 0 293 1 0 0
6 97 0 0 1 0 0
7 2 0 0 513 -9 -8
7 3 0 0 531 -53 -11
7 68 0 0 554 49 1
7 69 0 0 548 15 0
7 70 0 0 514 0 -1
7 71 0 0 563 0 1
7 74 0 0 -2 0 0
7 75 0 1259 -2 0 0
7 76 0 1444 0 0 0
7 77 0 1607 0 0 0
7 78 0 1738 0 0 0
7 79 0 1830 0 0 0
7 80 0 1880 0 0 0
7 81 0 1887 0 0 0
7 82 0 1855 0 0 0
7 83 0 1788 0 0 0
7 84 0 1692 0 0 0
7 85 0 1576 0 0 0
7 86 0 1448 0 0 0
7 87 0 1315 0 0 0
7 88 0 1184 0 0 0
7 89 0 1058 0 0 0
7 90 0 939 0 0 0
7 91 0 828 0 0 0
7 92 0 723 0 0 0
7 93 0 626 0 0 0
7 94 0 533 0 0 0
7 95 0 445 0 0 0
7 96 0 364 2 0 0
7 97 0 0 1 0 0
8 2 0 0 563 22 10
8 3 0 0 538 19 -1
8 5 0 0 512 0 -5
8 7 0 0 516 -5 0
8 8 0 0 521 -7 1
8 10 0 0 519 -11 1
8 12 0 0 518 -16 2
8 14 0 0 514 -21 2
8 16 0 0 515 -25 2
8 18 0 0 517 -28 2
8 21 0 0 512 -30 1
8 23 0 0 508 -32 2
8 25 0 0 504 -31 0
8 27 0 0 492 -29 1
8 29 0 0 485 -22 1
8 31 0 0 472 -8 0
8 33 0 0 457 11 1
8 35 0 0 460 34 0
8 37 0 0 472 55 1
8 39 0 0 479 69 1
8 41 0 0 494 76 1
8 42 0 0 502 77 0
8 44 0 0 512 76 0
8 46 0 0 515 72 1
8 48 0 0 521 69 1
8 50 0 0 521 63 1
8 52 0 0 525 59 1
8 54 0 0 524 53 1
8 56 0 0 523 48 1
8 59 0 0 522 42 2
8 61 0 0 524 35 2
8 63 0 0 527 27 2
8 64 0 0 533 21 0
8 66 0 0 525 10 -3
8 68 0 0 557 -6 6
8 69 0 0 556 -13 -1
8 70 0 0 542 0 -1
8 71 0 0 555 2 -3
8 74 0 0 -2 0 0
8 75 0 1492 -2 0 0
8 76 0 1726 -2 1 0
8 77 0 1937 0 0 0
8 78 0 2114 0 0 0
8 79 0 2245 -2 2 0
8 80 0 2328 -1 3 0
8 81 0 2358 0 0 0
8 82 0 2337 0 3 0
8 83 0 2269 0 0 0
8 84 0 2160 0 0 0
8 85 0 2020 0 3 0
8 86 0 1860 0 0 0
8 87 0 1688 0 3 0
8 88 0 1516 0 0 0
8 89 0 1348 1 3 0
8 90 0 1190 0 0 0
8 91 0 1042 1 2 0
8 92 0 905 0 0 0
8 93 0 778 2 2 0
8 94 0 661 0 0 0
8 95 0 552 2 1 0
8 96 0 452 2 0 0
8 97 0 0 2 0 0
9 2 0 0 528 2 -3
9 3 0 0 542 -32 -5
9 68 0 0 553 24 1
9 69 0 0 556 12 0
9 70 0 0 526 -3 0
9 71 0 0 572 1 1
9 74 0 0 -3 0 0
9 75 0 1770 -3 1 0
9 76 0 2064 0 0 0
9 77 0 2336 0 0 0
9 78 0 2569 0 0 0
9 79 0 2751 0 0 0
9 80 0 2876 0 0 0
9 81 0 2937 0 0 0
9 82 0 2933 0 0 0
9 83 0 2866 0 0 0
9 84 0 2742 0 0 0
9 85 0 2573 0 0 0
9 86 0 2372 0 0 0
9 87 0 2154 0 0 0
9 88 0 1931 0 0 0
9 89 0 1713 0 0 0
9 90 0 1506 0 0 0
9 91 0 1313 0 0 0
9 92 0 1134 0 0 0
9 93 0 972 0 0 0
9 94 0 822 0 0 0
9 95 0 686 0 0 0
9 96 0 562 2 1 0
9 97 0 0 2 0 0
10 2 0 0 568 23 10
10 3 0 0 548 24 2
10 5 0 0 504 -9 0
10 7 0 0 508 -12 1
10 8 0 0 509 -15 1
10 10 0 0 508 -16 1
10 12 0 0 508 -19 1
10 14 0 0 507 -23 0
10 16 0 0 505 -27 0
10 19 0 0 504 -32 1
10 21 0 0 501 -36 1
10 23 0 0 493 -41 1
10 24 0 0 487 -45 2
10 26 0 0 471 -45 0
10 28 0 0 457 -46 3
10 30 0 0 442 -21 1
10 33 0 0 424 7 0
10 35 0 0 429 38 0
10 37 0 0 433 71 1
10 39 0 0 451 93 0
10 41 0 0 475 96 1
10 43 0 0 488 94 0
10 45 0 0 498 86 0
10 46 0 0 506 80 0
10 48 0 0 509 73 0
10 50 0 0 513 67 0
10 52 0 0 515 60 0
10 54 0 0 515 55 0
10 56 0 0 516 49 0
10 59 0 0 517 43 0
10 61 0 0 519 36 0
10 63 0 0 519 31 1
10 64 0 0 522 26 0
10 66 0 0 515 25 0
10 68 0 0 558 0 2
10 69 0 0 559 -6 0
10 70 0 0 550 2 0
10 71 0 0 562 2 -3
10 74 0 0 -4 0 0
10 75 0 2113 -3 0 0
10 76 0 2482 -3 1 0
10 77 0 2829 0 0 0
10 78 0 3136 0 0 0
10 79 0 3388 -3 2 0
10 80 0 3575 -2 3 0
10 81 0 3684 0 0 0
10 82 0 3709 -1 4 0
10 83 0 3649 0 0 0
10 84 0 3506 0 0 0
10 85 0 3297 0 4 0
10 86 0 3039 0 0 0
10 87 0 2755 0 4 0
10 88 0 2463 0 0 0
10 89 0 2176 1 4 0
10 90 0 1905 0 0 0
10 91 0 1654 2 3 0
10 92 0 1423 0 0 0
10 93 0 1215 2 2 0
10 94 0 1025 0 0 0
10 95 0 855 3 1 0
10 96 0 700 3 0 0
10 97 0 0 3 0 0
11 2 0 0 532 8 -2
11 3 0 0 547 -31 -3
11 68 0 0 563 33 -1
11 69 0 0 563 18 0
11 70 0 0 535 -2 1
11 71 0 0 579 1 1
11 74 0 0 -4 0 0
11 75 0 2544 -4 1 0
11 76 0 3007 0 0 0
11 77 0 3451 0 0 0
11 78 0 3856 0 0 0
11 79 0 4206 0 0 0
11 80 0 4484 0 0 0
11 81 0 4669 0 0 0
11 82 0 4744 0 0 0
11 83 0 4698 0 0 0
11 84 0 4533 0 0 0
11 85 0 4268 0 0 0
11 86 0 3932 0 0 0
11 87 0 3556 0 0 0
11 88 0 3169 0 0 0
11 89 0 2789 0 0 0
11 90 0 2431 0 0 0
11 91 0 2100 0 0 0
11 92 0 1800 0 0 0
11 93 0 1529 0 0 0
11 94 0 1287 0 0 0
11 95 0 1070 0 0 0
11 96 0 876 4 1 0
11 97 0 0 3 0 0
12 2 0 0 575 26 10
12 3 0 0 552 24 3
12 5 0 0 515 0 -1
12 7 0 0 518 -6 0
12 8 0 0 519 -10 0
12 10 0 0 516 -14 0
12 12 0 0 518 -18 0
12 14 0 0 515 -22 0
12 16 0 0 517 -27 0
12 19 0 0 516 -33 0
12 21 0 0 514 -39 0
12 23 0 0 507 -46 0
12 24 0 0 498 -53 0
12 26 0 0 485 -56 0
12 28 0 0 449 -61 -2
12 30 0 0 406 -49 1
12 33 0 0 386 -2 -3
12 35 0 0 383 44 -3
12 37 0 0 405 97 -4
12 39 0 0 447 120 -3
12 41 0 0 481 113 -4
12 43 0 0 505 100 -1
12 45 0 0 516 92 -1
12 46 0 0 520 83 0
12 48 0 0 525 75 0
12 50 0 0 527 67 0
12 52 0 0 529 61 0
12 54 0 0 530 55 0
12 56 0 0 529 49 0
12 58 0 0 528 43 0
12 61 0 0 529 37 0
12 63 0 0 530 30 0
12 64 0 0 534 23 0
12 66 0 0 533 16 0
12 68 0 0 567 -6 1
12 69 0 0 566 -3 0
12 70 0 0 560 1 0
12 71 0 0 572 2 -3
12 74 0 0 -5 0 0
12 75 0 3059 -4 0 0
12 76 0 3639 -5 2 0
12 77 0 4208 0 0 0
12 78 0 4746 0 0 0
12 79 0 5236 -4 3 0
12 80 0 5652 -3 4 0
12 81 0 5956 0 0 0
12 82 0 6111 -1 5 0
12 83 0 6091 0 0 0
12 84 0 5893 0 0 0
12 85 0 5547 0 5 0
12 86 0 5099 0 0 0
12 87 0 4596 0 5 0
12 88 0 4078 0 0 0
12 89 0 3573 2 5 0
12 90 0 3099 0 0 0
12 91 0 2665 3 4 0
12 92 0 2274 0 0 0
12 93 0 1924 4 3 0
12 94 0 1613 0 0 0
12 95 0 1338 4 2 0
12 96 0 1093 4 0 0
12 97 0 0 4 0 -1
13 2 0 0 538 9 -2
13 3 0 0 551 -30 -2
13 68 0 0 566 26 0
13 69 0 0 569 14 0
13 70 0 0 543 -3 1
13 71 0 0 587 1 1
13 74 0 0 -6 1 0
13 75 0 3677 -6 1 0
13 76 0 4405 0 0 0
13 77 0 5138 0 0 0
13 78 0 5861 0 0 0
13 79 0 6556 0 0 0
13 80 0 7186 0 0 0
13 81 0 7680 0 0 0
13 82 0 7963 0 0 0
13 83 0 7984 0 0 0
13 84 0 7738 0 0 0
13 85 0 7273 0 0 0
13 86 0 6664 0 0 0
13 87 0 5980 0 0 0
13 88 0 5280 0 0 0
13 89 0 4602 0 0 0
13 90 0 3970 0 0 0
13 91 0 3395 0 0 0
13 92 0 2881 0 0 0
13 93 0 2424 0 0 0
13 94 0 2022 0 0 0
13 95 0 1671 0 0 0
13 96 0 1361 5 1 0
13 97 0 0 5 0 1
14 2 0 0 577 25 10
14 3 0 0 555 24 3
14 5 0 0 514 -4 0
14 7 0 0 518 -6 0
14 8 0 0 518 -10 -1
14 10 0 0 518 -14 -2
14 12 0 0 519 -18 -2
14 14 0 0 519 -23 -2
14 16 0 0 520 -30 -1
14 19 0 0 519 -37 -2
14 21 0 0 518 -47 -1
14 23 0 0 512 -59 -1
14 24 0 0 502 -80 0
14 26 0 0 487 -100 -6
14 28 0 0 465 -120 1
14 30 0 0 392 -92 -12
14 33 0 0 351 -15 -10
14 35 0 0 340 60 -11
14 37 0 0 370 142 -9
14 39 0 0 447 167 -13
14 41 0 0 510 149 -6
14 43 0 0 515 136 -8
14 45 0 0 522 105 -1
14 46 0 0 530 94 -2
14 48 0 0 530 78 -1
14 50 0 0 532 71 -1
14 52 0 0 531 62 -1
14 54 0 0 532 57 -1
14 56 0 0 531 51 -2
14 58 0 0 532 45 -2
14 61 0 0 534 38 -2
14 63 0 0 534 32 -1
14 64 0 0 538 23 -1
14 66 0 0 533 19 0
14 68 0 0 571 -4 1
14 69 0 0 572 -5 0
14 70 0 0 568 1 0
14 71 0 0 580 2 -3
14 74 0 0 -7 -1 0
14 75 0 4395 -6 0 0
14 76 0 5309 -6 3 0
14 77 0 6255 0 0 0
14 78 0 7233 0 0 0
14 79 0 8226 -5 4 0
14 80 0 9170 -4 6 0
14 81 0 9943 0 0 0
14 82 0 10410 -2 7 0
14 83 0 10481 0 0 0
14 84 0 10158 0 0 0
14 85 0 9525 0 7 0
14 86 0 8696 0 0 0
14 87 0 7774 1 7 0
14 88 0 6836 0 0 0
14 89 0 5931 2 6 0
14 90 0 5090 0 0 0
14 91 0 4329 4 5 0
14 92 0 3652 0 0 0
14 93 0 3054 5 3 0
14 94 0 2532 0 0 0
14 95 0 2080 5 2 0
14 96 0 1686 5 0 0
14 97 0 0 6 0 -1
15 2 0 0 540 8 -2
15 3 0 0 553 -30 -2
15 68 0 0 575 29 0
15 69 0 0 575 15 0
15 70 0 0 550 -3 1
15 71 0 0 594 1 1
15 74 0 0 -8 1 1
15 75 0 5222 -8 2 0
15 76 0 6366 0 0 0
15 77 0 7587 0 0 0
15 78 0 8907 0 0 0
15 79 0 10313 0 0 0
15 80 0 11700 0 0 0
15 81 0 12858 0 0 0
15 82 0 13564 0 0 0
15 83 0 13685 0 0 0
15 84 0 13243 0 0 0
15 85 0 12378 0 0 0
15 86 0 11264 0 0 0
15 87 0 10040 0 0 0
15 88 0 8804 0 0 0
15 89 0 7613 0 0 0
15 90 0 6506 0 0 0
15 91 0 5507 0 0 0
15 92 0 4618 0 0 0
15 93 0 3836 0 0 0
15 94 0 3157 0 0 0
15 95 0 2574 0 0 0
15 96 0 2074 7 2 0
15 97 0 0 6 0 1
16 2 0 0 581 26 10
16 3 0 0 557 24 3
16 5 0 0 519 -2 0
16 7 0 0 522 -5 0
16 8 0 0 524 -8 0
16 10 0 0 523 -12 0
16 12 0 0 525 -16 0
16 14 0 0 525 -21 0
16 17 0 0 528 -28 0
16 19 0 0 530 -36 -1
16 21 0 0 532 -47 0
16 23 0 0 535 -64 -1
16 24 0 0 532 -86 -2
16 26 0 0 520 -128 -7
16 28 0 0 438 -191 -10
16 29 0 0 406 -188 -14
16 30 0 0 327 -222 -21
16 31 0 0 282 -126 -15
16 32 0 0 253 -99 -14
16 33 0 0 237 -5 -12
16 34 0 0 235 29 -14
16 35 0 0 253 117 -14
16 36 0 0 269 153 -11
16 37 0 0 325 244 -19
16 38 0 0 385 229 -12
16 39 0 0 463 258 -26
16 40 0 0 477 204 -21
16 41 0 0 511 206 -16
16 43 0 0 553 140 -7
16 45 0 0 552 111 -3
16 46 0 0 548 92 0
16 48 0 0 546 78 0
16 50 0 0 541 69 0
16 52 0 0 541 61 0
16 54 0 0 539 56 0
16 56 0 0 539 50 0
16 58 0 0 540 45 0
16 61 0 0 540 39 0
16 63 0 0 544 33 0
16 64 0 0 546 25 0
16 66 0 0 543 21 0
16 68 0 0 580 -5 1
16 69 0 0 579 -3 0
16 70 0 0 576 1 0
16 71 0 0 589 2 -3
16 74 0 0 -10 -1 -1
16 75 0 6158 -8 0 0
16 76 0 7590 0 0 0
16 77 0 9165 0 0 0
16 78 0 10942 0 0 0
16 79 0 12908 -7 6 0
16 80 0 14889 -5 8 0
16 81 0 16544 0 0 0
16 82 0 17533 -2 9 0
16 83 0 17680 0 0 0
16 84 0 17052 0 0 0
16 85 0 15877 0 9 0
16 86 0 14404 0 0 0
16 87 0 12812 1 9 0
16 88 0 11216 0 0 0
16 89 0 9681 3 8 0
16 90 0 8249 0 0 0
16 91 0 6953 5 6 0
16 92 0 5797 0 0 0
16 93 0 4783 6 4 0
16 94 0 3905 0 0 0
16 95 0 3155 0 0 0
16 96 0 2521 7 0 0
16 97 0 0 7 0 -1
17 2 0 0 543 9 -2
17 3 0 0 555 -30 -2
17 28 0 0 485 -135 -18
17 29 0 0 439 -237 -22
17 30 0 0 325 -253 -21
17 31 0 0 232 -176 -14
17 32 0 0 189 -111 -11
17 33 0 0 165 -13 -11
17 34 0 0 157 46 -11
17 35 0 0 180 145 -12
17 36 0 0 215 220 -14
17 37 0 0 291 304 -21
17 38 0 0 419 333 -20
17 39 0 0 513 274 -29
17 40 0 0 531 208 -25
17 41 0 0 547 151 -9
17 68 0 0 582 28 0
17 69 0 0 583 15 0
17 70 0 0 558 -3 1
17 71 0 0 603 1 1
17 74 0 0 -11 2 1
17 75 0 7179 -11 3 0
17 76 0 8963 -8 4 0
17 77 0 10987 0 0 0
17 78 0 13364 0 0 0
17 79 0 16079 0 0 0
17 80 0 18848 0 0 0
17 81 0 21139 0 0 0
17 82 0 22456 0 0 0
17 83 0 22596 0 0 0
17 84 0 21708 0 0 0
17 85 0 20138 0 0 0
17 86 0 18224 0 0 0
17 87 0 16195 0 0 0
17 88 0 14176 0 0 0
17 89 0 12233 0 0 0
17 90 0 10409 0 0 0
17 91 0 8747 0 0 0
17 92 0 7256 0 0 0
17 93 0 5947 0 0 0
17 94 0 4813 0 0 0
17 95 0 3850 7 3 0
17 96 0 3043 9 2 0
17 97 0 0 8 0 2
18 2 0 0 582 26 10
18 3 0 0 559 24 3
18 7 0 0 524 -5 0
18 8 0 0 526 -7 0
18 10 0 0 527 -10 -1
18 12 0 0 529 -15 -1
18 14 0 0 532 -19 -1
18 17 0 0 536 -26 -1
18 19 0 0 542 -33 -1
18 21 0 0 547 -46 -1
18 23 0 0 554 -61 -1
18 24 0 0 571 -85 0
18 26 0 0 588 -126 -2
18 28 0 0 575 -229 6
18 29 0 0 550 -296 -28
18 30 0 0 161 -391 -6
18 31 0 0 94 -323 -4
18 32 0 0 50 -111 -7
18 33 0 0 46 -69 -6
18 34 0 0 47 89 -5
18 35 0 0 47 128 -6
18 36 0 0 76 313 -6
18 37 0 0 103 403 -6
18 38 0 0 577 565 -35
18 39 0 0 628 354 -29
18 40 0 0 611 236 5
18 41 0 0 626 183 7
18 43 0 0 603 125 -1
18 45 0 0 577 100 -1
18 46 0 0 565 87 0
18 48 0 0 555 73 0
18 50 0 0 550 67 0
18 52 0 0 546 59 0
18 54 0 0 544 56 -1
18 56 0 0 544 50 -1
18 58 0 0 544 47 0
18 61 0 0 546 41 -1
18 63 0 0 549 36 0
18 64 0 0 553 27 0
18 66 0 0 549 23 0
18 68 0 0 587 -4 1
18 69 0 0 587 -2 0
18 70 0 0 585 1 0
18 71 0 0 599 2 -3
18 74 0 0 -14 -2 -1
18 75 0 8203 -11 0 0
18 76 0 10418 0 0 0
18 77 0 13025 0 0 0
18 78 0 16198 0 0 0
18 79 0 19911 -9 8 0
18 80 0 23717 -6 10 0
18 81 0 26819 0 0 0
18 82 0 28519 -3 11 0
18 83 0 28607 0 0 0
18 84 0 27359 0 0 0
18 85 0 25275 0 12 0
18 86 0 22811 0 0 0
18 87 0 20254 2 11 0
18 88 0 17735 0 0 0
18 89 0 15310 5 10 0
18 90 0 13014 0 0 0
18 91 0 10905 7 8 0
18 92 0 9003 0 0 0
18 93 0 7333 0 0 0
18 94 0 5887 0 0 0
18 95 0 4662 0 0 0
18 96 0 3644 9 0 0
18 97 0 0 9 0 -2
19 2 0 0 545 9 -2
19 3 0 0 557 -30 -2
19 5 0 0 520 -2 0
19 28 0 0 697 -124 -6
19 29 0 0 906 -750 44
19 30 0 0 79 -590 12
19 31 0 0 27 -280 1
19 32 0 0 12 -162 4
19 33 0 0 17 -34 0
19 34 0 0 12 52 1
19 35 0 0 6 175 1
19 36 0 0 21 271 3
19 37 0 0 54 542 15
19 38 0 0 203 1162 31
19 39 0 0 785 474 2
19 40 0 0 709 176 -3
19 41 0 0 676 124 6
19 68 0 0 591 29 0
19 69 0 0 591 15 0
19 70 0 0 567 -3 1
19 71 0 0 612 1 1
19 74 0 0 -16 2 1
19 75 0 9123 -15 4 0
19 76 0 11852 -12 5 0
19 77 0 15202 0 0 0
19 78 0 19417 0 0 0
19 79 0 24458 0 0 0
19 80 0 29650 0 0 0
19 81 0 33816 0 0 0
19 82 0 35995 0 0 0
19 83 0 36012 0 0 0
19 84 0 34312 0 0 0
19 85 0 31578 0 0 0
19 86 0 28426 0 0 0
19 87 0 25227 0 0 0
19 88 0 22106 0 0 0
19 89 0 19085 0 0 0
19 90 0 16196 0 0 0
19 91 0 13519 0 0 0
19 92 0 11101 0 0 0
19 93 0 8985 8 6 0
19 94 0 7156 0 0 0
19 95 0 5612 9 3 0
19 96 0 4337 11 3 0
19 97 0 0 11 0 2
20 2 0 0 584 26 10
20 3 0 0 561 25 3
20 7 0 0 527 -3 0
20 8 0 0 529 -5 0
20 10 0 0 530 -8 0
20 12 0 0 534 -11 0
20 14 0 0 537 -15 0
20 17 0 0 543 -19 0
20 19 0 0 549 -26 0
20 21 0 0 561 -29 0
20 23 0 0 571 -44 0
20 24 0 0 597 -43 -1
20 26 0 0 631 -62 0
20 28 0 0 728 -109 -11
20 29 0 0 745 61 -31
20 38 0 0 587 -48 -11
20 39 0 0 753 -8 -36
20 40 0 0 704 124 -6
20 41 0 0 675 89 3
20 48 0 0 564 62 0
20 50 0 0 555 61 0
20 52 0 0 552 56 0
20 54 0 0 548 54 0
20 56 0 0 548 50 0
20 58 0 0 549 48 0
20 61 0 0 552 43 0
20 63 0 0 555 40 0
20 68 0 0 597 -2 1
20 69 0 0 596 -3 0
20 70 0 0 596 1 0
20 71 0 0 610 2 -3
20 74 0 0 -19 -2 -1
20 75 0 9835 -15 0 0
20 76 0 13135 0 0 0
20 77 0 17367 0 0 0
20 78 0 22876 0 0 0
20 79 0 29653 0 0 0
20 80 0 36741 -8 14 0
20 81 0 42367 0 0 0
20 82 0 45169 -4 15 0
20 83 0 45079 0 0 0
20 84 0 42809 0 0 0
20 85 0 39275 0 15 0
20 86 0 35307 0 0 0
20 87 0 31359 3 14 0
20 88 0 27504 0 0 0
20 89 0 23718 7 12 0
20 90 0 20047 0 0 0
20 91 0 16626 9 10 0
20 92 0 13552 0 0 0
20 93 0 10890 0 0 0
20 94 0 8608 0 0 0
20 95 0 6693 0 0 0
20 96 0 5121 12 0 0
20 97 0 0 12 0 -2
21 2 0 0 547 9 -2
21 3 0 0 558 -29 -2
21 5 0 0 522 -1 0
21 28 0 0 692 -38 -14
21 29 0 0 701 18 -2
21 38 0 0 699 -10 11
21 39 0 0 685 -8 -21
21 40 0 0 683 59 -6
21 41 0 0 672 49 6
21 43 0 0 615 87 7
21 45 0 0 593 71 0
21 46 0 0 574 72 0
21 64 0 0 561 30 0
21 66 0 0 558 28 0
21 68 0 0 603 26 1
21 69 0 0 601 16 0
21 70 0 0 578 -3 1
21 71 0 0 623 1 1
21 74 0 0 -21 3 2
21 75 0 10316 -20 6 0
21 76 0 14220 -15 7 0
21 77 0 19435 0 0 0
21 78 0 26462 0 0 0
21 79 0 35476 -12 11 0
21 80 0 45256 0 0 0
21 81 0 53089 0 0 0
21 82 0 56878 0 0 0
21 83 0 56707 0 0 0
21 84 0 53649 0 0 0
21 85 0 48990 0 0 0
21 86 0 43952 0 0 0
21 87 0 39049 0 0 0
21 88 0 34224 0 0 0
21 89 0 29405 0 0 0
21 90 0 24686 0 0 0
21 91 0 20288 0 0 0
21 92 0 16382 0 0 0
21 93 0 13053 11 7 0
21 94 0 10243 0 0 0
21 95 0 7910 12 4 0
21 96 0 6007 15 4 0
21 97 0 0 14 0 3
22 2 0 0 586 26 10
22 3 0 0 562 25 3
22 7 0 0 528 -2 0
22 8 0 0 530 -3 0
22 10 0 0 532 -5 0
22 12 0 0 536 -7 0
22 14 0 0 540 -10 0
22 17 0 0 547 -12 0
22 19 0 0 554 -16 0
22 21 0 0 565 -20 0
22 23 0 0 574 -24 -1
22 25 0 0 595 -27 1
22 27 0 0 605 -29 -3
22 28 0 0 661 -57 -17
22 29 0 0 708 -14 1
22 38 0 0 709 0 -2
22 39 0 0 674 11 -1
22 40 0 0 671 51 -5
22 41 0 0 666 53 4
22 48 0 0 566 55 0
22 50 0 0 557 55 0
22 52 0 0 553 52 0
22 54 0 0 550 53 0
22 56 0 0 550 51 0
22 58 0 0 551 50 0
22 68 0 0 609 0 2
22 69 0 0 606 -1 0
22 70 0 0 608 2 0
22 71 0 0 624 2 -3
22 74 0 0 -26 -3 -2
22 75 0 10607 -21 1 0
22 76 0 15193 0 0 0
22 77 0 21503 0 0 0
22 78 0 30231 0 0 0
22 79 0 42020 0 0 0
22 80 0 55551 0 0 0
22 81 0 66773 0 0 0
22 82 0 72390 -4 20 0
22 83 0 72408 0 0 0
22 84 0 68146 0 0 0
22 85 0 61675 0 20 0
22 86 0 55072 0 0 0
22 87 0 48778 5 18 0
22 88 0 42484 0 0 0
22 89 0 36193 9 15 0
22 90 0 30096 0 0 0
22 91 0 24473 12 12 0
22 92 0 19553 0 0 0
22 93 0 15434 0 0 0
22 94 0 12025 0 0 0
22 95 0 9234 0 0 0
22 96 0 6979 15 0 0
22 97 0 0 16 0 -3
23 2 0 0 548 9 -2
23 3 0 0 559 -29 -2
23 5 0 0 523 -1 0
23 28 0 0 658 9 -10
23 29 0 0 668 -5 2
23 38 0 0 694 1 0
23 39 0 0 655 16 0
23 40 0 0 668 20 0
23 41 0 0 669 17 0
23 43 0 0 606 57 2
23 44 0 0 593 55 0
23 46 0 0 575 57 0
23 61 0 0 555 47 0
23 63 0 0 560 44 0
23 64 0 0 568 35 0
23 66 0 0 567 34 0
23 68 0 0 615 27 0
23 69 0 0 612 19 -1
23 70 0 0 590 -2 1
23 71 0 0 637 1 1
23 74 0 0 -29 4 3
23 75 0 10840 -27 8 1
23 76 0 16418 -21 10 0
23 77 0 24104 0 0 0
23 78 0 34713 0 0 0
23 79 0 49875 -16 16 0
23 80 0 68536 -10 19 0
23 81 0 85039 0 0 0
23 82 0 94458 0 0 0
23 83 0 95382 0 0 0
23 84 0 88399 0 0 0
23 85 0 77964 0 0 0
23 86 0 68590 0 0 0
23 87 0 60245 0 0 0
23 88 0 51886 0 0 0
23 89 0 43676 0 0 0
23 90 0 35942 0 0 0
23 91 0 28947 0 0 0
23 92 0 22918 0 0 0
23 93 0 17944 14 9 0
23 94 0 13902 0 0 0
23 95 0 10643 16 5 0
23 96 0 8034 18 5 0
23 97 0 0 17 0 4
24 2 0 0 586 26 10
24 3 0 0 563 25 3
24 8 0 0 531 -1 0
24 10 0 0 534 -2 0
24 12 0 0 538 -3 0
24 14 0 0 543 -4 0
24 17 0 0 550 -5 0
24 19 0 0 557 -7 0
24 21 0 0 568 -8 0
24 23 0 0 580 -10 0
24 25 0 0 595 -9 0
24 27 0 0 605 -12 -2
24 28 0 0 658 -40 -2
24 29 0 0 697 -11 1
24 38 0 0 691 1 -3
24 39 0 0 664 12 0
24 40 0 0 658 34 0
24 41 0 0 660 28 5
24 43 0 0 601 35 1
24 44 0 0 591 38 0
24 46 0 0 575 44 0
24 50 0 0 557 48 0
24 52 0 0 553 49 0
24 68 0 0 623 5 2
24 69 0 0 618 0 -2
24 70 0 0 624 4 -1
24 71 0 0 642 2 -3
24 74 0 0 -36 -4 -2
24 75 0 10934 -29 3 0
24 76 0 17799 0 0 0
24 77 0 27166 0 0 0
24 78 0 40055 0 0 0
24 79 0 59773 0 0 0
24 80 0 85823 0 0 0
24 81 0 110983 0 0 0
24 82 0 128351 0 0 0
24 83 0 131262 0 0 0
24 84 0 117109 0 0 0
24 85 0 97144 0 0 0
24 86 0 82260 0 0 0
24 87 0 71264 0 0 0
24 88 0 60871 0 0 0
24 89 0 50843 12 19 0
24 90 0 41577 0 0 0
24 91 0 33306 0 0 0
24 92 0 26235 0 0 0
24 93 0 20441 0 0 0
24 94 0 15790 0 0 0
24 95 0 12086 0 0 0
24 96 0 9140 19 0 0
24 97 0 0 20 0 -4
25 2 0 0 548 10 -2
25 3 0 0 560 -28 -2
25 5 0 0 523 0 0
25 7 0 0 529 -1 0
25 28 0 0 656 18 -3
25 29 0 0 662 -7 4
25 38 0 0 681 0 0
25 39 0 0 642 12 2
25 40 0 0 656 6 1
25 41 0 0 654 0 0
25 48 0 0 566 45 0
25 54 0 0 550 51 0
25 56 0 0 550 52 0
25 59 0 0 553 53 0
25 61 0 0 557 51 0
25 63 0 0 564 52 0
25 64 0 0 575 43 0
25 66 0 0 578 43 0
25 68 0 0 628 33 0
25 69 0 0 625 24 -1
25 70 0 0 606 -1 1
25 71 0 0 654 2 1
25 74 0 0 -41 5 4
25 75 0 10267 -38 12 1
25 76 0 17825 -28 15 0
25 77 0 28471 0 0 0
25 78 0 44028 0 0 0
25 79 0 69756 -21 23 0
25 80 0 105450 -12 26 0
25 81 0 141983 0 0 0
25 82 0 169654 -4 27 0
25 83 0 173797 0 0 0
25 84 0 148306 0 0 0
25 85 0 114899 2 25 0
25 86 0 92762 0 0 0
25 87 0 79119 8 23 0
25 88 0 67495 0 0 0
25 89 0 56443 0 0 0
25 90 0 46212 0 0 0
25 91 0 37047 16 15 0
25 92 0 29183 0 0 0
25 93 0 22731 18 11 0
25 94 0 17577 0 0 0
25 95 0 13503 20 6 0
25 96 0 10266 23 6 0
25 97 0 0 22 0 5
26 2 0 0 586 27 10
26 3 0 0 563 26 3
26 12 0 0 538 1 0
26 14 0 0 543 1 0
26 17 0 0 550 2 0
26 19 0 0 557 2 0
26 21 0 0 569 2 0
26 23 0 0 578 3 0
26 25 0 0 597 3 0
26 27 0 0 600 1 -1
26 28 0 0 660 -29 2
26 29 0 0 694 -10 1
26 38 0 0 675 0 -3
26 39 0 0 651 9 1
26 40 0 0 650 23 0
26 41 0 0 650 18 1
26 68 0 0 640 14 2
26 69 0 0 635 0 -4
26 70 0 0 647 5 -2
26 71 0 0 667 2 -3
26 74 0 0 -52 -4 -2
26 75 0 8422 -41 7 0
26 76 0 15210 0 0 0
26 77 0 25744 0 0 0
26 78 0 43258 0 0 0
26 79 0 74680 0 0 0
26 80 0 119733 0 0 0
26 81 0 165162 0 0 0
26 82 0 196399 0 0 0
26 83 0 196734 0 0 0
26 84 0 163550 0 0 0
26 85 0 124016 0 0 0
26 86 0 98458 0 0 0
26 87 0 83261 0 0 0
26 88 0 71172 0 0 0
26 89 0 59951 0 0 0
26 90 0 49471 0 0 0
26 91 0 39900 0 0 0
26 92 0 31551 0 0 0
26 93 0 24650 0 0 0
26 94 0 19146 0 0 0
26 95 0 14811 0 0 0
26 96 0 11354 24 0 0
26 97 0 0 25 0 -5
27 2 0 0 548 10 -2
27 3 0 0 560 -28 -2
27 5 0 0 523 0 0
27 7 0 0 529 0 0
27 8 0 0 531 0 0
27 10 0 0 534 1 0
27 28 0 0 657 26 0
27 29 0 0 650 4 11
27 38 0 0 671 0 0
27 39 0 0 629 9 3
27 40 0 0 649 -2 0
27 41 0 0 643 -10 -2
27 43 0 0 589 19 0
27 44 0 0 585 25 0
27 46 0 0 570 32 0
27 48 0 0 562 36 0
27 50 0 0 554 41 0
27 52 0 0 550 45 0
27 54 0 0 547 50 0
27 56 0 0 548 53 0
27 59 0 0 551 57 0
27 61 0 0 557 58 0
27 63 0 0 566 61 0
27 64 0 0 580 53 0
27 66 0 0 590 57 0
27 68 0 0 648 45 0
27 69 0 0 642 32 -2
27 70 0 0 627 1 0
27 71 0 0 679 3 0
27 74 0 0 -61 7 5
27 75 0 6104 -54 20 1
27 76 0 11239 -39 24 0
27 77 0 20402 0 0 0
27 78 0 37922 0 0 0
27 79 0 71510 -27 32 0
27 80 0 121045 -14 36 0
27 81 0 168985 0 0 0
27 82 0 195476 -4 35 0
27 83 0 189163 0 0 0
27 84 0 156610 0 0 0
27 85 0 122109 5 33 0
27 86 0 99094 0 0 0
27 87 0 84125 11 28 0
27 88 0 72210 0 0 0
27 89 0 61469 17 24 0
27 90 0 51365 0 0 0
27 91 0 41826 20 18 0
27 92 0 33262 0 0 0
27 93 0 26109 23 13 0
27 94 0 20416 0 0 0
27 95 0 15945 25 8 0
27 96 0 12350 29 7 -1
27 97 0 0 27 0 6
28 2 0 0 586 27 10
28 3 0 0 563 26 3
28 19 0 0 557 11 0
28 21 0 0 568 13 0
28 23 0 0 580 15 0
28 25 0 0 596 13 0
28 27 0 0 609 17 0
28 28 0 0 662 -20 4
28 29 0 0 621 -15 6
28 38 0 0 667 0 -3
28 39 0 0 647 6 4
28 40 0 0 646 16 0
28 41 0 0 643 14 1
28 68 0 0 664 33 0
28 69 0 0 657 19 -5
28 70 0 0 681 12 -3
28 71 0 0 704 3 -3
28 74 0 0 -79 -4 0
28 75 0 4236 -61 14 -1
28 76 0 7930 0 0 0
28 77 0 15353 0 0 0
28 78 0 30624 0 0 0
28 79 0 60270 0 0 0
28 80 0 104635 0 0 0
28 81 0 147449 0 0 0
28 82 0 168250 0 0 0
28 83 0 160439 0 0 0
28 84 0 135447 0 0 0
28 85 0 111157 0 0 0
28 86 0 94014 0 0 0
28 87 0 81245 0 0 0
28 88 0 70574 0 0 0
28 89 0 61032 0 0 0
28 90 0 51844 0 0 0
28 91 0 42728 0 0 0
28 92 0 34226 0 0 0
28 93 0 27040 0 0 0
28 94 0 21333 0 0 0
28 95 0 16852 0 0 0
28 96 0 13201 30 0 0
28 97 0 0 31 0 -6
29 2 0 0 547 10 -2
29 3 0 0 559 -27 -2
29 5 0 0 523 1 0
29 7 0 0 528 2 0
29 8 0 0 531 3 0
29 10 0 0 533 4 0
29 12 0 0 537 5 0
29 14 0 0 542 7 0
29 17 0 0 549 9 0
29 28 0 0 658 39 2
29 29 0 0 629 -2 -9
29 38 0 0 667 0 0
29 39 0 0 624 8 5
29 40 0 0 643 -7 0
29 41 0 0 636 -16 -1
29 43 0 0 585 6 0
29 44 0 0 579 13 0
29 46 0 0 565 21 0
29 48 0 0 556 28 0
29 50 0 0 548 35 0
29 52 0 0 544 42 0
29 54 0 0 542 49 0
29 56 0 0 543 55 0
29 59 0 0 547 62 0
29 61 0 0 554 67 0
29 63 0 0 566 74 1
29 64 0 0 582 71 0
29 66 0 0 602 78 -1
29 68 0 0 663 74 -1
29 69 0 0 665 55 -2
29 70 0 0 664 9 -1
29 71 0 0 721 4 0
29 74 0 0 -95 8 7
29 75 0 3020 -75 36 0
29 76 0 5782 -52 39 1
29 77 0 11607 0 0 0
29 78 0 23395 0 0 0
29 79 0 44985 -33 48 0
29 80 0 76632 -14 50 0
29 81 0 107982 0 0 0
29 82 0 124205 -1 46 0
29 83 0 120897 0 0 0
29 84 0 107085 0 0 0
29 85 0 93675 9 41 0
29 86 0 83318 0 0 0
29 87 0 74296 17 35 0
29 88 0 66083 0 0 0
29 89 0 58418 22 28 0
29 90 0 50569 0 0 0
29 91 0 42279 26 22 0
29 92 0 34243 0 0 0
29 93 0 27359 29 15 0
29 94 0 21863 0 0 0
29 95 0 17500 31 9 0
29 96 0 13871 35 9 -1
29 97 0 0 34 0 7
30 2 0 0 584 27 10
30 3 0 0 561 27 3
30 21 0 0 564 26 0
30 23 0 0 576 30 0
30 25 0 0 596 34 -2
30 28 0 0 662 -9 5
30 29 0 0 717 -6 2
30 38 0 0 669 0 -3
30 39 0 0 651 4 8
30 40 0 0 644 8 -3
30 41 0 0 641 2 1
30 68 0 0 678 71 -3
30 69 0 0 693 62 -4
30 70 0 0 732 25 2
30 71 0 0 780 4 -4
30 74 0 0 -134 -4 7
30 75 0 2224 -96 37 -1
30 76 0 4334 0 0 0
30 77 0 8738 0 0 0
30 78 0 17124 0 0 0
30 79 0 31099 0 0 0
30 80 0 50395 0 0 0
30 81 0 69970 0 0 0
30 82 0 82132 0 0 0
30 83 0 84013 0 0 0
30 84 0 79811 0 0 0
30 85 0 74693 0 0 0
30 86 0 69864 0 0 0
30 87 0 64724 0 0 0
30 88 0 59389 0 0 0
30 89 0 53807 0 0 0
30 90 0 47474 0 0 0
30 91 0 40370 0 0 0
30 92 0 33277 0 0 0
30 93 0 27090 0 0 0
30 94 0 22042 0 0 0
30 95 0 17909 0 0 0
30 96 0 14360 37 0 0
30 97 0 0 38 0 -7
31 2 0 0 546 10 -2
31 3 0 0 557 -27 -2
31 5 0 0 521 2 0
31 7 0 0 527 3 0
31 8 0 0 529 5 0
31 10 0 0 531 7 0
31 12 0 0 535 10 0
31 14 0 0 539 13 0
31 17 0 0 546 17 0
31 19 0 0 553 21 0
31 27 0 0 609 35 4
31 28 0 0 653 49 4
31 29 0 0 692 -5 1
31 38 0 0 672 -1 0
31 39 0 0 625 6 7
31 40 0 0 641 -20 0
31 41 0 0 634 -28 0
31 43 0 0 578 -9 0
31 44 0 0 571 0 0
31 46 0 0 555 9 0
31 48 0 0 548 20 0
31 50 0 0 540 30 0
31 52 0 0 536 39 0
31 54 0 0 534 49 0
31 57 0 0 535 58 0
31 59 0 0 539 68 0
31 61 0 0 546 77 0
31 63 0 0 559 90 1
31 64 0 0 579 95 -1
31 66 0 0 613 111 -2
31 68 0 0 663 115 -4
31 69 0 0 684 100 -4
31 70 0 0 737 28 0
31 71 0 0 823 6 -2
31 74 0 0 -177 9 8
31 75 0 1657 -116 71 0
31 76 0 3240 -72 71 3
31 77 0 6425 0 0 0
31 78 0 12152 0 0 0
31 79 0 21063 -38 71 0
31 80 0 32756 -11 68 0
31 81 0 44966 0 0 0
31 82 0 54246 4 60 0
31 83 0 58713 0 0 0
31 84 0 59517 0 0 0
31 85 0 58725 16 51 0
31 86 0 57163 0 0 0
31 87 0 54859 24 42 0
31 88 0 51887 0 0 0
31 89 0 48090 30 33 0
31 90 0 43217 0 0 0
31 91 0 37494 34 25 0
31 92 0 31652 0 0 0
31 93 0 26411 36 17 0
31 94 0 21945 0 0 0
31 95 0 18102 37 10 0
31 96 0 14671 42 10 -1
31 97 0 0 42 0 9
32 2 0 0 582 27 10
32 3 0 0 560 27 3
32 28 0 0 686 24 9
32 29 0 0 765 4 0
32 38 0 0 701 -1 -1
32 39 0 0 660 -6 8
32 40 0 0 651 -13 2
32 41 0 0 642 -15 4
32 43 0 0 570 -31 -3
32 45 0 0 561 -13 1
32 68 0 0 684 127 -8
32 69 0 0 732 161 -5
32 70 0 0 859 139 -10
32 71 0 0 998 20 -7
32 74 0 0 -192 -39 -57
32 75 0 1234 -170 101 4
32 76 0 2405 0 0 0
32 77 0 4673 0 0 0
32 78 0 8607 0 0 0
32 79 0 14603 0 0 0
32 80 0 22419 0 0 0
32 81 0 30884 0 0 0
32 82 0 38194 0 0 0
32 83 0 43028 0 0 0
32 84 0 45489 0 0 0
32 85 0 46461 0 0 0
32 86 0 46589 0 0 0
32 87 0 46038 0 0 0
32 88 0 44698 0 0 0
32 89 0 42314 0 0 0
32 90 0 38790 0 0 0
32 91 0 34453 0 0 0
32 92 0 29884 0 0 0
32 93 0 25584 0 0 0
32 94 0 21685 0 0 0
32 95 0 18128 0 0 0
32 96 0 14828 44 -1 0
32 97 0 0 45 0 -10
33 2 0 0 544 11 -2
33 3 0 0 555 -26 -2
33 5 0 0 519 3 0
33 7 0 0 525 5 0
33 8 0 0 526 7 0
33 10 0 0 529 10 0
33 12 0 0 532 14 0
33 14 0 0 536 18 0
33 17 0 0 541 23 0
33 19 0 0 548 30 0
33 21 0 0 559 36 0
33 23 0 0 573 47 0
33 24 0 0 597 51 -1
33 26 0 0 627 70 -3
33 28 0 0 687 117 0
33 29 0 0 776 18 -1
33 38 0 0 717 -3 -2
33 39 0 0 646 -19 2
33 40 0 0 617 -55 3
33 41 0 0 612 -53 0
33 46 0 0 543 -2 0
33 48 0 0 537 13 0
33 50 0 0 529 24 0
33 52 0 0 526 36 0
33 54 0 0 523 48 0
33 57 0 0 524 60 0
33 59 0 0 526 74 0
33 61 0 0 533 88 0
33 63 0 0 545 109 0
33 64 0 0 565 126 0
33 66 0 0 596 160 -6
33 68 0 0 677 213 -14
33 69 0 0 706 270 -10
33 70 0 3 1271 544 -35
33 71 0 0 1317 53 -4
33 72 0 0 -92 246 -10
33 73 0 0 -25 552 9
33 74 0 0 -319 260 -265
33 75 0 913 -211 230 10
33 76 0 1775 -87 141 5
33 77 0 3404 0 0 0
33 78 0 6165 0 0 0
33 79 0 10356 -31 111 1
33 80 0 15847 -2 93 0
33 81 0 21946 0 0 0
33 82 0 27598 15 75 0
33 83 0 31945 0 0 0
33 84 0 34855 0 0 0
33 85 0 36705 27 61 0
33 86 0 37888 0 0 0
33 87 0 38501 34 49 0
33 88 0 38345 0 0 0
33 89 0 37148 39 38 0
33 90 0 34865 0 0 0
33 91 0 31775 42 28 0
33 92 0 28288 0 0 0
33 93 0 24755 44 19 0
33 94 0 21316 0 0 0
33 95 0 18007 45 12 0
33 96 0 14837 51 12 -1
33 97 0 0 50 0 11
34 2 0 0 580 27 10
34 3 0 0 557 28 3
34 21 0 0 547 52 0
34 28 0 0 709 108 -6
34 29 0 0 899 79 9
34 38 0 0 838 -9 -3
34 39 0 0 773 -107 0
34 40 0 0 636 -85 0
34 41 0 0 622 -48 1
34 68 0 1 616 224 -12
34 69 0 3 619 307 -23
34 70 0 5 581 437 -33
34 71 0 10 1037 1114 -55
34 72 0 22 82 617 -9
34 73 0 123 40 528 -5
34 74 0 332 -46 421 9
34 75 0 668 -75 272 7
34 76 0 1291 0 0 0
34 77 0 2449 0 0 0
34 78 0 4372 0 0 0
34 79 0 7266 0 0 0
34 80 0 11054 0 0 0
34 81 0 15347 0 0 0
34 82 0 19580 0 0 0
34 83 0 23282 0 0 0
34 84 0 26303 0 0 0
34 85 0 28730 0 0 0
34 86 0 30699 0 0 0
34 87 0 32184 0 0 0
34 88 0 32961 0 0 0
34 89 0 32777 0 0 0
34 90 0 31569 0 0 0
34 91 0 29505 0 0 0
34 92 0 26862 0 0 0
34 93 0 23913 0 0 0
34 94 0 20837 0 0 0
34 95 0 17742 0 0 0
34 96 0 14702 53 -2 0
34 97 0 0 53 0 -12
35 2 0 0 541 11 -2
35 3 0 0 553 -26 -2
35 5 0 0 517 4 0
35 7 0 0 522 6 0
35 8 0 0 523 9 0
35 10 0 0 525 13 0
35 12 0 0 527 17 0
35 14 0 0 530 22 0
35 17 0 0 534 30 0
35 19 0 0 540 39 0
35 23 0 0 558 68 0
35 24 0 0 573 94 -1
35 26 0 0 604 132 -4
35 28 0 0 664 237 -8
35 29 0 0 814 285 -8
35 30 0 0 178 476 12
35 31 0 0 -54 198 -3
35 32 0 0 13 150 7
35 33 0 0 8 110 3
35 34 0 0 11 -10 0
35 35 0 0 12 -36 0
35 36 0 0 -14 -98 -9
35 37 0 0 -62 -130 -18
35 38 0 0 552 -491 0
35 39 0 0 746 -291 -12
35 40 0 0 584 -164 -2
35 41 0 0 593 -116 -4
35 43 0 0 549 -64 -5
35 45 0 0 538 -29 0
35 46 0 0 528 -14 0
35 48 0 0 521 6 0
35 50 0 0 516 19 0
35 52 0 0 513 33 0
35 54 0 0 510 47 0
35 57 0 0 509 61 0
35 59 0 0 510 78 0
35 61 0 0 512 96 0
35 63 0 0 519 123 1
35 64 0 0 530 152 0
35 66 0 0 538 204 4
35 68 0 1 537 259 0
35 69 0 3 479 327 4
35 70 0 6 473 427 16
35 71 0 14 342 560 2
35 72 0 35 215 567 19
35 73 0 105 83 446 4
35 74 0 247 59 382 10
35 75 0 489 -18 284 9
35 76 0 931 0 0 0
35 77 0 1735 -18 208 6
35 78 0 3039 0 0 0
35 79 0 4986 8 150 1
35 80 0 7542 25 115 0
35 81 0 10527 0 0 0
35 82 0 13678 36 89 0
35 83 0 16786 0 0 0
35 84 0 19735 0 0 0
35 85 0 22480 43 70 0
35 86 0 24971 0 0 0
35 87 0 27070 47 54 0
35 88 0 28535 0 0 0
35 89 0 29125 50 42 0
35 90 0 28741 0 0 0
35 91 0 27459 52 31 0
35 92 0 25461 0 0 0
35 93 0 22978 53 21 0
35 94 0 20215 0 0 0
35 95 0 17325 54 12 0
35 96 0 14419 60 13 -1
35 97 0 0 59 0 13
36 2 0 0 577 27 10
36 3 0 0 554 28 3
36 17 0 0 525 32 0
36 19 0 0 527 43 0
36 21 0 0 531 56 0
36 28 0 0 551 179 0
36 29 0 0 544 343 5
36 30 0 0 295 413 1
36 31 0 0 183 267 -3
36 32 0 0 145 173 -1
36 33 0 0 123 78 0
36 34 0 0 128 24 1
36 35 0 0 128 -66 0
36 36 0 0 156 -115 -2
36 37 0 0 234 -262 10
36 38 0 0 379 -349 0
36 39 0 0 489 -212 5
36 40 0 0 520 -158 0
36 41 0 0 536 -93 -4
36 48 0 0 504 0 0
36 68 0 1 0 0 0
36 69 0 4 0 0 0
36 70 0 7 0 0 0
36 71 0 16 0 0 0
36 72 0 39 0 0 0
36 73 0 89 0 0 0
36 74 0 185 0 0 0
36 75 0 357 0 0 0
36 76 0 665 0 0 0
36 77 0 1216 0 0 0
36 78 0 2086 0 0 0
36 79 0 3383 0 0 0
36 80 0 5115 0 0 0
36 81 0 7231 0 0 0
36 82 0 9640 0 0 0
36 83 0 12270 0 0 0
36 84 0 15046 0 0 0
36 85 0 17874 0 0 0
36 86 0 20614 0 0 0
36 87 0 23053 0 0 0
36 88 0 24932 0 0 0
36 89 0 26014 0 0 0
36 90 0 26181 0 0 0
36 91 0 25451 0 0 0
36 92 0 23950 0 0 0
36 93 0 21868 0 0 0
36 94 0 19403 0 0 0
36 95 0 16725 0 0 0
36 96 0 13969 63 -2 0
36 97 0 0 62 0 -13
37 2 0 0 538 10 -2
37 3 0 0 550 -26 -2
37 5 0 0 514 4 0
37 7 0 0 519 7 0
37 8 0 0 520 10 0
37 10 0 0 521 14 0
37 12 0 0 522 19 0
37 14 0 0 523 25 0
37 23 0 0 533 75 0
37 24 0 0 535 102 0
37 26 0 0 534 146 1
37 28 0 0 482 206 14
37 29 0 0 435 248 13
37 30 0 0 324 292 19
37 31 0 0 249 194 16
37 32 0 0 216 146 18
37 33 0 0 191 60 18
37 34 0 0 187 29 17
37 35 0 0 192 -56 16
37 36 0 0 221 -94 14
37 37 0 0 276 -196 18
37 38 0 0 339 -184 15
37 39 0 0 407 -194 28
37 40 0 0 432 -132 21
37 41 0 0 471 -119 14
37 43 0 0 509 -70 5
37 45 0 0 509 -40 2
37 46 0 0 508 -19 0
37 50 0 0 501 15 0
37 52 0 0 498 30 0
37 54 0 0 495 44 0
37 57 0 0 493 60 0
37 59 0 0 491 77 0
37 61 0 0 488 97 0
37 63 0 0 487 126 0
37 64 0 0 483 157 0
37 66 0 0 477 216 0
37 68 0 1 459 269 -1
37 69 0 3 0 0 0
37 70 0 7 365 364 1
37 71 0 14 0 0 0
37 72 0 33 203 377 0
37 73 0 69 0 0 0
37 74 0 140 0 0 0
37 75 0 265 109 289 3
37 76 0 481 0 0 0
37 77 0 863 67 212 3
37 78 0 1453 0 0 0
37 79 0 2338 59 155 0
37 80 0 3554 59 120 0
37 81 0 5117 0 0 0
37 82 0 7021 60 92 0
37 83 0 9262 0 0 0
37 84 0 11795 0 0 0
37 85 0 14525 61 73 0
37 86 0 17279 0 0 0
37 87 0 19815 62 56 0
37 88 0 21865 0 0 0
37 89 0 23202 63 43 0
37 90 0 23703 0 0 0
37 91 0 23363 63 31 0
37 92 0 22263 0 0 0
37 93 0 20549 63 21 0
37 94 0 18388 0 0 0
37 95 0 15939 63 13 0
37 96 0 13355 69 15 -2
37 97 0 0 68 0 15
38 2 0 0 573 27 10
38 3 0 0 551 28 3
38 10 0 0 516 15 0
38 12 0 0 516 20 0
38 14 0 0 517 26 0
38 16 0 0 516 33 0
38 19 0 0 517 43 0
38 21 0 0 514 56 0
38 48 0 0 487 0 0
38 50 0 0 486 13 0
38 68 0 1 0 0 0
38 69 0 3 0 0 0
38 70 0 6 0 0 0
38 71 0 13 0 0 0
38 72 0 27 0 0 0
38 73 0 54 0 0 0
38 74 0 108 0 0 0
38 75 0 200 0 0 0
38 76 0 355 0 0 0
38 77 0 628 0 0 0
38 78 0 1045 0 0 0
38 79 0 1678 0 0 0
38 80 0 2575 0 0 0
38 81 0 3777 0 0 0
38 82 0 5319 0 0 0
38 83 0 7227 0 0 0
38 84 0 9479 0 0 0
38 85 0 11990 0 0 0
38 86 0 14590 0 0 0
38 87 0 17041 0 0 0
38 88 0 19090 0 0 0
38 89 0 20524 0 0 0
38 90 0 21226 0 0 0
38 91 0 21173 0 0 0
38 92 0 20414 0 0 0
38 93 0 19044 0 0 0
38 94 0 17189 0 0 0
38 95 0 14989 0 0 0
38 96 0 12604 72 -3 0
38 97 0 0 71 0 -14
39 2 0 0 535 10 -2
39 3 0 0 547 -26 -2
39 5 0 0 511 4 0
39 7 0 0 516 7 0
39 8 0 0 516 11 0
39 23 0 0 512 74 0
39 24 0 0 501 97 0
39 26 0 0 490 129 5
39 28 0 0 442 170 7
39 30 0 0 357 160 8
39 33 0 0 304 76 7
39 35 0 0 297 0 5
39 37 0 0 329 -86 9
39 39 0 0 402 -112 6
39 41 0 0 462 -92 2
39 43 0 0 474 -70 5
39 45 0 0 483 -38 0
39 46 0 0 487 -20 0
39 52 0 0 484 27 0
39 54 0 0 481 41 0
39 57 0 0 476 56 0
39 59 0 0 472 73 0
39 61 0 0 465 92 0
39 63 0 0 458 116 0
39 64 0 0 444 144 0
39 66 0 0 427 181 1
39 68 0 1 393 223 3
39 69 0 2 0 0 0
39 70 0 5 326 273 2
39 71 0 10 0 0 0
39 72 0 22 0 0 0
39 73 0 43 225 276 1
39 74 0 84 0 0 0
39 75 0 153 158 235 1
39 76 0 267 0 0 0
39 77 0 468 117 189 0
39 78 0 773 0 0 0
39 79 0 1244 101 147 0
39 80 0 1928 0 0 0
39 81 0 2873 89 116 0
39 82 0 4133 0 0 0
39 83 0 5746 84 91 0
39 84 0 7704 0 0 0
39 85 0 9939 80 72 0
39 86 0 12300 0 0 0
39 87 0 14570 77 56 0
39 88 0 16524 0 0 0
39 89 0 17970 75 42 0
39 90 0 18794 0 0 0
39 91 0 18959 74 31 0
39 92 0 18483 0 0 0
39 93 0 17420 73 21 0
39 94 0 15856 0 0 0
39 95 0 13915 71 12 0
39 96 0 11750 78 15 -2
39 97 0 0 77 0 16
40 2 0 0 570 27 10
40 3 0 0 548 28 3
40 8 0 0 512 11 0
40 10 0 0 512 15 0
40 12 0 0 511 19 0
40 14 0 0 510 25 0
40 16 0 0 508 31 0
40 18 0 0 506 40 0
40 21 0 0 501 50 0
40 23 0 0 495 63 0
40 48 0 0 472 0 0
40 50 0 0 473 12 0
40 52 0 0 470 25 0
40 68 0 0 0 0 0
40 69 0 2 0 0 0
40 70 0 4 0 0 0
40 71 0 8 0 0 0
40 72 0 17 0 0 0
40 73 0 34 0 0 0
40 74 0 66 0 0 0
40 75 0 118 0 0 0
40 76 0 203 0 0 0
40 77 0 355 0 0 0
40 78 0 583 0 0 0
40 79 0 941 0 0 0
40 80 0 1475 0 0 0
40 81 0 2226 0 0 0
40 82 0 3255 0 0 0
40 83 0 4606 0 0 0
40 84 0 6282 0 0 0
40 85 0 8230 0 0 0
40 86 0 10327 0 0 0
40 87 0 12386 0 0 0
40 88 0 14208 0 0 0
40 89 0 15619 0 0 0
40 90 0 16509 0 0 0
40 91 0 16827 0 0 0
40 92 0 16568 0 0 0
40 93 0 15757 0 0 0
40 94 0 14456 0 0 0
40 95 0 12766 0 0 0
40 96 0 10831 81 -5 0
40 97 0 0 80 0 -15
41 2 0 0 532 10 -2
41 3 0 0 543 -26 -2
41 5 0 0 508 4 0
41 7 0 0 512 7 0
41 24 0 0 481 76 0
41 26 0 0 462 91 2
41 28 0 0 426 106 4
41 30 0 0 369 96 6
41 33 0 0 339 54 8
41 35 0 0 332 5 5
41 37 0 0 349 -40 5
41 39 0 0 394 -59 5
41 41 0 0 426 -52 6
41 43 0 0 453 -38 2
41 45 0 0 463 -26 1
41 47 0 0 472 -13 0
41 55 0 0 466 37 0
41 57 0 0 461 51 0
41 59 0 0 455 66 0
41 61 0 0 445 83 0
41 63 0 0 434 104 0
41 64 0 0 418 126 0
41 66 0 0 396 153 0
41 68 0 0 363 181 0
41 69 0 1 0 0 0
41 70 0 3 312 207 -2
41 71 0 6 0 0 0
41 72 0 13 245 208 -1
41 73 0 27 0 0 0
41 74 0 50 0 0 0
41 75 0 90 194 185 -1
41 76 0 154 0 0 0
41 77 0 270 156 156 -1
41 78 0 444 0 0 0
41 79 0 721 132 127 0
41 80 0 1142 0 0 0
41 81 0 1742 116 104 0
41 82 0 2581 0 0 0
41 83 0 3706 105 83 0
41 84 0 5128 0 0 0
41 85 0 6813 97 66 0
41 86 0 8660 0 0 0
41 87 0 10512 91 51 0
41 88 0 12191 0 0 0
41 89 0 13539 87 40 0
41 90 0 14445 0 0 0
41 91 0 14854 84 29 0
41 92 0 14745 0 0 0
41 93 0 14130 82 20 0
41 94 0 13052 0 0 0
41 95 0 11596 80 12 0
41 96 0 9891 86 16 -2
41 97 0 0 86 0 18
42 2 0 0 566 27 10
42 3 0 0 545 28 3
42 10 0 0 508 14 0
42 12 0 0 506 18 0
42 14 0 0 504 23 0
42 16 0 0 501 29 0
42 18 0 0 498 36 0
42 21 0 0 492 44 0
42 23 0 0 484 53 0
42 25 0 0 472 63 0
42 26 0 0 456 71 0
42 28 0 0 432 77 0
42 31 0 0 399 67 0
42 33 0 0 382 39 0
42 35 0 0 378 10 0
42 37 0 0 383 -20 0
42 39 0 0 409 -34 -1
42 41 0 0 430 -36 0
42 43 0 0 445 -29 -1
42 45 0 0 455 -19 0
42 46 0 0 460 -10 0
42 48 0 0 461 0 0
42 50 0 0 461 10 0
42 52 0 0 458 21 0
42 55 0 0 454 32 0
42 68 0 0 0 0 0
42 69 0 1 0 0 0
42 70 0 2 0 0 0
42 71 0 5 0 0 0
42 72 0 10 0 0 0
42 73 0 21 0 0 0
42 74 0 39 0 0 0
42 75 0 70 0 0 0
42 76 0 119 0 0 0
42 77 0 208 0 0 0
42 78 0 344 0 0 0
42 79 0 562 0 0 0
42 80 0 898 0 0 0
42 81 0 1383 0 0 0
42 82 0 2073 0 0 0
42 83 0 3018 0 0 0
42 84 0 4234 0 0 0
42 85 0 5702 0 0 0
42 86 0 7341 0 0 0
42 87 0 9012 0 0 0
42 88 0 10554 0 0 0
42 89 0 11817 0 0 0
42 90 0 12697 0 0 0
42 91 0 13135 0 0 0
42 92 0 13112 0 0 0
42 93 0 12632 0 0 0
42 94 0 11729 0 0 0
42 95 0 10474 0 0 0
42 96 0 8979 89 -6 1
42 97 0 0 88 0 -15
43 2 0 0 528 10 -2
43 3 0 0 540 -26 -2
43 5 0 0 505 4 0
43 7 0 0 509 6 0
43 8 0 0 508 10 0
43 57 0 0 448 44 0
43 59 0 0 440 57 0
43 61 0 0 429 72 0
43 63 0 0 415 88 0
43 65 0 0 396 105 0
43 67 0 0 373 125 0
43 68 0 0 341 142 0
43 69 0 1 0 0 0
43 70 0 2 302 157 0
43 71 0 3 0 0 0
43 72 0 7 251 158 0
43 73 0 16 0 0 0
43 74 0 29 212 146 0
43 75 0 53 0 0 0
43 76 0 91 177 128 0
43 77 0 160 0 0 0
43 78 0 268 0 0 0
43 79 0 442 154 108 0
43 80 0 716 0 0 0
43 81 0 1114 135 89 0
43 82 0 1691 0 0 0
43 83 0 2498 122 73 0
43 84 0 3555 0 0 0
43 85 0 4855 112 58 0
43 86 0 6327 0 0 0
43 87 0 7846 104 46 0
43 88 0 9259 0 0 0
43 89 0 10426 98 35 0
43 90 0 11248 0 0 0
43 91 0 11675 94 26 0
43 92 0 11690 0 0 0
43 93 0 11298 91 18 0
43 94 0 10530 0 0 0
43 95 0 9444 88 10 0
43 96 0 8134 94 16 -2
43 97 0 0 94 0 19
44 2 0 0 563 27 10
44 3 0 0 542 28 3
44 16 0 0 496 25 0
44 18 0 0 491 30 0
44 20 0 0 484 36 0
44 23 0 0 476 42 0
44 25 0 0 465 49 0
44 27 0 0 450 52 0
44 29 0 0 432 54 0
44 31 0 0 411 45 0
44 33 0 0 398 29 0
44 35 0 0 394 10 0
44 37 0 0 398 -6 -1
44 39 0 0 413 -18 0
44 41 0 0 425 -19 0
44 43 0 0 439 -18 0
44 44 0 0 445 -11 0
44 46 0 0 451 -5 0
44 48 0 0 452 2 0
44 50 0 0 451 9 0
44 68 0 0 0 0 0
44 69 0 0 0 0 0
44 70 0 1 0 0 0
44 71 0 2 0 0 0
44 72 0 5 0 0 0
44 73 0 12 0 0 0
44 74 0 22 0 0 0
44 75 0 40 0 0 0
44 76 0 70 0 0 0
44 77 0 125 0 0 0
44 78 0 212 0 0 0
44 79 0 355 0 0 0
44 80 0 583 0 0 0
44 81 0 918 0 0 0
44 82 0 1411 0 0 0
44 83 0 2116 0 0 0
44 84 0 3053 0 0 0
44 85 0 4222 0 0 0
44 86 0 5560 0 0 0
44 87 0 6948 0 0 0
44 88 0 8244 0 0 0
44 89 0 9314 0 0 0
44 90 0 10068 0 0 0
44 91 0 10465 0 0 0
44 92 0 10494 0 0 0
44 93 0 10163 0 0 0
44 94 0 9498 0 0 0
44 95 0 8550 0 0 0
44 96 0 7398 96 -8 1
44 97 0 0 95 0 -16
45 2 0 0 525 10 -2
45 3 0 0 537 -26 -2
45 5 0 0 502 4 0
45 7 0 0 506 6 0
45 8 0 0 505 9 0
45 10 0 0 504 12 0
45 12 0 0 502 16 0
45 14 0 0 499 20 0
45 53 0 0 448 18 0
45 55 0 0 444 27 0
45 57 0 0 436 37 0
45 59 0 0 427 47 0
45 61 0 0 415 59 0
45 63 0 0 400 72 0
45 65 0 0 381 85 0
45 67 0 0 358 98 0
45 68 0 0 330 110 0
45 69 0 0 0 0 0
45 70 0 1 296 118 0
45 71 0 2 0 0 0
45 72 0 4 258 119 0
45 73 0 9 0 0 0
45 74 0 17 0 0 0
45 75 0 32 224 111 0
45 76 0 56 0 0 0
45 77 0 101 195 100 0
45 78 0 174 0 0 0
45 79 0 294 170 85 0
45 80 0 489 0 0 0
45 81 0 779 151 73 0
45 82 0 1211 0 0 0
45 83 0 1836 136 59 0
45 84 0 2677 0 0 0
45 85 0 3736 124 48 0
45 86 0 4956 0 0 0
45 87 0 6229 115 38 0
45 88 0 7419 0 0 0
45 89 0 8404 107 29 0
45 90 0 9102 0 0 0
45 91 0 9475 102 22 0
45 92 0 9516 0 0 0
45 93 0 9235 98 15 0
45 94 0 8656 0 0 0
45 95 0 7821 95 9 0
45 96 0 6799 101 16 -2
45 97 0 0 101 -1 20
46 2 0 0 560 27 10
46 3 0 0 539 28 3
46 20 0 0 480 29 0
46 22 0 0 472 33 0
46 25 0 0 462 37 0
46 27 0 0 450 39 0
46 29 0 0 438 39 0
46 31 0 0 423 34 0
46 33 0 0 415 22 0
46 35 0 0 412 11 0
46 37 0 0 412 -1 0
46 39 0 0 422 -8 0
46 41 0 0 429 -11 0
46 43 0 0 437 -11 0
46 44 0 0 442 -8 0
46 46 0 0 445 -3 0
46 68 0 0 0 0 0
46 69 0 0 0 0 0
46 70 0 0 0 0 0
46 71 0 1 0 0 0
46 72 0 3 0 0 0
46 73 0 8 0 0 0
46 74 0 14 0 0 0
46 75 0 27 0 0 0
46 76 0 48 0 0 0
46 77 0 86 0 0 0
46 78 0 151 0 0 0
46 79 0 256 0 0 0
46 80 0 429 0 0 0
46 81 0 687 0 0 0
46 82 0 1071 0 0 0
46 83 0 1631 0 0 0
46 84 0 2389 0 0 0
46 85 0 3345 0 0 0
46 86 0 4453 0 0 0
46 87 0 5615 0 0 0
46 88 0 6712 0 0 0
46 89 0 7629 0 0 0
46 90 0 8290 0 0 0
46 91 0 8660 0 0 0
46 92 0 8728 0 0 0
46 93 0 8501 0 0 0
46 94 0 7998 0 0 0
46 95 0 7259 0 0 0
46 96 0 6343 102 -9 1
46 97 0 0 101 0 -16
47 2 0 0 523 10 -2
47 3 0 0 535 -26 -2
47 5 0 0 500 3 0
47 7 0 0 504 5 0
47 8 0 0 502 8 0
47 10 0 0 501 10 0
47 12 0 0 498 13 0
47 14 0 0 495 17 0
47 16 0 0 491 21 0
47 18 0 0 486 25 0
47 48 0 0 445 1 0
47 50 0 0 444 7 0
47 53 0 0 441 14 0
47 55 0 0 435 20 0
47 57 0 0 427 28 0
47 59 0 0 417 36 0
47 61 0 0 405 45 0
47 63 0 0 389 54 0
47 65 0 0 370 64 0
47 67 0 0 348 73 0
47 68 0 0 0 0 0
47 69 0 0 321 80 0
47 70 0 0 0 0 0
47 71 0 1 293 86 0
47 72 0 4 0 0 0
47 73 0 8 260 86 0
47 74 0 14 0 0 0
47 75 0 26 231 81 0
47 76 0 46 0 0 0
47 77 0 82 203 74 0
47 78 0 142 0 0 0
47 79 0 238 181 65 0
47 80 0 396 0 0 0
47 81 0 630 161 55 0
47 82 0 977 0 0 0
47 83 0 1482 146 46 0
47 84 0 2162 0 0 0
47 85 0 3022 133 37 0
47 86 0 4021 0 0 0
47 87 0 5081 123 30 0
47 88 0 6095 0 0 0
47 89 0 6963 115 23 0
47 90 0 7612 0 0 0
47 91 0 7999 108 17 0
47 92 0 8108 0 0 0
47 93 0 7941 104 11 0
47 94 0 7511 0 0 0
47 95 0 6852 100 7 0
47 96 0 6018 106 15 -2
47 97 0 0 106 -1 21
48 2 0 0 558 27 10
48 3 0 0 537 28 3
48 25 0 0 459 27 0
48 27 0 0 449 28 0
48 29 0 0 439 28 0
48 31 0 0 428 24 0
48 33 0 0 422 17 0
48 35 0 0 419 10 0
48 37 0 0 420 3 0
48 39 0 0 425 -2 0
48 41 0 0 430 -4 0
48 43 0 0 436 -5 0
48 67 0 0 0 0 0
48 68 0 0 0 0 0
48 69 0 0 0 0 0
48 70 0 1 0 0 0
48 71 0 2 0 0 0
48 72 0 5 0 0 0
48 73 0 9 0 0 0
48 74 0 16 0 0 0
48 75 0 28 0 0 0
48 76 0 50 0 0 0
48 77 0 86 0 0 0
48 78 0 146 0 0 0
48 79 0 239 0 0 0
48 80 0 388 0 0 0
48 81 0 607 0 0 0
48 82 0 926 0 0 0
48 83 0 1386 0 0 0
48 84 0 1998 0 0 0
48 85 0 2770 0 0 0
48 86 0 3670 0 0 0
48 87 0 4635 0 0 0
48 88 0 5578 0 0 0
48 89 0 6409 0 0 0
48 90 0 7057 0 0 0
48 91 0 7473 0 0 0
48 92 0 7632 0 0 0
48 93 0 7526 0 0 0
48 94 0 7162 0 0 0
48 95 0 6571 0 0 0
48 96 0 5802 107 -11 1
48 97 0 0 106 0 -16
49 2 0 0 520 10 -2
49 3 0 0 533 -27 -2
49 5 0 0 498 2 0
49 7 0 0 501 4 0
49 8 0 0 500 6 0
49 10 0 0 498 8 0
49 12 0 0 495 10 0
49 14 0 0 492 13 0
49 16 0 0 488 16 0
49 18 0 0 482 19 0
49 20 0 0 476 22 0
49 22 0 0 468 25 0
49 44 0 0 439 -4 0
49 46 0 0 441 -1 0
49 48 0 0 441 1 0
49 51 0 0 439 4 0
49 53 0 0 435 9 0
49 55 0 0 429 14 0
49 57 0 0 421 19 0
49 59 0 0 410 25 0
49 61 0 0 397 31 0
49 63 0 0 381 37 0
49 65 0 0 363 44 0
49 67 0 0 341 50 0
49 68 0 0 0 0 0
49 69 0 0 317 54 0
49 70 0 1 0 0 0
49 71 0 3 291 57 0
49 72 0 6 0 0 0
49 73 0 12 262 57 0
49 74 0 21 0 0 0
49 75 0 35 236 55 0
49 76 0 59 0 0 0
49 77 0 98 211 50 0
49 78 0 161 0 0 0
49 79 0 256 189 44 0
49 80 0 403 0 0 0
49 81 0 614 170 37 0
49 82 0 913 0 0 0
49 83 0 1338 153 31 0
49 84 0 1895 0 0 0
49 85 0 2593 140 25 0
49 86 0 3408 0 0 0
49 87 0 4291 129 20 0
49 88 0 5173 0 0 0
49 89 0 5974 120 15 0
49 90 0 6625 0 0 0
49 91 0 7073 113 11 0
49 92 0 7280 0 0 0
49 93 0 7229 108 7 0
49 94 0 6924 0 0 0
49 95 0 6388 104 4 0
49 96 0 5670 109 14 -2
49 97 0 0 115 -5 0
50 2 0 0 556 27 10
50 3 0 0 535 27 3
50 33 0 0 428 13 0
50 35 0 0 426 9 0
50 37 0 0 426 4 0
50 65 0 0 0 0 0
50 66 0 0 0 0 0
50 67 0 0 0 0 0
50 68 0 0 0 0 0
50 69 0 1 0 0 0
50 70 0 2 0 0 0
50 71 0 4 0 0 0
50 72 0 9 0 0 0
50 73 0 16 0 0 0
50 74 0 27 0 0 0
50 75 0 45 0 0 0
50 76 0 74 0 0 0
50 77 0 118 0 0 0
50 78 0 187 0 0 0
50 79 0 288 0 0 0
50 80 0 436 0 0 0
50 81 0 645 0 0 0
50 82 0 933 0 0 0
50 83 0 1332 0 0 0
50 84 0 1849 0 0 0
50 85 0 2490 0 0 0
50 86 0 3238 0 0 0
50 87 0 4056 0 0 0
50 88 0 4886 0 0 0
50 89 0 5661 0 0 0
50 90 0 6312 0 0 0
50 91 0 6781 0 0 0
50 92 0 7026 0 0 0
50 93 0 7019 0 0 0
50 94 0 6759 0 0 0
50 95 0 6267 0 0 0
50 96 0 5588 110 -12 1
50 97 0 0 109 0 -16
51 2 0 0 519 9 -2
51 3 0 0 531 -27 -2
51 5 0 0 496 2 0
51 7 0 0 500 3 0
51 8 0 0 498 4 0
51 10 0 0 496 6 0
51 12 0 0 493 7 0
51 14 0 0 490 9 0
51 16 0 0 485 11 0
51 18 0 0 480 13 0
51 20 0 0 474 15 0
51 22 0 0 466 17 0
51 24 0 0 458 18 0
51 27 0 0 449 19 0
51 29 0 0 441 19 0
51 31 0 0 433 17 0
51 39 0 0 429 1 0
51 41 0 0 432 -1 0
51 43 0 0 436 -2 0
51 44 0 0 438 -2 0
51 46 0 0 439 -1 0
51 48 0 0 438 0 0
51 51 0 0 436 1 0
51 53 0 0 431 4 0
51 55 0 0 425 6 0
51 57 0 0 416 9 0
51 59 0 0 406 13 0
51 61 0 0 392 16 0
51 63 0 0 377 20 0
51 65 0 0 358 23 0
51 66 0 0 0 0 0
51 67 0 0 337 27 0
51 68 0 0 0 0 0
51 69 0 1 314 29 0
51 70 0 3 0 0 0
51 71 0 5 289 31 0
51 72 0 12 0 0 0
51 73 0 21 263 31 0
51 74 0 36 0 0 0
51 75 0 57 238 29 0
51 76 0 92 0 0 0
51 77 0 143 215 27 0
51 78 0 219 0 0 0
51 79 0 329 193 23 0
51 80 0 482 0 0 0
51 81 0 694 174 20 0
51 82 0 978 0 0 0
51 83 0 1362 158 16 0
51 84 0 1851 0 0 0
51 85 0 2451 144 13 0
51 86 0 3150 0 0 0
51 87 0 3918 133 10 0
51 88 0 4706 0 0 0
51 89 0 5455 123 7 0
51 90 0 6099 0 0 0
51 91 0 6579 116 5 0
51 92 0 6846 0 0 0
51 93 0 6870 111 3 0
51 94 0 6643 0 0 0
51 95 0 6183 107 2 0
51 96 0 5533 111 13 -2
51 97 0 0 112 -2 21
52 2 0 0 554 26 10
52 3 0 0 533 27 3
52 65 0 0 0 0 0
52 66 0 0 0 0 0
52 67 0 0 0 0 0
52 68 0 0 0 0 0
52 69 0 1 0 0 0
52 70 0 4 0 0 0
52 71 0 7 0 0 0
52 72 0 15 0 0 0
52 73 0 27 0 0 0
52 74 0 45 0 0 0
52 75 0 72 0 0 0
52 76 0 113 0 0 0
52 77 0 172 0 0 0
52 78 0 258 0 0 0
52 79 0 377 0 0 0
52 80 0 539 0 0 0
52 81 0 756 0 0 0
52 82 0 1040 0 0 0
52 83 0 1415 0 0 0
52 84 0 1886 0 0 0
52 85 0 2457 0 0 0
52 86 0 3118 0 0 0
52 87 0 3846 0 0 0
52 88 0 4598 0 0 0
52 89 0 5319 0 0 0
52 90 0 5949 0 0 0
52 91 0 6427 0 0 0
52 92 0 6703 0 0 0
52 93 0 6744 0 0 0
52 94 0 6539 0 0 0
52 95 0 6104 0 0 0
52 96 0 5477 111 -14 1
52 97 0 0 110 0 -16
53 2 0 0 518 9 -2
53 3 0 0 530 -27 -2
53 5 0 0 495 1 0
53 7 0 0 499 1 0
53 8 0 0 497 2 0
53 10 0 0 495 3 0
53 12 0 0 492 4 0
53 14 0 0 488 5 0
53 16 0 0 484 6 0
53 18 0 0 478 7 0
53 20 0 0 472 8 0
53 22 0 0 465 9 0
53 24 0 0 457 10 0
53 27 0 0 449 11 0
53 29 0 0 441 11 0
53 31 0 0 434 11 0
53 33 0 0 430 10 0
53 35 0 0 429 8 0
53 37 0 0 429 6 0
53 39 0 0 431 3 0
53 41 0 0 434 1 0
53 43 0 0 437 0 0
53 44 0 0 438 -1 0
53 46 0 0 439 -1 0
53 48 0 0 438 -2 0
53 50 0 0 435 -2 0
53 53 0 0 430 -1 0
53 55 0 0 423 0 0
53 57 0 0 414 0 0
53 59 0 0 403 0 0
53 61 0 0 390 2 0
53 63 0 0 374 3 0
53 65 0 0 356 4 0
53 66 0 0 0 0 0
53 67 0 0 335 5 0
53 68 0 0 0 0 0
53 69 0 2 313 6 0
53 70 0 5 0 0 0
53 71 0 10 289 6 0
53 72 0 19 0 0 0
53 73 0 34 264 6 0
53 74 0 56 0 0 0
53 75 0 88 240 6 0
53 76 0 135 0 0 0
53 77 0 204 217 5 0
53 78 0 298 0 0 0
53 79 0 428 196 3 0
53 80 0 599 0 0 0
53 81 0 824 177 2 0
53 82 0 1111 0 0 0
53 83 0 1480 160 1 0
53 84 0 1938 0 0 0
53 85 0 2486 146 0 0
53 86 0 3117 0 0 0
53 87 0 3810 134 0 0
53 88 0 4526 0 0 0
53 89 0 5216 125 0 0
53 90 0 5821 0 0 0
53 91 0 6286 117 0 0
53 92 0 6559 0 0 0
53 93 0 6607 112 0 0
53 94 0 6416 0 0 0
53 95 0 6000 107 0 0
53 96 0 5396 111 12 -2
53 97 0 0 112 -2 22
54 2 0 0 554 26 10
54 3 0 0 533 26 3
54 65 0 0 0 0 0
54 66 0 0 0 0 0
54 67 0 0 0 0 0
54 68 0 1 0 0 0
54 69 0 3 0 0 0
54 70 0 6 0 0 0
54 71 0 12 0 0 0
54 72 0 24 0 0 0
54 73 0 41 0 0 0
54 74 0 67 0 0 0
54 75 0 104 0 0 0
54 76 0 158 0 0 0
54 77 0 235 0 0 0
54 78 0 339 0 0 0
54 79 0 478 0 0 0
54 80 0 659 0 0 0
54 81 0 891 0 0 0
54 82 0 1182 0 0 0
54 83 0 1548 0 0 0
54 84 0 1995 0 0 0
54 85 0 2525 0 0 0
54 86 0 3130 0 0 0
54 87 0 3790 0 0 0
54 88 0 4471 0 0 0
54 89 0 5126 0 0 0
54 90 0 5703 0 0 0
54 91 0 6146 0 0 0
54 92 0 6408 0 0 0
54 93 0 6455 0 0 0
54 94 0 6273 0 0 0
54 95 0 5873 0 0 0
54 96 0 5288 110 -15 2
54 97 0 0 110 0 -16
55 2 0 0 517 9 -2
55 3 0 0 529 -28 -2
55 5 0 0 495 0 0
55 7 0 0 498 0 0
55 8 0 0 496 1 0
55 10 0 0 494 1 0
55 12 0 0 492 1 0
55 14 0 0 488 1 0
55 16 0 0 483 1 0
55 18 0 0 478 1 0
55 20 0 0 472 1 0
55 22 0 0 464 1 0
55 25 0 0 456 2 0
55 27 0 0 448 3 0
55 29 0 0 441 5 0
55 31 0 0 435 6 0
55 33 0 0 431 8 0
55 35 0 0 430 8 0
55 37 0 0 431 7 0
55 39 0 0 434 6 0
55 41 0 0 436 3 0
55 43 0 0 439 1 0
55 44 0 0 440 0 0
55 46 0 0 440 -2 0
55 48 0 0 438 -4 0
55 50 0 0 435 -5 0
55 53 0 0 430 -7 0
55 55 0 0 424 -8 0
55 57 0 0 415 -10 0
55 59 0 0 403 -11 0
55 61 0 0 390 -12 0
55 63 0 0 374 -13 0
55 65 0 0 356 -14 0
55 66 0 0 0 0 0
55 67 0 0 335 -15 0
55 68 0 1 0 0 0
55 69 0 4 313 -16 0
55 70 0 8 0 0 0
55 71 0 15 289 -17 0
55 72 0 28 0 0 0
55 73 0 48 264 -17 0
55 74 0 78 0 0 0
55 75 0 120 240 -17 0
55 76 0 180 0 0 0
55 77 0 264 217 -16 0
55 78 0 376 0 0 0
55 79 0 524 196 -16 0
55 80 0 712 0 0 0
55 81 0 950 177 -15 0
55 82 0 1244 0 0 0
55 83 0 1606 160 -14 0
55 84 0 2044 0 0 0
55 85 0 2555 146 -12 0
55 86 0 3134 0 0 0
55 87 0 3762 134 -11 0
55 88 0 4407 0 0 0
55 89 0 5026 124 -9 0
55 90 0 5570 0 0 0
55 91 0 5987 116 -7 0
55 92 0 6234 0 0 0
55 93 0 6276 111 -5 0
55 94 0 6101 0 0 0
55 95 0 5716 106 -3 0
55 96 0 5152 109 10 -2
55 97 0 0 111 -2 22
56 2 0 0 554 26 10
56 3 0 0 532 26 3
56 65 0 0 0 0 0
56 66 0 0 0 0 0
56 67 0 1 0 0 0
56 68 0 2 0 0 0
56 69 0 5 0 0 0
56 70 0 10 0 0 0
56 71 0 18 0 0 0
56 72 0 33 0 0 0
56 73 0 56 0 0 0
56 74 0 89 0 0 0
56 75 0 136 0 0 0
56 76 0 200 0 0 0
56 77 0 291 0 0 0
56 78 0 409 0 0 0
56 79 0 564 0 0 0
56 80 0 758 0 0 0
56 81 0 999 0 0 0
56 82 0 1294 0 0 0
56 83 0 1651 0 0 0
56 84 0 2078 0 0 0
56 85 0 2572 0 0 0
56 86 0 3126 0 0 0
56 87 0 3722 0 0 0
56 88 0 4332 0 0 0
56 89 0 4914 0 0 0
56 90 0 5425 0 0 0
56 91 0 5817 0 0 0
56 92 0 6047 0 0 0
56 93 0 6084 0 0 0
56 94 0 5914 0 0 0
56 95 0 5542 0 0 0
56 96 0 4998 108 -16 2
56 97 0 0 107 0 -16
57 2 0 0 517 8 -2
57 3 0 0 529 -28 -2
57 5 0 0 495 0 0
57 7 0 0 498 0 0
57 8 0 0 497 0 0
57 10 0 0 495 -1 0
57 12 0 0 492 -1 0
57 14 0 0 488 -2 0
57 16 0 0 484 -3 0
57 18 0 0 478 -4 0
57 20 0 0 472 -5 0
57 22 0 0 464 -5 0
57 25 0 0 455 -5 0
57 27 0 0 446 -4 0
57 29 0 0 437 -1 0
57 31 0 0 431 2 0
57 33 0 0 427 6 0
57 35 0 0 429 9 0
57 37 0 0 431 9 0
57 39 0 0 435 8 0
57 41 0 0 438 6 0
57 42 0 0 441 3 0
57 44 0 0 443 0 0
57 46 0 0 443 -3 0
57 48 0 0 441 -6 0
57 50 0 0 438 -10 0
57 53 0 0 433 -13 0
57 55 0 0 426 -16 0
57 57 0 0 417 -20 0
57 59 0 0 406 -23 0
57 61 0 0 392 -27 0
57 63 0 0 376 -30 0
57 64 0 0 0 0 0
57 65 0 0 358 -34 0
57 66 0 0 0 0 0
57 67 0 1 337 -37 0
57 68 0 3 0 0 0
57 69 0 6 314 -39 0
57 70 0 12 0 0 0
57 71 0 22 289 -41 0
57 72 0 39 0 0 0
57 73 0 64 264 -41 0
57 74 0 101 0 0 0
57 75 0 152 240 -40 0
57 76 0 221 0 0 0
57 77 0 317 216 -39 0
57 78 0 440 0 0 0
57 79 0 599 194 -36 0
57 80 0 796 0 0 0
57 81 0 1039 175 -33 0
57 82 0 1332 0 0 0
57 83 0 1681 158 -29 0
57 84 0 2094 0 0 0
57 85 0 2567 143 -26 0
57 86 0 3094 0 0 0
57 87 0 3658 131 -22 0
57 88 0 4232 0 0 0
57 89 0 4781 121 -18 0
57 90 0 5261 0 0 0
57 91 0 5630 113 -14 0
57 92 0 5846 0 0 0
57 93 0 5880 108 -9 0
57 94 0 5716 0 0 0
57 95 0 5358 103 -6 0
57 96 0 4834 106 9 -2
57 97 0 0 107 -2 21
58 2 0 0 554 26 10
58 3 0 0 532 26 3
58 64 0 0 0 0 0
58 65 0 0 0 0 0
58 66 0 0 0 0 0
58 67 0 2 0 0 0
58 68 0 4 0 0 0
58 69 0 8 0 0 0
58 70 0 15 0 0 0
58 71 0 26 0 0 0
58 72 0 45 0 0 0
58 73 0 72 0 0 0
58 74 0 112 0 0 0
58 75 0 167 0 0 0
58 76 0 240 0 0 0
58 77 0 339 0 0 0
58 78 0 466 0 0 0
58 79 0 627 0 0 0
58 80 0 826 0 0 0
58 81 0 1067 0 0 0
58 82 0 1355 0 0 0
58 83 0 1694 0 0 0
58 84 0 2091 0 0 0
58 85 0 2542 0 0 0
58 86 0 3042 0 0 0
58 87 0 3575 0 0 0
58 88 0 4118 0 0 0
58 89 0 4636 0 0 0
58 90 0 5091 0 0 0
58 91 0 5441 0 0 0
58 92 0 5649 0 0 0
58 93 0 5682 0 0 0
58 94 0 5525 0 0 0
58 95 0 5181 0 0 0
58 96 0 4675 103 -17 2
58 97 0 0 102 0 -16
59 2 0 0 517 8 -2
59 3 0 0 530 -29 -2
59 5 0 0 495 0 0
59 7 0 0 499 -1 0
59 8 0 0 497 -2 0
59 10 0 0 495 -3 0
59 12 0 0 493 -5 0
59 14 0 0 490 -6 0
59 16 0 0 485 -8 0
59 18 0 0 480 -10 0
59 20 0 0 473 -12 0
59 23 0 0 465 -14 0
59 25 0 0 455 -14 0
59 27 0 0 445 -14 0
59 29 0 0 435 -8 0
59 31 0 0 427 -2 0
59 33 0 0 425 5 0
59 35 0 0 427 12 0
59 37 0 0 432 13 0
59 39 0 0 438 13 0
59 40 0 0 442 9 0
59 42 0 0 445 5 0
59 44 0 0 447 0 0
59 46 0 0 447 -4 0
59 48 0 0 445 -9 0
59 50 0 0 442 -14 0
59 53 0 0 437 -19 0
59 55 0 0 430 -24 0
59 57 0 0 422 -30 0
59 59 0 0 411 -36 0
59 61 0 0 397 -42 0
59 63 0 0 381 -48 0
59 64 0 0 0 0 0
59 65 0 0 362 -54 0
59 66 0 1 0 0 0
59 67 0 2 341 -60 0
59 68 0 5 0 0 0
59 69 0 10 317 -64 0
59 70 0 18 0 0 0
59 71 0 30 291 -67 0
59 72 0 51 0 0 0
59 73 0 81 264 -67 0
59 74 0 124 0 0 0
59 75 0 182 237 -65 0
59 76 0 257 0 0 0
59 77 0 360 213 -62 0
59 78 0 489 0 0 0
59 79 0 651 190 -57 0
59 80 0 848 0 0 0
59 81 0 1084 170 -52 0
59 82 0 1365 0 0 0
59 83 0 1691 153 -46 0
59 84 0 2070 0 0 0
59 85 0 2497 138 -39 0
59 86 0 2970 0 0 0
59 87 0 3474 126 -33 0
59 88 0 3987 0 0 0
59 89 0 4480 116 -27 0
59 90 0 4914 0 0 0
59 91 0 5252 108 -20 0
59 92 0 5453 0 0 0
59 93 0 5488 103 -14 0
59 94 0 5340 0 0 0
59 95 0 5010 98 -8 0
59 96 0 4523 100 7 -1
59 97 0 0 101 -2 20
60 2 0 0 555 26 10
60 3 0 0 533 25 3
60 61 0 0 0 0 0
60 62 0 0 0 0 0
60 63 0 0 0 0 0
60 64 0 0 0 0 0
60 65 0 0 0 0 0
60 66 0 1 0 0 0
60 67 0 3 0 0 0
60 68 0 7 0 0 0
60 69 0 12 0 0 0
60 70 0 22 0 0 0
60 71 0 36 0 0 0
60 72 0 59 0 0 0
60 73 0 91 0 0 0
60 74 0 137 0 0 0
60 75 0 197 0 0 0
60 76 0 275 0 0 0
60 77 0 381 0 0 0
60 78 0 510 0 0 0
60 79 0 670 0 0 0
60 80 0 863 0 0 0
60 81 0 1093 0 0 0
60 82 0 1363 0 0 0
60 83 0 1674 0 0 0
60 84 0 2032 0 0 0
60 85 0 2435 0 0 0
60 86 0 2880 0 0 0
60 87 0 3355 0 0 0
60 88 0 3842 0 0 0
60 89 0 4313 0 0 0
60 90 0 4733 0 0 0
60 91 0 5062 0 0 0
60 92 0 5263 0 0 0
60 93 0 5304 0 0 0
60 94 0 5166 0 0 0
60 95 0 4852 0 0 0
60 96 0 4385 97 -17 2
60 97 0 0 95 0 -15
61 2 0 0 518 8 -2
61 3 0 0 531 -29 -2
61 5 0 0 496 -1 0
61 7 0 0 500 -2 0
61 8 0 0 499 -4 0
61 10 0 0 497 -5 0
61 12 0 0 495 -7 0
61 14 0 0 492 -10 0
61 16 0 0 488 -13 0
61 18 0 0 482 -16 0
61 21 0 0 475 -19 0
61 23 0 0 465 -23 0
61 25 0 0 454 -25 0
61 27 0 0 439 -24 0
61 29 0 0 424 -19 0
61 31 0 0 416 -7 0
61 33 0 0 410 6 0
61 35 0 0 420 17 0
61 36 0 0 429 19 0
61 38 0 0 439 18 0
61 40 0 0 445 13 0
61 42 0 0 450 7 0
61 44 0 0 452 1 0
61 46 0 0 452 -4 0
61 48 0 0 451 -11 0
61 50 0 0 448 -18 0
61 53 0 0 443 -25 0
61 55 0 0 437 -32 0
61 57 0 0 428 -40 0
61 59 0 0 418 -48 0
61 61 0 0 405 -56 0
61 62 0 0 0 0 0
61 63 0 0 389 -65 0
61 64 0 0 0 0 0
61 65 0 1 370 -75 0
61 66 0 2 0 0 0
61 67 0 4 347 -83 0
61 68 0 8 0 0 0
61 69 0 15 321 -90 0
61 70 0 25 0 0 0
61 71 0 41 292 -94 0
61 72 0 66 0 0 0
61 73 0 101 263 -95 0
61 74 0 149 0 0 0
61 75 0 212 234 -92 0
61 76 0 292 0 0 0
61 77 0 399 208 -86 0
61 78 0 528 0 0 0
61 79 0 685 184 -79 0
61 80 0 874 0 0 0
61 81 0 1096 163 -70 0
61 82 0 1354 0 0 0
61 83 0 1648 146 -62 0
61 84 0 1985 0 0 0
61 85 0 2364 131 -53 0
61 86 0 2783 0 0 0
61 87 0 3233 118 -44 0
61 88 0 3698 0 0 0
61 89 0 4151 109 -35 0
61 90 0 4560 0 0 0
61 91 0 4886 101 -27 0
61 92 0 5090 0 0 0
61 93 0 5139 95 -19 0
61 94 0 5016 0 0 0
61 95 0 4718 91 -11 0
61 96 0 4270 92 5 -1
61 97 0 0 93 -2 20
62 2 0 0 556 26 10
62 3 0 0 534 25 3
62 61 0 0 0 0 0
62 62 0 0 0 0 0
62 63 0 0 0 0 0
62 64 0 0 0 0 0
62 65 0 1 0 0 0
62 66 0 2 0 0 0
62 67 0 5 0 0 0
62 68 0 10 0 0 0
62 69 0 17 0 0 0
62 70 0 29 0 0 0
62 71 0 47 0 0 0
62 72 0 74 0 0 0
62 73 0 110 0 0 0
62 74 0 161 0 0 0
62 75 0 226 0 0 0
62 76 0 307 0 0 0
62 77 0 415 0 0 0
62 78 0 543 0 0 0
62 79 0 698 0 0 0
62 80 0 881 0 0 0
62 81 0 1094 0 0 0
62 82 0 1340 0 0 0
62 83 0 1619 0 0 0
62 84 0 1936 0 0 0
62 85 0 2292 0 0 0
62 86 0 2687 0 0 0
62 87 0 3115 0 0 0
62 88 0 3560 0 0 0
62 89 0 4000 0 0 0
62 90 0 4401 0 0 0
62 91 0 4726 0 0 0
62 92 0 4936 0 0 0
62 93 0 4996 0 0 0
62 94 0 4887 0 0 0
62 95 0 4607 0 0 0
62 96 0 4178 89 -17 2
62 97 0 0 87 0 -15
63 2 0 0 520 8 -2
63 3 0 0 532 -29 -2
63 5 0 0 497 -1 0
63 7 0 0 501 -3 0
63 8 0 0 500 -5 0
63 10 0 0 499 -7 0
63 12 0 0 497 -10 0
63 14 0 0 495 -13 0
63 16 0 0 492 -18 0
63 19 0 0 487 -23 0
63 21 0 0 480 -30 0
63 23 0 0 472 -35 0
63 25 0 0 457 -42 0
63 27 0 0 441 -44 0
63 29 0 0 417 -36 1
63 31 0 0 401 -16 0
63 33 0 0 401 10 0
63 35 0 0 416 30 0
63 37 0 0 434 34 1
63 39 0 0 444 30 0
63 40 0 0 453 20 0
63 42 0 0 458 12 0
63 44 0 0 460 3 0
63 46 0 0 460 -5 0
63 48 0 0 459 -13 0
63 50 0 0 456 -22 0
63 53 0 0 451 -30 0
63 55 0 0 445 -39 0
63 57 0 0 437 -49 0
63 59 0 0 427 -59 0
63 61 0 0 415 -71 0
63 62 0 0 0 0 0
63 63 0 0 399 -83 0
63 64 0 0 0 0 0
63 65 0 2 380 -96 0
63 66 0 3 0 0 0
63 67 0 7 356 -108 0
63 68 0 12 0 0 0
63 69 0 21 329 -118 0
63 70 0 34 0 0 0
63 71 0 53 296 -125 0
63 72 0 82 0 0 0
63 73 0 120 262 -125 0
63 74 0 172 0 0 0
63 75 0 239 228 -120 0
63 76 0 321 0 0 0
63 77 0 429 200 -112 0
63 78 0 556 0 0 0
63 79 0 708 174 -102 0
63 80 0 885 0 0 0
63 81 0 1089 153 -90 0
63 82 0 1324 0 0 0
63 83 0 1589 135 -78 0
63 84 0 1888 0 0 0
63 85 0 2225 121 -66 0
63 86 0 2600 0 0 0
63 87 0 3008 109 -55 0
63 88 0 3438 0 0 0
63 89 0 3866 99 -44 0
63 90 0 4263 0 0 0
63 91 0 4590 92 -33 0
63 92 0 4806 0 0 0
63 93 0 4878 87 -23 0
63 94 0 4784 0 0 0
63 95 0 4521 83 -14 0
63 96 0 4110 83 3 -1
63 97 0 0 83 -2 18
64 2 0 0 558 26 10
64 3 0 0 536 25 3
64 22 0 0 476 -43 0
64 24 0 0 462 -52 0
64 39 0 0 451 35 0
64 41 0 0 460 25 0
64 61 0 0 0 0 0
64 62 0 0 0 0 0
64 63 0 0 0 0 0
64 64 0 1 0 0 0
64 65 0 2 0 0 0
64 66 0 4 0 0 0
64 67 0 8 0 0 0
64 68 0 15 0 0 0
64 69 0 24 0 0 0
64 70 0 38 0 0 0
64 71 0 60 0 0 0
64 72 0 90 0 0 0
64 73 0 130 0 0 0
64 74 0 183 0 0 0
64 75 0 250 0 0 0
64 76 0 333 0 0 0
64 77 0 441 0 0 0
64 78 0 566 0 0 0
64 79 0 714 0 0 0
64 80 0 886 0 0 0
64 81 0 1083 0 0 0
64 82 0 1308 0 0 0
64 83 0 1560 0 0 0
64 84 0 1845 0 0 0
64 85 0 2166 0 0 0
64 86 0 2525 0 0 0
64 87 0 2918 0 0 0
64 88 0 3335 0 0 0
64 89 0 3755 0 0 0
64 90 0 4148 0 0 0
64 91 0 4476 0 0 0
64 92 0 4700 0 0 0
64 93 0 4784 0 0 0
64 94 0 4704 0 0 0
64 95 0 4458 0 0 0
64 96 0 4063 79 -17 2
64 97 0 0 76 0 -15
65 2 0 0 521 8 -2
65 3 0 0 533 -29 -2
65 5 0 0 499 -2 0
65 7 0 0 503 -4 0
65 8 0 0 503 -6 0
65 10 0 0 502 -8 0
65 12 0 0 501 -11 0
65 14 0 0 499 -16 0
65 16 0 0 497 -20 0
65 19 0 0 494 -27 0
65 21 0 0 487 -35 0
65 26 0 0 431 -61 -1
65 28 0 0 392 -60 -2
65 31 0 0 365 -24 -2
65 33 0 0 360 21 -3
65 35 0 0 391 51 -3
65 37 0 0 425 45 -3
65 42 0 0 467 14 0
65 44 0 0 470 4 0
65 46 0 0 469 -6 0
65 48 0 0 468 -15 0
65 50 0 0 465 -25 0
65 53 0 0 461 -35 0
65 55 0 0 455 -46 0
65 57 0 0 448 -57 0
65 59 0 0 440 -70 0
65 61 0 0 428 -84 0
65 62 0 0 0 0 0
65 63 0 0 413 -100 0
65 64 0 1 0 0 0
65 65 0 3 394 -117 0
65 66 0 6 0 0 0
65 67 0 10 369 -134 0
65 68 0 18 0 0 0
65 69 0 29 337 -150 0
65 70 0 44 0 0 0
65 71 0 67 298 -161 0
65 72 0 99 0 0 0
65 73 0 139 257 -162 0
65 74 0 193 0 0 0
65 75 0 261 221 -154 0
65 76 0 344 0 0 0
65 77 0 450 189 -140 0
65 78 0 573 0 0 0
65 79 0 718 162 -125 0
65 80 0 885 0 0 0
65 81 0 1074 140 -109 0
65 82 0 1291 0 0 0
65 83 0 1534 121 -94 0
65 84 0 1808 0 0 0
65 85 0 2116 107 -79 0
65 86 0 2463 0 0 0
65 87 0 2844 96 -65 0
65 88 0 3251 0 0 0
65 89 0 3664 87 -52 0
65 90 0 4054 0 0 0
65 91 0 4384 80 -40 0
65 92 0 4613 0 0 0
65 93 0 4707 76 -27 0
65 94 0 4640 0 0 0
65 95 0 4407 72 -17 0
65 96 0 4025 71 1 0
65 97 0 0 71 -2 17
66 2 0 0 560 26 10
66 3 0 0 537 25 3
66 22 0 0 492 -60 0
66 24 0 0 475 -91 -5
66 26 0 0 453 -99 -8
66 37 0 0 458 82 -4
66 39 0 0 465 65 -5
66 41 0 0 476 37 0
66 61 0 0 0 0 0
66 62 0 0 0 0 0
66 63 0 1 0 0 0
66 64 0 2 0 0 0
66 65 0 4 0 0 0
66 66 0 7 0 0 0
66 67 0 13 0 0 0
66 68 0 22 0 0 0
66 69 0 34 0 0 0
66 70 0 50 0 0 0
66 71 0 75 0 0 0
66 72 0 108 0 0 0
66 73 0 149 0 0 0
66 74 0 203 0 0 0
66 75 0 271 0 0 0
66 76 0 352 0 0 0
66 77 0 456 0 0 0
66 78 0 576 0 0 0
66 79 0 717 0 0 0
66 80 0 879 0 0 0
66 81 0 1063 0 0 0
66 82 0 1273 0 0 0
66 83 0 1509 0 0 0
66 84 0 1774 0 0 0
66 85 0 2073 0 0 0
66 86 0 2409 0 0 0
66 87 0 2781 0 0 0
66 88 0 3178 0 0 0
66 89 0 3583 0 0 0
66 90 0 3968 0 0 0
66 91 0 4297 0 0 0
66 92 0 4529 0 0 0
66 93 0 4628 0 0 0
66 94 0 4571 0 0 0
66 95 0 4349 0 0 0
66 96 0 3980 66 -17 2
66 97 0 0 65 0 -11
67 2 0 0 523 9 -2
67 3 0 0 535 -29 -2
67 5 0 0 501 -2 0
67 7 0 0 505 -4 0
67 8 0 0 505 -6 0
67 10 0 0 505 -9 0
67 12 0 0 505 -12 0
67 14 0 0 505 -17 0
67 17 0 0 503 -23 0
67 19 0 0 502 -32 0
67 21 0 0 497 -44 0
67 29 0 0 385 -104 -9
67 31 0 0 325 -46 -9
67 33 0 0 331 41 -10
67 35 0 0 399 90 -16
67 42 0 0 480 20 0
67 44 0 0 482 5 0
67 46 0 0 480 -7 0
67 48 0 0 478 -18 0
67 50 0 0 475 -29 0
67 53 0 0 472 -40 0
67 55 0 0 467 -52 0
67 57 0 0 462 -65 0
67 59 0 0 454 -79 0
67 61 0 0 445 -97 0
67 62 0 0 0 0 0
67 63 0 1 433 -117 0
67 64 0 3 0 0 0
67 65 0 6 415 -140 1
67 66 0 10 0 0 0
67 67 0 16 391 -165 0
67 68 0 26 0 0 0
67 69 0 39 358 -190 2
67 70 0 58 0 0 0
67 71 0 84 309 -204 0
67 72 0 118 0 0 0
67 73 0 160 256 -201 1
67 74 0 213 0 0 0
67 75 0 280 206 -189 1
67 76 0 359 0 0 0
67 77 0 460 173 -172 0
67 78 0 576 0 0 0
67 79 0 713 144 -151 0
67 80 0 869 0 0 0
67 81 0 1047 123 -131 0
67 82 0 1251 0 0 0
67 83 0 1480 106 -110 0
67 84 0 1738 0 0 0
67 85 0 2029 92 -92 0
67 86 0 2356 0 0 0
67 87 0 2717 82 -75 0
67 88 0 3104 0 0 0
67 89 0 3500 74 -60 0
67 90 0 3877 0 0 0
67 91 0 4199 68 -45 0
67 92 0 4428 0 0 0
67 93 0 4529 63 -31 0
67 94 0 4477 0 0 0
67 95 0 4264 60 -19 0
67 96 0 3906 58 -1 0
67 97 0 0 59 -1 14
68 2 0 0 562 26 10
68 3 0 0 539 25 3
68 21 0 0 515 -45 0
68 22 0 0 522 -72 -2
68 24 0 0 504 -94 -7
68 26 0 0 464 -179 -11
68 27 0 0 414 -154 -15
68 28 0 0 388 -221 -20
68 29 0 0 270 -177 -10
68 30 0 0 249 -108 -14
68 31 0 0 218 -24 -8
68 32 0 0 217 39 -9
68 33 0 0 252 131 -13
68 34 0 0 289 173 -10
68 35 0 0 395 201 -24
68 36 0 0 415 125 -21
68 37 0 0 445 137 -15
68 39 0 0 501 64 -4
68 41 0 0 504 44 -3
68 61 0 0 0 0 0
68 62 0 1 0 0 0
68 63 0 1 0 0 0
68 64 0 4 441 -158 0
68 65 0 7 0 0 0
68 66 0 12 417 -190 -1
68 67 0 19 0 0 0
68 68 0 31 0 0 0
68 69 0 46 0 0 0
68 70 0 66 0 0 0
68 71 0 93 0 0 0
68 72 0 128 0 0 0
68 73 0 170 0 0 0
68 74 0 223 0 0 0
68 75 0 287 0 0 0
68 76 0 364 0 0 0
68 77 0 460 0 0 0
68 78 0 571 0 0 0
68 79 0 702 0 0 0
68 80 0 852 0 0 0
68 81 0 1023 0 0 0
68 82 0 1220 0 0 0
68 83 0 1443 0 0 0
68 84 0 1693 0 0 0
68 85 0 1976 0 0 0
68 86 0 2293 0 0 0
68 87 0 2643 0 0 0
68 88 0 3018 0 0 0
68 89 0 3399 0 0 0
68 90 0 3763 0 0 0
68 91 0 4073 0 0 0
68 92 0 4294 0 0 0
68 93 0 4391 0 0 0
68 94 0 4340 0 0 0
68 95 0 4134 0 0 0
68 96 0 3788 53 -17 2
68 97 0 0 51 -1 -8
69 2 0 0 525 9 -2
69 3 0 0 537 -29 -2
69 5 0 0 503 -2 0
69 7 0 0 507 -4 0
69 8 0 0 508 -6 0
69 10 0 0 508 -9 0
69 12 0 0 509 -12 0
69 14 0 0 510 -17 0
69 17 0 0 511 -23 0
69 19 0 0 515 -33 0
69 26 0 0 511 -132 -17
69 27 0 0 489 -201 -18
69 28 0 0 436 -285 -19
69 29 0 0 216 -258 -10
69 30 0 0 144 -145 -9
69 31 0 0 122 -40 -9
69 32 0 0 126 59 -9
69 33 0 0 160 162 -9
69 34 0 0 279 274 -25
69 35 0 0 490 263 -22
69 36 0 0 479 135 -22
69 37 0 0 497 94 -14
69 42 0 0 499 19 0
69 44 0 0 497 4 0
69 46 0 0 493 -9 0
69 48 0 0 490 -20 0
69 50 0 0 487 -32 0
69 53 0 0 484 -43 0
69 55 0 0 480 -56 0
69 57 0 0 476 -70 0
69 59 0 0 471 -86 0
69 61 0 0 465 -106 0
69 62 0 1 0 0 0
69 63 0 2 456 -130 0
69 64 0 5 0 0 0
69 65 0 9 0 0 0
69 66 0 15 0 0 0
69 67 0 23 0 0 0
69 68 0 36 372 -230 -3
69 69 0 53 0 0 0
69 70 0 74 0 0 0
69 71 0 103 305 -262 -3
69 72 0 138 0 0 0
69 73 0 180 236 -263 -5
69 74 0 231 0 0 0
69 75 0 293 189 -231 -1
69 76 0 365 0 0 0
69 77 0 455 147 -203 0
69 78 0 560 0 0 0
69 79 0 684 118 -176 1
69 80 0 827 0 0 0
69 81 0 990 99 -148 0
69 82 0 1179 0 0 0
69 83 0 1393 81 -126 0
69 84 0 1634 0 0 0
69 85 0 1906 72 -103 0
69 86 0 2211 0 0 0
69 87 0 2546 64 -84 0
69 88 0 2903 0 0 0
69 89 0 3266 57 -66 0
69 90 0 3609 0 0 0
69 91 0 3902 51 -50 0
69 92 0 4108 49 -34 0
69 93 0 4195 0 0 0
69 94 0 4143 45 -22 0
69 95 0 3943 0 0 0
69 96 0 3611 43 -4 0
69 97 0 0 43 -1 11
70 2 0 0 563 26 10
70 3 0 0 541 25 3
70 21 0 0 533 -37 0
70 22 0 0 546 -54 1
70 24 0 0 574 -78 -3
70 26 0 0 579 -170 -8
70 27 0 0 623 -231 -26
70 28 0 0 1050 -980 -38
70 29 0 0 2 -246 -76
70 30 0 0 39 -141 8
70 31 0 0 48 -78 5
70 32 0 0 53 119 5
70 33 0 0 47 189 15
70 34 0 0 59 356 -92
70 35 0 0 682 482 -7
70 36 0 0 598 179 -10
70 37 0 0 576 139 4
70 61 0 0 0 0 0
70 62 0 1 0 0 0
70 63 0 3 0 0 0
70 64 0 6 479 -179 0
70 65 0 10 0 0 0
70 66 0 17 467 -232 -4
70 67 0 27 0 0 0
70 68 0 41 438 -289 -2
70 69 0 59 0 0 0
70 70 0 81 0 0 0
70 71 0 111 0 0 0
70 72 0 147 0 0 0
70 73 0 188 0 0 0
70 74 0 237 0 0 0
70 75 0 295 0 0 0
70 76 0 362 0 0 0
70 77 0 445 0 0 0
70 78 0 542 0 0 0
70 79 0 658 0 0 0
70 80 0 791 0 0 0
70 81 0 944 0 0 0
70 82 0 1123 0 0 0
70 83 0 1326 0 0 0
70 84 0 1556 0 0 0
70 85 0 1814 0 0 0
70 86 0 2103 0 0 0
70 87 0 2419 0 0 0
70 88 0 2754 0 0 0
70 89 0 3092 0 0 0
70 90 0 3411 0 0 0
70 91 0 3678 0 0 0
70 92 0 3864 0 0 0
70 93 0 3938 0 0 0
70 94 0 3882 0 0 0
70 95 0 3689 0 0 0
70 96 0 3374 37 -14 1
70 97 0 0 34 -1 -4
71 2 0 0 527 9 -2
71 3 0 0 539 -29 -2
71 5 0 0 504 -1 0
71 7 0 0 509 -3 0
71 8 0 0 510 -5 0
71 10 0 0 511 -8 0
71 12 0 0 513 -10 0
71 14 0 0 516 -15 0
71 17 0 0 519 -19 0
71 19 0 0 525 -29 0
71 26 0 0 649 -41 10
71 27 0 0 706 -140 -5
71 28 0 0 497 -231 27
71 35 0 0 573 84 -71
71 36 0 0 679 78 16
71 37 0 0 630 27 0
71 38 0 0 550 57 -3
71 40 0 0 527 31 0
71 42 0 0 519 13 0
71 44 0 0 511 0 0
71 46 0 0 505 -13 0
71 48 0 0 502 -23 0
71 50 0 0 498 -35 0
71 53 0 0 496 -46 0
71 55 0 0 494 -59 0
71 57 0 0 492 -73 0
71 59 0 0 491 -91 0
71 61 0 1 489 -113 0
71 62 0 1 0 0 0
71 63 0 3 486 -140 0
71 64 0 7 0 0 0
71 65 0 12 0 0 0
71 66 0 19 0 0 0
71 67 0 30 0 0 0
71 68 0 45 0 0 0
71 69 0 64 0 0 0
71 70 0 87 350 -333 -14
71 71 0 118 0 0 0
71 72 0 153 0 0 0
71 73 0 193 234 -318 -11
71 74 0 239 0 0 0
71 75 0 293 149 -278 -3
71 76 0 354 0 0 0
71 77 0 429 119 -239 2
71 78 0 517 0 0 0
71 79 0 622 89 -203 2
71 80 0 744 75 -167 0
71 81 0 886 0 0 0
71 82 0 1052 0 0 0
71 83 0 1241 62 -139 0
71 84 0 1455 0 0 0
71 85 0 1696 51 -113 0
71 86 0 1965 0 0 0
71 87 0 2258 46 -90 0
71 88 0 2566 0 0 0
71 89 0 2875 41 -70 0
71 90 0 3162 36 -52 0
71 91 0 3401 0 0 0
71 92 0 3562 34 -36 0
71 93 0 3620 0 0 0
71 94 0 3559 33 -20 0
71 95 0 3375 0 0 0
71 96 0 3081 27 -6 0
71 97 0 0 28 -1 7
72 2 0 0 565 26 10
72 3 0 0 543 25 3
72 26 0 0 632 -55 14
72 27 0 0 685 -11 1
72 28 0 0 606 -16 -31
72 35 0 0 652 -12 -5
72 36 0 0 616 -2 15
72 37 0 0 609 48 3
72 61 0 1 0 0 0
72 62 0 2 0 0 0
72 63 0 3 0 0 0
72 64 0 7 531 -178 -2
72 65 0 13 0 0 0
72 66 0 21 531 -233 -5
72 67 0 32 0 0 0
72 68 0 47 480 -336 -11
72 69 0 67 415 -360 -19
72 70 0 91 392 -446 -22
72 71 0 121 233 -445 -8
72 72 0 156 223 -408 -15
72 73 0 193 114 -348 -16
72 74 0 236 0 0 0
72 75 0 285 0 0 0
72 76 0 339 0 0 0
72 77 0 405 0 0 0
72 78 0 482 0 0 0
72 79 0 576 0 0 0
72 80 0 685 0 0 0
72 81 0 813 0 0 0
72 82 0 963 0 0 0
72 83 0 1136 0 0 0
72 84 0 1331 0 0 0
72 85 0 1552 0 0 0
72 86 0 1796 0 0 0
72 87 0 2061 0 0 0
72 88 0 2338 0 0 0
72 89 0 2613 0 0 0
72 90 0 2865 0 0 0
72 91 0 3072 0 0 0
72 92 0 3207 0 0 0
72 93 0 3249 0 0 0
72 94 0 3185 25 -27 0
72 95 0 3012 18 -17 0
72 96 0 2743 23 -16 0
72 97 0 0 19 -1 -3
73 2 0 0 528 9 -2
73 3 0 0 540 -29 -2
73 5 0 0 506 -1 0
73 7 0 0 511 -2 0
73 8 0 0 512 -4 0
73 10 0 0 514 -6 0
73 12 0 0 516 -7 0
73 15 0 0 520 -11 0
73 17 0 0 524 -13 0
73 19 0 0 533 -19 0
73 21 0 0 541 -24 -1
73 22 0 0 561 -25 3
73 24 0 0 577 -47 8
73 26 0 0 596 23 12
73 27 0 0 621 2 12
73 28 0 0 691 56 -5
73 35 0 0 689 -18 0
73 36 0 0 564 2 22
73 37 0 0 563 -12 16
73 38 0 0 561 30 11
73 40 0 0 551 7 3
73 42 0 0 531 2 0
73 44 0 0 524 -9 0
73 46 0 0 516 -18 0
73 48 0 0 512 -27 0
73 50 0 0 509 -38 0
73 53 0 0 508 -48 0
73 55 0 0 507 -60 0
73 57 0 0 508 -73 0
73 59 0 0 510 -90 0
73 61 0 1 514 -111 0
73 62 0 2 0 0 0
73 63 0 4 520 -139 0
73 64 0 8 0 0 0
73 65 0 13 0 0 0
73 66 0 21 0 0 0
73 67 0 32 0 0 0
73 68 0 48 530 -280 -8
73 69 0 68 490 -399 -19
73 70 0 91 500 -535 -22
73 71 0 120 259 -554 -27
73 72 0 153 144 -441 -20
73 73 0 188 114 -391 -18
73 74 0 226 0 0 0
73 75 0 269 95 -356 -11
73 76 0 316 0 0 0
73 77 0 373 60 -254 -7
73 78 0 439 41 -219 3
73 79 0 520 0 0 0
73 80 0 615 28 -173 0
73 81 0 727 0 0 0
73 82 0 860 22 -146 1
73 83 0 1013 0 0 0
73 84 0 1188 0 0 0
73 85 0 1384 19 -118 0
73 86 0 1601 0 0 0
73 87 0 1835 17 -95 0
73 88 0 2078 0 0 0
73 89 0 2316 16 -75 0
73 90 0 2533 0 0 0
73 91 0 2706 16 -56 1
73 92 0 2816 0 0 0
73 93 0 2843 16 -43 1
73 94 0 2778 7 -24 0
73 95 0 2620 14 -17 0
73 96 0 2380 12 -12 0
73 97 0 0 13 -1 3
74 2 0 0 566 26 10
74 3 0 0 544 25 3
74 28 0 0 691 -3 30
74 35 0 0 660 16 26
74 61 0 1 0 0 0
74 62 0 2 0 0 0
74 63 0 4 0 0 0
74 64 0 8 582 -157 -2
74 65 0 13 0 0 0
74 66 0 21 623 -194 -3
74 67 0 32 0 0 0
74 68 0 47 704 -346 12
74 69 0 66 645 -495 -3
74 70 0 88 708 -828 -92
74 71 0 115 187 -790 -48
74 72 0 145 92 -560 -16
74 73 0 176 30 -490 -17
74 74 0 210 45 -391 -14
74 75 0 247 18 -374 10
74 76 0 287 37 -324 -10
74 77 0 334 -11 -303 3
74 78 0 390 7 -284 -19
74 79 0 457 -13 -249 1
74 80 0 537 -4 -240 -31
74 81 0 633 -13 -205 2
74 82 0 748 -4 -203 -30
74 83 0 880 -11 -168 2
74 84 0 1031 -4 -169 -27
74 85 0 1201 -9 -136 2
74 86 0 1389 -3 -139 -23
74 87 0 1590 -7 -109 2
74 88 0 1798 -2 -112 -18
74 89 0 1999 -5 -84 1
74 90 0 2179 0 -87 -13
74 91 0 2321 -2 -61 1
74 92 0 2407 3 -64 -9
74 93 0 2422 1 -37 1
74 94 0 2359 5 -40 -1
74 95 0 2218 3 -20 0
74 96 0 2010 0 -7 1
74 97 0 0 5 0 0
75 2 0 0 529 9 -2
75 3 0 0 541 -29 -2
75 5 0 0 507 0 0
75 7 0 0 512 -1 0
75 8 0 0 513 -2 0
75 10 0 0 515 -4 0
75 12 0 0 518 -4 0
75 15 0 0 522 -7 0
75 17 0 0 526 -7 0
75 19 0 0 536 -12 0
75 21 0 0 541 -11 -1
75 22 0 0 564 -12 4
75 24 0 0 564 -16 3
75 26 0 0 606 8 19
75 28 0 0 690 5 5
75 35 0 0 663 6 -11
75 36 0 0 609 0 3
75 38 0 0 565 -5 4
75 40 0 0 550 0 5
75 42 0 0 538 -13 0
75 44 0 0 529 -14 0
75 46 0 0 525 -25 0
75 48 0 0 521 -30 0
75 50 0 0 519 -40 0
75 53 0 0 518 -48 0
75 55 0 0 520 -59 0
75 57 0 0 523 -70 0
75 59 0 0 529 -85 0
75 61 0 1 539 -103 0
75 62 0 2 0 0 0
75 63 0 3 555 -125 -1
75 64 0 7 0 0 0
75 65 0 12 0 0 0
75 66 0 19 0 0 0
75 67 0 26 0 0 0
75 68 0 37 773 -154 6
75 69 0 50 925 -154 -37
75 70 0 0 254 81 114
76 2 0 0 567 26 10
76 3 0 0 545 26 3
76 28 0 0 685 -36 7
76 35 0 0 666 35 1
76 61 0 1 0 0 0
76 62 0 1 0 0 0
76 63 0 3 0 0 0
76 64 0 6 0 0 0
76 65 0 0 0 0 0
76 66 0 0 0 0 0
76 67 0 0 0 0 0
76 68 0 0 720 -105 1
76 69 0 0 794 -70 -32
76 70 0 0 286 87 -27
77 2 0 0 530 9 -2
77 3 0 0 542 -28 -2
77 5 0 0 507 0 0
77 7 0 0 512 0 0
77 8 0 0 514 0 0
77 10 0 0 516 -1 0
77 12 0 0 519 0 0
77 15 0 0 523 -2 0
77 17 0 0 529 0 0
77 19 0 0 536 -5 0
77 21 0 0 546 0 -1
77 22 0 0 556 -9 3
77 24 0 0 575 8 -8
77 26 0 0 568 0 26
77 28 0 0 668 19 -8
77 35 0 0 668 -21 -10
77 36 0 0 583 -6 25
77 38 0 0 574 -3 -1
77 40 0 0 552 -7 3
77 42 0 0 549 -18 0
77 44 0 0 536 -23 0
77 46 0 0 533 -29 0
77 48 0 0 528 -34 0
77 50 0 0 527 -40 0
77 53 0 0 527 -47 0
77 55 0 0 529 -55 0
77 57 0 0 534 -64 0
77 59 0 0 542 -73 0
77 61 0 0 555 -83 0
77 63 0 0 574 -96 0
77 65 0 0 606 -103 0
77 66 0 0 654 -116 4
77 67 0 0 0 0 0
77 68 0 0 707 -72 0
77 69 0 0 732 -39 -13
77 70 0 0 793 0 0
78 2 0 0 567 26 10
78 3 0 0 545 26 3
78 23 0 0 555 11 -1
78 24 0 0 577 6 -3
78 26 0 0 607 7 -15
78 28 0 0 676 -22 2
78 35 0 0 684 16 6
78 38 0 0 581 -25 0
78 40 0 0 555 -28 0
78 65 0 0 0 0 0
78 68 0 0 670 -63 0
78 69 0 0 681 -38 -5
78 70 0 0 786 0 6
79 2 0 0 530 9 -2
79 3 0 0 542 -28 -2
79 5 0 0 507 0 0
79 7 0 0 512 0 0
79 8 0 0 514 1 0
79 10 0 0 516 1 0
79 12 0 0 519 3 0
79 15 0 0 522 2 0
79 17 0 0 529 6 0
79 19 0 0 535 6 0
79 21 0 0 546 8 0
79 28 0 0 650 9 -16
79 35 0 0 668 -25 -7
79 36 0 0 575 -15 -7
79 42 0 0 554 -32 0
79 44 0 0 539 -32 0
79 46 0 0 536 -34 0
79 48 0 0 532 -36 0
79 50 0 0 532 -41 0
79 53 0 0 533 -45 0
79 55 0 0 536 -51 0
79 57 0 0 542 -57 0
79 59 0 0 550 -64 0
79 61 0 0 562 -71 0
79 63 0 0 577 -77 0
79 65 0 0 601 -76 0
79 67 0 0 625 -75 4
79 68 0 0 660 -26 -4
79 69 0 0 670 -21 0
79 70 0 0 736 -5 7
80 2 0 0 567 26 10
80 3 0 0 545 26 3
80 23 0 0 556 17 -2
80 24 0 0 576 35 -13
80 26 0 0 584 -24 -4
80 27 0 0 587 19 -7
80 28 0 0 717 -21 -48
80 35 0 0 699 -12 25
80 38 0 0 581 -32 -5
80 40 0 0 559 -39 -4
80 68 0 0 648 -38 -4
80 69 0 0 640 -28 6
80 70 0 0 728 1 10
81 2 0 0 529 9 -2
81 3 0 0 542 -28 -2
81 5 0 0 506 1 0
81 7 0 0 512 1 0
81 8 0 0 513 3 0
81 10 0 0 515 3 0
81 12 0 0 517 6 0
81 15 0 0 521 7 0
81 17 0 0 525 10 0
81 19 0 0 533 12 0
81 21 0 0 542 18 0
81 26 0 0 600 44 -26
81 27 0 0 616 55 1
81 28 0 0 713 -58 10
81 35 0 0 666 -24 -4
81 36 0 0 626 -39 -28
81 42 0 0 553 -32 2
81 44 0 0 540 -35 0
81 46 0 0 537 -35 0
81 48 0 0 535 -37 0
81 50 0 0 536 -39 0
81 53 0 0 537 -42 0
81 55 0 0 541 -46 0
81 57 0 0 547 -50 0
81 59 0 0 555 -53 0
81 61 0 0 566 -56 0
81 63 0 0 580 -58 0
81 65 0 0 595 -52 0
81 67 0 0 614 -51 4
81 68 0 0 638 -15 -1
81 69 0 0 632 -10 1
81 70 0 0 694 -4 6
82 2 0 0 542 -8 -8
82 3 0 0 545 27 3
82 26 0 0 607 37 -9
82 27 0 0 674 72 -13
82 28 0 0 726 20 27
82 35 0 0 699 -43 -34
82 36 0 0 624 -137 -24
82 37 0 0 617 -34 -19
82 38 0 0 570 -84 -12
82 40 0 0 558 -63 -4
82 68 0 0 631 -25 -3
82 69 0 0 617 -21 5
82 70 0 0 692 1 14
83 2 0 0 529 10 -2
83 3 0 0 541 -27 -2
83 5 0 0 506 1 0
83 7 0 0 511 2 0
83 8 0 0 512 4 0
83 10 0 0 513 5 0
83 12 0 0 515 9 0
83 15 0 0 518 12 0
83 17 0 0 522 18 0
83 19 0 0 526 23 0
83 21 0 0 538 35 0
83 23 0 0 541 46 -1
83 24 0 0 577 71 -10
83 26 0 0 593 129 -8
83 27 0 0 657 148 -17
83 28 0 0 768 446 95
83 29 0 0 -56 176 -9
83 30 0 0 3 61 -14
83 33 0 0 18 18 -3
83 34 0 0 204 -313 -152
83 35 0 0 1013 -61 -30
83 36 0 0 631 -211 -20
83 37 0 0 591 -111 -25
83 42 0 0 545 -50 1
83 44 0 0 540 -45 0
83 46 0 0 537 -40 0
83 48 0 0 536 -39 0
83 51 0 0 537 -39 0
83 53 0 0 540 -40 0
83 55 0 0 544 -41 0
83 57 0 0 550 -43 0
83 59 0 0 557 -44 0
83 61 0 0 567 -45 0
83 63 0 0 577 -44 0
83 65 0 0 590 -37 0
83 67 0 0 597 -36 2
83 68 0 0 625 -5 0
83 69 0 0 611 -7 0
83 70 0 0 666 -5 5
84 2 0 0 565 27 10
84 3 0 0 544 27 3
84 26 0 0 556 134 0
84 27 0 0 578 162 -9
84 28 0 0 322 403 -8
84 29 0 0 201 323 8
84 30 0 0 75 102 -2
84 31 0 0 71 2 2
84 32 0 0 87 -88 1
84 33 0 0 65 -226 -2
84 34 0 0 266 -425 -20
84 35 0 0 679 -356 -24
84 36 0 0 601 -161 -6
84 37 0 0 545 -122 -10
84 68 0 0 620 -20 -1
84 69 0 0 603 -19 4
84 70 0 0 669 1 15
85 2 0 0 527 10 -2
85 3 0 0 540 -27 -2
85 5 0 0 504 2 0
85 7 0 0 509 2 0
85 8 0 0 509 5 0
85 10 0 0 509 7 0
85 12 0 0 511 11 0
85 14 0 0 512 13 0
85 17 0 0 514 21 0
85 19 0 0 516 28 0
85 21 0 0 519 40 0
85 22 0 0 521 63 0
85 24 0 0 530 78 2
85 26 0 0 514 157 13
85 27 0 0 432 156 11
85 28 0 0 392 267 14
85 29 0 0 276 195 16
85 30 0 0 206 103 18
85 31 0 0 182 0 16
85 32 0 0 189 -77 13
85 33 0 0 222 -179 20
85 34 0 0 312 -280 21
85 35 0 0 521 -272 42
85 36 0 0 445 -125 17
85 37 0 0 528 -161 10
85 39 0 0 540 -87 0
85 40 0 0 538 -69 0
85 42 0 0 532 -52 0
85 44 0 0 533 -44 0
85 46 0 0 532 -39 0
85 48 0 0 534 -37 0
85 51 0 0 536 -36 0
85 53 0 0 540 -36 0
85 55 0 0 544 -36 0
85 57 0 0 550 -36 0
85 59 0 0 557 -36 0
85 61 0 0 565 -36 0
85 63 0 0 574 -34 0
85 65 0 0 583 -27 0
85 67 0 0 586 -26 0
85 68 0 0 615 -2 2
85 69 0 0 596 -4 0
85 70 0 0 648 -5 4
86 2 0 0 564 27 10
86 3 0 0 542 27 3
86 29 0 0 376 110 8
86 31 0 0 311 42 8
86 32 0 0 324 -90 9
86 35 0 0 415 -149 12
86 68 0 0 611 -17 0
86 69 0 0 591 -16 3
86 70 0 0 655 1 16
87 2 0 0 526 10 -2
87 3 0 0 538 -27 -2
87 5 0 0 504 1 0
87 7 0 0 509 3 0
87 8 0 0 507 5 0
87 10 0 0 508 7 0
87 12 0 0 508 11 0
87 14 0 0 508 15 0
87 17 0 0 508 20 0
87 19 0 0 507 29 0
87 21 0 0 505 39 0
87 22 0 0 500 56 1
87 24 0 0 490 78 6
87 26 0 0 465 114 9
87 37 0 0 488 -120 9
87 39 0 0 502 -94 5
87 41 0 0 519 -68 0
87 42 0 0 520 -54 0
87 44 0 0 527 -45 0
87 46 0 0 529 -38 0
87 48 0 0 533 -35 0
87 51 0 0 535 -33 0
87 53 0 0 541 -31 0
87 55 0 0 546 -31 0
87 57 0 0 551 -30 1
87 59 0 0 558 -30 0
87 61 0 0 565 -29 1
87 63 0 0 572 -26 0
87 65 0 0 579 -21 0
87 67 0 0 580 -18 0
87 68 0 0 606 1 2
87 69 0 0 586 -1 0
87 70 0 0 636 -5 4
88 2 0 0 561 26 10
88 3 0 0 541 27 3
88 29 0 0 397 60 4
88 31 0 0 364 15 5
88 32 0 0 369 -44 3
88 35 0 0 424 -77 6
88 68 0 0 604 -17 0
88 69 0 0 583 -14 3
88 70 0 0 645 1 16
89 2 0 0 524 9 -2
89 3 0 0 536 -27 -2
89 5 0 0 499 3 0
89 7 0 0 506 3 -1
89 8 0 0 503 5 0
89 10 0 0 502 7 0
89 12 0 0 501 10 0
89 14 0 0 501 14 0
89 17 0 0 499 19 0
89 19 0 0 497 24 0
89 21 0 0 490 33 0
89 22 0 0 482 43 -1
89 24 0 0 468 52 1
89 26 0 0 440 65 3
89 37 0 0 451 -72 4
89 39 0 0 480 -63 1
89 41 0 0 499 -53 0
89 42 0 0 509 -44 0
89 44 0 0 516 -39 -1
89 46 0 0 520 -33 0
89 49 0 0 528 -30 0
89 51 0 0 530 -28 0
89 53 0 0 537 -26 0
89 55 0 0 542 -26 0
89 57 0 0 547 -24 0
89 59 0 0 554 -24 -1
89 61 0 0 559 -22 0
89 63 0 0 566 -20 -1
89 65 0 0 572 -16 0
89 67 0 0 570 -15 -1
89 68 0 0 596 0 3
89 69 0 0 578 0 0
89 70 0 0 628 -5 4
90 2 0 0 561 27 11
90 3 0 0 537 27 4
90 27 0 0 455 40 2
90 29 0 0 428 30 2
90 31 0 0 414 6 2
90 33 0 0 419 -26 3
90 35 0 0 437 -49 1
90 37 0 0 469 -47 2
90 68 0 0 596 -12 1
90 69 0 0 576 -15 4
90 70 0 0 637 0 16
91 2 0 0 523 11 -1
91 3 0 0 529 -27 0
91 5 0 0 505 -2 2
91 7 0 0 510 2 1
91 8 0 0 505 4 1
91 10 0 0 505 6 1
91 12 0 0 503 8 1
91 14 0 0 503 11 1
91 17 0 0 501 15 1
91 19 0 0 495 19 1
91 21 0 0 490 26 1
91 23 0 0 485 31 1
91 25 0 0 470 36 2
91 39 0 0 484 -47 1
91 40 0 0 503 -42 1
91 42 0 0 508 -36 1
91 44 0 0 521 -31 1
91 46 0 0 522 -27 1
91 49 0 0 532 -24 1
91 51 0 0 534 -23 0
91 53 0 0 543 -21 2
91 55 0 0 548 -20 1
91 57 0 0 553 -20 1
91 59 0 0 562 -18 1
91 61 0 0 563 -17 1
91 63 0 0 571 -13 1
91 65 0 0 577 -12 3
91 67 0 0 572 -6 0
91 68 0 0 590 8 3
91 69 0 0 572 0 -1
91 70 0 0 622 -5 4
92 2 0 0 551 36 15
92 3 0 0 529 32 6
92 5 0 0 494 8 3
92 7 0 0 496 4 -6
92 8 0 0 493 8 -8
92 10 0 0 493 6 -7
92 12 0 0 490 9 -10
92 14 0 0 490 8 -3
92 17 0 0 485 10 -7
92 19 0 0 480 13 -8
92 21 0 0 473 17 -10
92 23 0 0 468 21 -4
92 25 0 0 453 18 -8
92 27 0 0 440 21 -9
92 29 0 0 427 15 -6
92 31 0 0 416 1 -6
92 33 0 0 421 -12 -6
92 34 0 0 436 -27 -8
92 36 0 0 450 -29 -8
92 38 0 0 467 -28 -8
92 40 0 0 486 -29 -4
92 42 0 0 491 -24 -10
92 44 0 0 504 -22 -4
92 46 0 0 508 -19 -11
92 49 0 0 518 -18 -4
92 51 0 0 521 -17 -11
92 53 0 0 528 -15 -8
92 55 0 0 536 -15 -5
92 57 0 0 540 -14 -9
92 59 0 0 548 -14 -3
92 61 0 0 548 -15 -11
92 63 0 0 557 -12 -7
92 65 0 0 559 -12 -5
92 67 0 0 558 -13 -7
92 68 0 0 596 -18 8
92 69 0 0 573 -20 5
92 70 0 0 631 0 16
93 2 0 0 513 24 3
93 3 0 0 506 -22 4
93 68 0 0 578 -2 7
93 69 0 0 558 3 -3
93 70 0 0 619 -4 5
94 2 0 0 528 13 11
94 3 0 0 527 26 14
94 5 0 0 508 -4 -12
94 7 0 0 523 -2 -11
94 8 0 0 517 1 -16
94 10 0 0 524 3 -12
94 12 0 0 523 4 -11
94 14 0 0 518 4 -11
94 17 0 0 516 6 -12
94 19 0 0 511 8 -12
94 21 0 0 505 9 -12
94 23 0 0 498 11 -11
94 25 0 0 489 11 -12
94 27 0 0 478 10 -12
94 29 0 0 466 7 -13
94 31 0 0 452 0 -15
94 33 0 0 465 -6 -12
94 35 0 0 474 -14 -13
94 37 0 0 488 -16 -12
94 39 0 0 502 -18 -12
94 40 0 0 514 -16 -11
94 42 0 0 523 -14 -12
94 44 0 0 533 -13 -12
94 47 0 0 542 -11 -13
94 49 0 0 548 -11 -12
94 51 0 0 556 -9 -13
94 53 0 0 562 -9 -13
94 55 0 0 567 -8 -13
94 57 0 0 573 -7 -13
94 59 0 0 578 -7 -12
94 61 0 0 585 -8 -13
94 63 0 0 587 -6 -16
94 65 0 0 594 -4 -10
94 67 0 0 580 -2 -16
94 68 0 0 581 -11 11
94 69 0 0 570 -13 0
94 70 0 0 626 1 15
95 2 0 0 513 26 -21
95 3 0 0 498 -23 -6
95 68 0 0 568 21 -9
95 69 0 0 553 2 -4
95 70 0 0 617 -2 8
96 2 0 0 482 32 -1
96 3 0 0 525 -2 -13
96 4 0 0 520 -25 -18
96 5 0 0 513 17 -18
96 6 0 0 519 -10 -8
96 7 0 0 512 18 -18
96 8 0 0 521 -9 1
96 9 0 0 522 17 6
96 10 0 0 520 -28 2
96 11 0 0 514 19 -19
96 12 0 0 515 -19 2
96 13 0 0 510 20 -25
96 14 0 0 511 -14 3
96 15 0 0 507 20 -25
96 16 0 0 508 -13 5
96 17 0 0 503 21 -25
96 18 0 0 504 -11 6
96 19 0 0 498 22 -25
96 20 0 0 498 -10 7
96 21 0 0 491 23 -24
96 22 0 0 491 -10 7
96 23 0 0 484 24 -24
96 24 0 0 483 -9 8
96 25 0 0 475 24 -24
96 26 0 0 474 -7 9
96 27 0 0 465 23 -24
96 28 0 0 466 -6 7
96 29 0 0 458 20 -19
96 30 0 0 463 -3 7
96 31 0 0 463 3 5
96 32 0 0 456 -20 -20
96 33 0 0 465 7 7
96 34 0 0 464 -24 -23
96 35 0 0 473 6 9
96 36 0 0 476 -27 -24
96 37 0 0 483 6 9
96 38 0 0 489 -28 -24
96 39 0 0 496 7 9
96 40 0 0 501 -28 -25
96 41 0 0 508 8 8
96 42 0 0 512 -27 -25
96 43 0 0 517 8 8
96 44 0 0 521 -26 -25
96 45 0 0 527 9 8
96 46 0 0 530 -25 -25
96 47 0 0 534 10 7
96 48 0 0 537 -25 -25
96 49 0 0 542 10 7
96 50 0 0 545 -24 -25
96 51 0 0 548 11 6
96 52 0 0 551 -24 -25
96 53 0 0 554 11 6
96 54 0 0 557 -24 -24
96 55 0 0 560 12 6
96 56 0 0 563 -24 -24
96 57 0 0 565 12 5
96 58 0 0 569 -24 -23
96 59 0 0 570 13 3
96 60 0 0 575 -24 -22
96 61 0 0 576 16 3
96 62 0 0 579 -23 -19
96 63 0 0 580 22 0
96 64 0 0 582 -20 -16
96 65 0 0 587 28 -1
96 66 0 0 587 -10 1
96 67 0 0 585 8 -5
96 68 0 0 590 3 -14
96 69 0 0 589 -1 -4
96 70 0 0 633 3 22
97 2 0 0 503 3 -5
97 3 0 0 483 6 7
97 4 0 0 508 0 -10
97 5 0 0 491 0 -14
97 6 0 0 473 18 -11
97 7 0 0 475 -13 -21
97 8 0 0 463 17 -4
97 9 0 0 476 -10 -14
97 10 0 0 464 3 -11
97 11 0 0 476 -23 -21
97 12 0 0 463 7 -7
97 13 0 0 481 -21 -21
97 14 0 0 460 7 -6
97 15 0 0 479 -19 -22
97 16 0 0 454 7 -4
97 17 0 0 476 -17 -23
97 18 0 0 448 7 -3
97 19 0 0 471 -17 -23
97 20 0 0 441 7 -2
97 21 0 0 465 -16 -24
97 22 0 0 434 9 -2
97 23 0 0 457 -15 -23
97 24 0 0 426 9 -2
97 25 0 0 449 -15 -24
97 26 0 0 417 9 -2
97 27 0 0 440 -15 -24
97 28 0 0 412 10 -3
97 29 0 0 429 -15 -22
97 30 0 0 415 14 -7
97 31 0 0 419 -12 -13
97 32 0 0 428 15 -22
97 33 0 0 412 -10 -3
97 34 0 0 439 14 -24
97 35 0 0 416 -10 -1
97 36 0 0 450 13 -24
97 37 0 0 426 -11 -1
97 38 0 0 462 13 -24
97 39 0 0 438 -10 -1
97 40 0 0 473 13 -24
97 41 0 0 449 -9 -1
97 42 0 0 483 14 -24
97 43 0 0 458 -8 -1
97 44 0 0 493 15 -24
97 45 0 0 468 -8 -1
97 46 0 0 501 16 -24
97 47 0 0 476 -7 -1
97 48 0 0 509 16 -24
97 49 0 0 484 -6 -1
97 50 0 0 516 16 -24
97 51 0 0 490 -6 -1
97 52 0 0 523 16 -24
97 53 0 0 497 -5 -1
97 54 0 0 529 17 -24
97 55 0 0 503 -5 -1
97 56 0 0 534 17 -24
97 57 0 0 508 -4 -1
97 58 0 0 540 18 -23
97 59 0 0 515 -5 -2
97 60 0 0 543 19 -22
97 61 0 0 520 -4 -3
97 62 0 0 544 19 -21
97 63 0 0 523 -4 -3
97 64 0 0 537 18 -22
97 65 0 0 524 -3 -5
97 66 0 0 543 7 -14
97 67 0 0 524 -13 -6
97 68 0 0 568 0 -15
97 69 0 0 552 10 8
97 70 0 0 593 8 5
