env_min(m) 0.0000 0.0000 0.0000
env_max(m) 10.0000 10.0000 3.0000
NumCells_XYZ 100 100 30
CellSizes_XYZ[m] 0.1000 0.1000 0.1000
GasSourceLocation_XYZ[m] 0.7857 7.2143 0.5000
GasType ethanol
Cell_x	 Cell_y	 Cell_z	 Gas_conc[10^⁻3ppm]	 Wind_u[10^⁻3m/s]	 Wind_v[10^⁻3m/s]	 Wind_w[10^⁻3m/s]
2 2 0 0 0 0 0
2 3 0 0 0 0 0
2 4 0 0 0 0 0
2 5 0 0 0 0 0
2 6 0 0 0 0 0
2 7 0 0 0 -1 0
2 8 0 0 0 -1 0
2 9 0 0 0 -1 0
2 10 0 0 0 -1 0
2 11 0 0 0 -2 0
2 12 0 0 0 -2 0
2 13 0 0 0 -2 0
2 14 0 0 0 -2 0
2 15 0 0 0 -3 0
2 16 0 0 0 -3 0
2 17 0 0 0 -4 0
2 18 0 0 0 -4 1
2 19 0 0 0 -4 -1
2 20 0 0 0 -5 1
2 21 0 0 0 -5 -1
2 22 0 0 0 -6 1
2 23 0 0 0 -6 -1
2 24 0 0 0 -7 1
2 25 0 0 0 -8 -1
2 26 0 0 0 -8 2
2 27 0 0 0 -9 -2
2 28 0 0 0 -10 2
2 29 0 0 0 -11 -2
2 30 0 0 0 -12 3
2 31 0 0 0 -13 -2
2 32 0 0 0 -14 3
2 33 0 0 0 -15 -3
2 34 0 0 0 -16 4
2 35 0 0 0 -17 -3
2 36 0 0 0 -19 5
2 37 0 0 0 -20 -4
2 38 0 0 0 -22 5
2 39 0 0 0 -23 -4
2 40 0 0 0 -25 6
2 41 0 0 0 -27 -5
2 42 0 0 0 -28 7
2 43 0 0 0 -30 -6
2 44 0 0 0 -32 8
2 45 0 0 0 -34 -7
2 46 0 0 0 -36 9
2 47 0 0 0 -38 -7
2 48 0 0 0 -40 10
2 49 0 0 0 -42 -8
2 50 0 0 0 -44 10
2 51 0 0 0 -46 -9
2 52 0 0 1 -48 11
2 53 0 0 0 -49 -10
2 54 0 0 1 -51 12
2 55 0 851 0 -52 -10
2 56 0 0 1 -54 13
2 57 0 0 0 -55 -11
2 58 0 0 1 -57 13
2 59 0 0 0 -58 -11
2 60 0 2127 1 -59 13
2 61 0 0 0 -59 -11
2 62 0 0 1 -60 14
2 63 0 0 0 -60 -11
2 64 0 0 1 -61 13
2 65 0 12537 0 -60 -12
2 66 0 0 0 -61 14
2 67 0 0 0 -59 -12
2 68 0 0 0 -59 13
2 69 0 0 0 -57 -12
2 70 0 15243 0 -57 13
2 71 0 0 0 -55 -11
2 72 0 0 0 -54 12
2 73 0 0 0 -51 -11
2 74 0 0 0 -51 12
2 75 0 782 0 -48 -11
2 76 0 0 0 -47 11
2 77 0 0 0 -43 -10
2 78 0 0 0 -42 9
2 79 0 0 0 -39 -9
2 80 0 2 0 -37 8
2 81 0 0 0 -34 -8
2 82 0 0 0 -33 7
2 83 0 0 0 -29 -7
2 84 0 0 0 -28 6
2 85 0 0 0 -25 -6
2 86 0 0 0 -23 5
2 87 0 0 0 -20 -5
2 88 0 0 0 -18 4
2 89 0 0 0 -16 -4
2 90 0 0 0 -14 3
2 91 0 0 0 -12 -3
2 92 0 0 0 -9 2
2 93 0 0 0 -7 -2
2 94 0 0 0 -5 1
2 95 0 0 0 -4 -1
2 96 0 0 0 -2 0
2 97 0 0 0 0 0
3 2 0 0 0 0 0
3 3 0 0 0 0 0
3 4 0 0 0 0 0
3 5 0 0 0 0 0
3 6 0 0 0 0 0
3 7 0 0 0 -1 0
3 8 0 0 0 -1 0
3 9 0 0 0 -1 0
3 10 0 0 0 -1 0
3 11 0 0 0 -2 0
3 12 0 0 0 -2 0
3 13 0 0 0 -2 0
3 14 0 0 0 -2 0
3 15 0 0 0 -3 0
3 16 0 0 0 -3 0
3 17 0 0 1 -4 0
3 18 0 0 0 -4 0
3 19 0 0 1 -4 0
3 20 0 0 0 -5 0
3 21 0 0 1 -5 0
3 22 0 0 0 -6 0
3 23 0 0 1 -6 0
3 24 0 0 0 -7 0
3 25 0 0 2 -8 0
3 26 0 0 0 -8 0
3 27 0 0 2 -9 0
3 28 0 0 0 -10 0
3 29 0 0 2 -11 0
3 30 0 0 0 -11 0
3 31 0 0 3 -13 0
3 32 0 0 0 -13 0
3 33 0 0 3 -15 0
3 34 0 0 0 -16 0
3 35 0 0 4 -18 0
3 36 0 0 0 -18 0
3 37 0 0 4 -20 0
3 38 0 0 -1 -21 0
3 39 0 0 5 -23 0
3 40 0 0 -1 -25 0
3 41 0 0 6 -27 0
3 42 0 0 -1 -28 0
3 43 0 0 6 -30 0
3 44 0 0 -1 -32 0
3 45 0 0 7 -34 0
3 46 0 0 -2 -36 0
3 47 0 0 8 -38 1
3 48 0 0 -2 -40 0
3 49 0 0 8 -42 1
3 50 0 0 -3 -44 0
3 51 0 32 9 -46 1
3 52 0 138 -3 -48 0
3 53 0 446 9 -50 1
3 54 0 1084 -4 -51 -1
3 55 0 1991 9 -53 1
3 56 0 2778 -5 -55 -1
3 57 0 3030 9 -56 1
3 58 0 2808 -5 -57 -1
3 59 0 2755 9 -58 1
3 60 0 3563 -6 -59 -1
3 61 0 5880 9 -60 1
3 62 0 9250 -7 -61 -1
3 63 0 13045 8 -61 1
3 64 0 16222 -7 -61 -1
3 65 0 18408 8 -61 1
3 66 0 20299 -8 -61 -1
3 67 0 23221 7 -60 1
3 68 0 27563 -8 -60 -1
3 69 0 30882 6 -58 1
3 70 0 30091 -9 -58 -1
3 71 0 25625 5 -56 1
3 72 0 19560 -9 -55 -1
3 73 0 12665 4 -53 0
3 74 0 6349 -9 -51 -1
3 75 0 2511 3 -49 0
3 76 0 908 -9 -47 -1
3 77 0 330 2 -44 0
3 78 0 111 -9 -42 -1
3 79 0 33 2 -39 0
3 80 0 7 -8 -38 -1
3 81 0 1 1 -34 0
3 82 0 0 -7 -33 -1
3 83 0 0 0 -30 0
3 84 0 0 -7 -28 0
3 85 0 0 0 -25 0
3 86 0 0 -6 -23 0
3 87 0 0 0 -20 0
3 88 0 0 -5 -19 0
3 89 0 0 0 -15 0
3 90 0 0 -4 -14 0
3 91 0 0 0 -11 0
3 92 0 0 -4 -10 0
3 93 0 0 -1 -7 0
3 94 0 0 -3 -6 0
3 95 0 0 -1 -3 0
3 96 0 0 -2 -2 0
3 97 0 0 -2 0 0
4 2 0 0 0 0 0
4 3 0 0 0 0 0
4 4 0 0 0 0 0
4 6 0 0 0 0 0
4 8 0 0 0 -1 0
4 10 0 0 0 -1 0
4 12 0 0 0 -2 0
4 14 0 0 0 -2 0
4 16 0 0 1 -3 0
4 19 0 0 1 -4 0
4 21 0 0 1 -5 0
4 23 0 0 1 -6 0
4 25 0 0 1 -7 0
4 27 0 0 2 -8 0
4 29 0 0 2 -10 0
4 31 0 0 2 -11 0
4 33 0 0 3 -13 0
4 35 0 0 3 -16 0
4 37 0 0 4 -18 0
4 39 0 0 4 -21 0
4 41 0 0 4 -24 0
4 43 0 0 5 -28 0
4 45 0 0 5 -31 0
4 47 0 0 5 -35 0
4 49 0 0 5 -39 0
4 51 0 29 5 -43 0
4 52 0 127 0 0 0
4 53 0 413 5 -47 0
4 54 0 1005 0 0 0
4 55 0 1849 4 -50 0
4 56 0 2587 0 0 0
4 57 0 2855 3 -53 0
4 58 0 2757 0 0 0
4 59 0 2932 3 -55 0
4 60 0 4063 0 0 0
4 61 0 6545 2 -57 0
4 62 0 10362 0 0 0
4 63 0 14907 0 -58 0
4 64 0 19270 0 0 0
4 65 0 23190 0 -59 0
4 66 0 27460 0 0 0
4 67 0 33316 -1 -58 0
4 68 0 40925 0 0 0
4 69 0 48115 -2 -57 0
4 70 0 52502 0 0 0
4 71 0 52841 -3 -54 0
4 72 0 46387 0 0 0
4 73 0 31967 -4 -51 0
4 74 0 16128 0 0 0
4 75 0 6305 -5 -48 0
4 76 0 2268 0 0 0
4 77 0 816 -6 -44 0
4 78 0 271 0 0 0
4 79 0 77 -6 -39 0
4 80 0 16 0 0 0
4 81 0 3 -7 -34 0
4 83 0 0 -7 -30 0
4 85 0 0 -6 -25 0
4 87 0 0 -6 -20 0
4 89 0 0 -6 -16 0
4 91 0 0 -5 -12 0
4 93 0 0 -5 -8 0
4 95 0 0 -5 -5 0
4 96 0 0 -3 -1 0
4 97 0 0 -4 0 1
5 2 0 0 0 0 0
5 3 0 0 0 0 0
5 51 0 20 0 0 0
5 52 0 89 0 0 0
5 53 0 288 0 0 0
5 54 0 702 0 0 0
5 55 0 1296 0 0 0
5 56 0 1826 0 0 0
5 57 0 2062 0 0 0
5 58 0 2116 0 0 0
5 59 0 2491 0 0 0
5 60 0 3708 0 0 0
5 61 0 6153 0 0 0
5 62 0 9977 0 0 0
5 63 0 14880 0 0 0
5 64 0 20282 0 0 0
5 65 0 26224 0 0 0
5 66 0 33713 0 0 0
5 67 0 43551 0 0 0
5 68 0 55150 0 0 0
5 69 0 68165 0 0 0
5 70 0 82954 0 0 0
5 71 0 93664 0 0 0
5 72 0 87622 0 0 0
5 73 0 61418 0 0 0
5 74 0 31032 0 0 0
5 75 0 12288 0 0 0
5 76 0 4543 0 0 0
5 77 0 1653 0 0 0
5 78 0 541 0 0 0
5 79 0 148 0 0 0
5 80 0 30 0 0 0
5 81 0 5 0 0 0
5 96 0 0 -6 -3 0
5 97 0 0 -5 0 -1
6 2 0 0 0 0 0
6 3 0 0 0 0 0
6 4 0 0 0 0 0
6 6 0 0 1 0 0
6 8 0 0 1 -1 0
6 10 0 0 1 -1 0
6 12 0 0 1 -2 0
6 14 0 0 1 -2 0
6 16 0 0 1 -3 0
6 18 0 0 1 -4 0
6 20 0 0 2 -4 0
6 23 0 0 2 -5 0
6 25 0 0 3 -7 0
6 27 0 0 3 -8 0
6 29 0 0 4 -9 0
6 31 0 0 4 -11 0
6 33 0 0 5 -13 0
6 35 0 0 6 -15 0
6 37 0 0 6 -18 0
6 39 0 0 7 -21 0
6 41 0 0 8 -24 0
6 43 0 0 8 -28 0
6 45 0 0 9 -32 0
6 47 0 0 9 -36 0
6 49 0 0 9 -40 0
6 51 0 10 9 -44 0
6 52 0 46 0 0 0
6 53 0 151 8 -48 0
6 54 0 368 0 0 0
6 55 0 685 7 -51 0
6 56 0 977 0 0 0
6 57 0 1148 6 -55 0
6 58 0 1292 0 0 0
6 59 0 1752 5 -57 0
6 60 0 2876 0 0 0
6 61 0 5059 3 -59 0
6 62 0 8629 0 0 0
6 63 0 13621 1 -61 0
6 64 0 19816 0 0 0
6 65 0 27624 0 -61 0
6 66 0 38447 0 0 0
6 67 0 52862 -2 -60 0
6 68 0 69566 0 0 0
6 69 0 90375 -4 -59 0
6 70 0 117077 0 0 0
6 71 0 136624 -6 -56 0
6 72 0 128918 0 0 0
6 73 0 91087 -8 -53 0
6 74 0 46894 0 0 0
6 75 0 19201 -9 -49 0
6 76 0 7316 0 0 0
6 77 0 2662 -10 -45 0
6 78 0 850 0 0 0
6 79 0 224 -11 -40 0
6 80 0 44 0 0 0
6 81 0 7 -11 -35 0
6 83 0 0 -11 -30 0
6 85 0 0 -11 -25 0
6 87 0 0 -10 -20 0
6 89 0 0 -10 -16 0
6 91 0 0 -9 -12 0
6 93 0 0 -9 -8 0
6 95 0 0 -8 -5 0
6 96 0 0 -7 -1 0
6 97 0 0 -7 0 2
7 2 0 0 1 0 0
7 3 0 0 1 0 0
7 51 0 4 0 0 0
7 52 0 18 0 0 0
7 53 0 59 0 0 0
7 54 0 145 0 0 0
7 55 0 272 0 0 0
7 56 0 397 0 0 0
7 57 0 501 0 0 0
7 58 0 647 0 0 0
7 59 0 1060 0 0 0
7 60 0 1978 0 0 0
7 61 0 3808 0 0 0
7 62 0 6998 0 0 0
7 63 0 11892 0 0 0
7 64 0 18604 0 0 0
7 65 0 27750 0 0 0
7 66 0 40791 0 0 0
7 67 0 58415 0 0 0
7 68 0 80126 0 0 0
7 69 0 110178 0 0 0
7 70 0 147656 0 0 0
7 71 0 168676 0 0 0
7 72 0 152576 0 0 0
7 73 0 105646 0 0 0
7 74 0 55236 0 0 0
7 75 0 23514 0 0 0
7 76 0 9190 0 0 0
7 77 0 3313 0 0 0
7 78 0 1028 0 0 0
7 79 0 263 0 0 0
7 80 0 50 0 0 0
7 81 0 8 0 0 0
7 96 0 0 -10 -4 0
7 97 0 0 -9 0 -1
8 2 0 0 1 0 0
8 3 0 0 1 0 0
8 4 0 0 1 0 0
8 6 0 0 1 0 0
8 8 0 0 1 -1 0
8 10 0 0 1 -1 0
8 12 0 0 1 -2 0
8 14 0 0 2 -2 0
8 16 0 0 2 -3 0
8 18 0 0 2 -3 0
8 20 0 0 3 -4 0
8 22 0 0 3 -5 0
8 25 0 0 4 -6 0
8 27 0 0 4 -7 0
8 29 0 0 5 -9 0
8 31 0 0 6 -10 0
8 33 0 0 7 -12 0
8 35 0 0 8 -15 0
8 37 0 0 9 -17 0
8 39 0 0 10 -20 0
8 41 0 0 11 -23 0
8 43 0 0 12 -27 0
8 45 0 0 13 -31 0
8 47 0 0 13 -35 0
8 49 0 0 13 -40 0
8 51 0 1 13 -44 0
8 52 0 5 0 0 0
8 53 0 17 12 -49 0
8 54 0 42 0 0 0
8 55 0 81 11 -53 0
8 56 0 123 0 0 0
8 57 0 178 9 -56 0
8 58 0 282 0 0 0
8 59 0 588 7 -59 0
8 60 0 1271 0 0 0
8 61 0 2722 5 -62 0
8 62 0 5433 0 0 0
8 63 0 9991 2 -63 0
8 64 0 16826 0 0 0
8 65 0 26560 0 -63 0
8 66 0 40167 0 0 0
8 67 0 58327 -3 -63 0
8 68 0 82144 0 0 0
8 69 0 117388 -6 -61 0
8 70 0 158814 0 0 0
8 71 0 174277 -9 -59 0
8 72 0 146635 0 0 0
8 73 0 95150 -11 -55 0
8 74 0 48711 0 0 0
8 75 0 21317 -13 -51 0
8 76 0 8618 0 0 0
8 77 0 3123 -15 -46 0
8 78 0 958 0 0 0
8 79 0 242 -16 -41 0
8 80 0 46 0 0 0
8 81 0 7 -16 -35 0
8 83 0 0 -16 -30 0
8 85 0 0 -16 -24 0
8 87 0 0 -15 -20 0
8 89 0 0 -14 -15 0
8 91 0 0 -13 -11 0
8 93 0 0 -12 -8 0
8 95 0 0 -12 -4 0
8 96 0 0 -11 0 0
8 97 0 0 -11 0 3
9 2 0 0 1 0 0
9 3 0 0 1 0 0
9 51 0 0 0 0 0
9 52 0 1 0 0 0
9 53 0 3 0 0 0
9 54 0 9 0 0 0
9 55 0 18 0 0 0
9 56 0 29 0 0 0
9 57 0 56 0 0 0
9 58 0 117 0 0 0
9 59 0 316 0 0 0
9 60 0 782 0 0 0
9 61 0 1840 0 0 0
9 62 0 3942 0 0 0
9 63 0 7794 0 0 0
9 64 0 14050 0 0 0
9 65 0 23290 0 0 0
9 66 0 35898 0 0 0
9 67 0 52112 0 0 0
9 68 0 73131 0 0 0
9 69 0 103098 0 0 0
9 70 0 135159 0 0 0
9 71 0 142360 0 0 0
9 72 0 113693 0 0 0
9 73 0 68917 0 0 0
9 74 0 33242 0 0 0
9 75 0 14515 0 0 0
9 76 0 6124 0 0 0
9 77 0 2303 0 0 0
9 78 0 730 0 0 0
9 79 0 190 0 0 0
9 80 0 37 0 0 0
9 81 0 6 0 0 0
9 96 0 0 -13 -4 0
9 97 0 0 -13 0 -2
10 2 0 0 1 0 0
10 3 0 0 1 0 0
10 4 0 0 1 0 0
10 6 0 0 1 0 0
10 8 0 0 1 -1 0
10 10 0 0 2 -1 0
10 12 0 0 2 -1 0
10 14 0 0 2 -2 0
10 16 0 0 2 -2 0
10 18 0 0 3 -3 0
10 20 0 0 3 -4 0
10 22 0 0 4 -4 0
10 25 0 0 5 -5 0
10 27 0 0 6 -6 0
10 29 0 0 7 -8 0
10 31 0 0 8 -9 0
10 33 0 0 9 -11 0
10 35 0 0 10 -13 0
10 37 0 0 12 -16 0
10 39 0 0 13 -19 0
10 41 0 0 15 -22 0
10 43 0 0 16 -26 0
10 45 0 0 17 -30 0
10 47 0 0 18 -35 0
10 49 0 0 18 -40 0
10 51 0 0 18 -45 0
10 53 0 0 17 -50 0
10 55 0 0 15 -54 0
10 56 0 1 0 0 0
10 57 0 13 13 -58 0
10 58 0 47 10 -62 0
10 59 0 162 0 0 0
10 60 0 444 7 -65 0
10 61 0 1119 0 0 0
10 62 0 2540 0 0 0
10 63 0 5354 3 -66 0
10 64 0 10263 0 0 0
10 65 0 17810 0 -67 0
10 66 0 28016 0 0 0
10 67 0 40543 -4 -66 0
10 68 0 55671 0 0 0
10 69 0 74796 -8 -65 0
10 70 0 92237 0 0 0
10 71 0 92708 -12 -62 0
10 72 0 71575 0 0 0
10 73 0 41567 -15 -58 0
10 74 0 19039 0 0 0
10 75 0 8245 -18 -53 0
10 76 0 3681 0 0 0
10 77 0 1497 -20 -47 0
10 78 0 517 0 0 0
10 79 0 144 -22 -41 0
10 80 0 30 0 0 0
10 81 0 5 -22 -35 0
10 83 0 0 -22 -29 0
10 85 0 0 -21 -24 0
10 87 0 0 -20 -19 0
10 89 0 0 -18 -14 0
10 91 0 0 -17 -10 0
10 93 0 0 -16 -7 0
10 95 0 0 -15 -4 0
10 96 0 0 -14 0 0
10 97 0 0 -14 0 4
11 2 0 0 1 0 0
11 3 0 0 1 0 0
11 55 0 0 0 0 0
11 56 0 0 0 0 0
11 57 0 5 0 0 0
11 58 0 20 0 0 0
11 59 0 76 0 0 0
11 60 0 220 0 0 0
11 61 0 581 0 0 0
11 62 0 1394 0 0 0
11 63 0 3139 0 0 0
11 64 0 6416 0 0 0
11 65 0 11723 0 0 0
11 66 0 18974 0 0 0
11 67 0 27490 0 0 0
11 68 0 36849 0 0 0
11 69 0 47020 0 0 0
11 70 0 54342 0 0 0
11 71 0 51501 0 0 0
11 72 0 37695 0 0 0
11 73 0 21028 0 0 0
11 74 0 9633 0 0 0
11 75 0 4422 0 0 0
11 76 0 2169 0 0 0
11 77 0 976 0 0 0
11 78 0 370 0 0 0
11 79 0 111 0 0 0
11 80 0 25 0 0 0
11 81 0 4 0 0 0
11 96 0 0 -17 -4 0
11 97 0 0 -16 0 -5
12 2 0 0 1 0 0
12 3 0 0 1 0 0
12 4 0 0 1 0 0
12 6 0 0 2 0 0
12 8 0 0 2 0 0
12 10 0 0 2 -1 0
12 12 0 0 2 -1 0
12 14 0 0 3 -1 0
12 16 0 0 3 -2 0
12 18 0 0 3 -2 0
12 20 0 0 4 -3 0
12 22 0 0 5 -4 0
12 24 0 0 6 -4 0
12 27 0 0 7 -5 0
12 29 0 0 8 -7 0
12 31 0 0 9 -8 0
12 33 0 0 11 -10 0
12 35 0 0 13 -12 0
12 37 0 0 15 -14 0
12 39 0 0 16 -17 0
12 41 0 0 18 -21 0
12 43 0 0 20 -25 0
12 45 0 0 22 -29 0
12 47 0 0 23 -34 0
12 49 0 0 23 -40 0
12 51 0 0 23 -45 0
12 53 0 0 22 -51 0
12 55 0 0 20 -56 0
12 57 0 1 17 -61 0
12 58 0 7 13 -65 0
12 59 0 29 0 0 0
12 60 0 90 9 -69 0
12 61 0 249 0 0 0
12 62 0 647 4 -71 0
12 63 0 1584 0 0 0
12 64 0 3502 0 0 0
12 65 0 6820 0 -72 0
12 66 0 11460 0 0 0
12 67 0 16647 -5 -71 0
12 68 0 21584 0 0 0
12 69 0 25858 -11 -69 0
12 70 0 27812 0 0 0
12 71 0 24691 -16 -66 0
12 72 0 17051 0 0 0
12 73 0 9285 -20 -61 0
12 74 0 4522 0 0 0
12 75 0 2351 -24 -56 0
12 76 0 1281 0 0 0
12 77 0 622 -27 -49 0
12 78 0 248 0 0 0
12 79 0 77 -28 -42 0
12 80 0 17 0 0 0
12 81 0 3 -29 -35 0
12 83 0 0 -28 -28 0
12 85 0 0 -26 -22 0
12 87 0 0 -24 -17 0
12 89 0 0 -22 -12 0
12 91 0 0 -20 -9 0
12 93 0 0 -19 -6 0
12 95 0 0 -18 -3 0
12 96 0 0 -18 0 0
12 97 0 0 -17 0 5
13 2 0 0 1 0 0
13 3 0 0 2 0 0
13 57 0 0 0 0 0
13 58 0 2 0 0 0
13 59 0 9 0 0 0
13 60 0 30 0 0 0
13 61 0 87 0 0 0
13 62 0 261 0 0 0
13 63 0 718 0 0 0
13 64 0 1758 0 0 0
13 65 0 3683 0 0 0
13 66 0 6418 0 0 0
13 67 0 9250 0 0 0
13 68 0 11329 0 0 0
13 69 0 12313 0 0 0
13 70 0 11934 0 0 0
13 71 0 9780 0 0 0
13 72 0 6466 0 0 0
13 73 0 3587 0 0 0
13 74 0 1941 0 0 0
13 75 0 1146 0 0 0
13 76 0 673 0 0 0
13 77 0 339 0 0 0
13 78 0 137 0 0 0
13 79 0 43 0 0 0
13 80 0 10 0 0 0
13 81 0 1 0 0 0
13 96 0 0 -19 -4 0
13 97 0 0 -18 0 -5
14 2 0 0 2 0 0
14 3 0 0 2 0 0
14 4 0 0 2 0 0
14 6 0 0 2 0 0
14 8 0 0 2 0 0
14 10 0 0 2 0 0
14 12 0 0 2 -1 0
14 14 0 0 3 -1 0
14 16 0 0 3 -1 0
14 18 0 0 4 -2 0
14 20 0 0 5 -2 0
14 22 0 0 6 -3 0
14 24 0 0 7 -3 0
14 27 0 0 8 -4 0
14 29 0 0 9 -5 0
14 31 0 0 11 -6 0
14 33 0 0 13 -8 0
14 35 0 0 15 -10 0
14 37 0 0 17 -12 0
14 39 0 0 20 -15 0
14 41 0 0 22 -19 0
14 43 0 0 25 -23 0
14 45 0 0 26 -28 0
14 47 0 0 28 -33 0
14 49 0 0 29 -40 0
14 51 0 0 29 -46 0
14 53 0 0 28 -53 0
14 55 0 0 25 -59 0
14 57 0 0 22 -65 0
14 58 0 0 17 -70 0
14 59 0 2 0 0 0
14 60 0 8 12 -74 0
14 61 0 24 0 0 0
14 62 0 99 6 -76 0
14 63 0 323 0 0 0
14 64 0 895 0 0 0
14 65 0 2016 0 -77 0
14 66 0 3597 0 0 0
14 67 0 5053 -7 -77 0
14 68 0 5702 0 0 0
14 69 0 5404 -13 -75 0
14 70 0 4480 0 0 0
14 71 0 3255 -20 -71 0
14 72 0 2046 0 0 0
14 73 0 1181 -26 -66 0
14 74 0 713 0 0 0
14 75 0 462 -30 -59 0
14 76 0 283 0 0 0
14 77 0 144 -34 -52 0
14 78 0 59 0 0 0
14 79 0 18 -36 -43 0
14 80 0 4 0 0 0
14 81 0 0 -36 -35 0
14 83 0 0 -35 -27 0
14 85 0 0 -32 -20 0
14 87 0 0 -29 -15 0
14 89 0 0 -26 -10 0
14 91 0 0 -24 -7 0
14 93 0 0 -22 -4 0
14 95 0 0 -20 -2 0
14 96 0 0 -20 1 0
14 97 0 0 -20 0 5
15 2 0 0 2 0 0
15 3 0 0 2 0 0
15 57 0 0 0 0 0
15 58 0 0 0 0 0
15 59 0 0 0 0 0
15 60 0 1 0 0 0
15 61 0 5 0 0 0
15 62 0 42 0 0 0
15 63 0 168 0 0 0
15 64 0 521 0 0 0
15 65 0 1240 0 0 0
15 66 0 2229 0 0 0
15 67 0 3028 0 0 0
15 68 0 3141 0 0 0
15 69 0 2559 0 0 0
15 70 0 1720 0 0 0
15 71 0 1014 0 0 0
15 72 0 563 0 0 0
15 73 0 326 0 0 0
15 74 0 212 0 0 0
15 75 0 146 0 0 0
15 76 0 91 0 0 0
15 77 0 47 0 0 0
15 78 0 19 0 0 0
15 79 0 6 0 0 0
15 80 0 1 0 0 0
15 81 0 0 0 0 0
15 96 0 0 -21 -4 0
15 97 0 0 -20 0 -6
16 2 0 0 2 0 0
16 3 0 0 2 0 0
16 4 0 0 2 0 0
16 6 0 0 2 0 0
16 8 0 0 2 0 0
16 10 0 0 2 0 0
16 12 0 0 3 0 0
16 14 0 0 3 0 0
16 16 0 0 4 -1 0
16 18 0 0 4 -1 0
16 20 0 0 5 -1 0
16 22 0 0 6 -2 0
16 24 0 0 7 -2 0
16 27 0 0 9 -3 0
16 29 0 0 10 -3 0
16 31 0 0 12 -4 0
16 33 0 0 15 -6 0
16 35 0 0 17 -7 0
16 37 0 0 20 -10 0
16 39 0 0 23 -12 0
16 41 0 0 26 -16 0
16 43 0 0 29 -20 0
16 45 0 0 32 -26 0
16 47 0 0 34 -32 0
16 49 0 0 36 -39 0
16 51 0 0 36 -47 0
16 53 0 0 35 -55 0
16 55 0 0 32 -62 0
16 57 0 0 28 -69 0
16 58 0 0 22 -75 0
16 60 0 0 16 -80 0
16 61 0 0 0 0 0
16 62 0 23 8 -83 0
16 63 0 102 0 0 0
16 64 0 337 0 0 0
16 65 0 820 0 -85 0
16 66 0 1474 0 0 0
16 67 0 1957 -8 -85 0
16 68 0 1928 0 0 0
16 69 0 1425 -17 -82 0
16 70 0 811 0 0 0
16 71 0 377 -25 -78 0
16 72 0 163 0 0 0
16 73 0 81 -32 -72 0
16 74 0 50 0 0 0
16 75 0 35 -38 -64 0
16 76 0 22 0 0 0
16 77 0 11 -43 -55 0
16 78 0 4 0 0 0
16 79 0 1 -45 -44 0
16 80 0 0 0 0 0
16 81 0 0 -45 -34 0
16 83 0 0 -43 -25 0
16 96 0 0 -22 2 0
16 97 0 0 -21 0 6
17 2 0 0 2 0 0
17 3 0 0 2 0 0
17 62 0 12 0 0 0
17 63 0 59 0 0 0
17 64 0 199 0 0 0
17 65 0 490 0 0 0
17 66 0 880 0 0 0
17 67 0 1158 0 0 0
17 68 0 1116 0 0 0
17 69 0 791 0 0 0
17 70 0 416 0 0 0
17 71 0 167 0 0 0
17 72 0 55 0 0 0
17 73 0 20 0 0 0
17 74 0 9 0 0 0
17 75 0 6 0 0 0
17 76 0 4 0 0 0
17 77 0 2 0 0 0
17 78 0 0 0 0 0
17 79 0 0 0 0 0
17 80 0 0 0 0 0
17 81 0 0 0 0 0
17 85 0 0 -38 -17 0
17 87 0 0 -34 -11 0
17 89 0 0 -30 -7 0
17 91 0 0 -26 -4 0
17 93 0 0 -23 -2 0
17 95 0 0 -21 -1 0
17 96 0 0 -23 -3 0
17 97 0 0 -22 0 -6
18 2 0 0 2 0 0
18 3 0 0 2 0 0
18 6 0 0 2 0 0
18 8 0 0 2 0 0
18 10 0 0 2 0 0
18 12 0 0 3 0 0
18 14 0 0 3 0 0
18 16 0 0 4 0 0
18 18 0 0 5 0 0
18 20 0 0 5 0 0
18 22 0 0 6 0 0
18 25 0 0 8 -1 0
18 27 0 0 9 -1 0
18 29 0 0 11 -1 0
18 31 0 0 13 -2 0
18 33 0 0 16 -3 0
18 35 0 0 19 -4 0
18 37 0 0 22 -6 0
18 39 0 0 26 -9 0
18 41 0 0 30 -12 0
18 43 0 0 34 -17 0
18 45 0 0 38 -23 0
18 47 0 0 42 -30 0
18 49 0 0 43 -38 0
18 51 0 0 44 -47 0
18 53 0 0 43 -57 0
18 55 0 0 40 -66 0
18 57 0 0 35 -74 0
18 58 0 0 28 -82 0
18 60 0 0 20 -88 0
18 62 0 6 11 -92 0
18 63 0 28 0 0 0
18 64 0 96 0 0 0
18 65 0 236 1 -94 0
18 66 0 423 0 0 0
18 67 0 553 -9 -94 0
18 68 0 528 0 0 0
18 69 0 369 -20 -92 0
18 70 0 188 0 0 0
18 71 0 70 -30 -87 0
18 72 0 19 0 0 0
18 73 0 3 -40 -79 0
18 74 0 0 0 0 0
18 75 0 0 -48 -70 0
18 77 0 0 -54 -58 0
18 96 0 0 -23 3 0
18 97 0 0 -22 0 6
19 2 0 0 2 0 0
19 3 0 0 2 0 0
19 4 0 0 2 0 0
19 62 0 2 0 0 0
19 63 0 10 0 0 0
19 64 0 35 0 0 0
19 65 0 86 0 0 0
19 66 0 154 0 0 0
19 67 0 202 0 0 0
19 68 0 192 0 0 0
19 69 0 134 0 0 0
19 70 0 68 0 0 0
19 71 0 25 0 0 0
19 72 0 6 0 0 0
19 73 0 1 0 0 0
19 74 0 0 0 0 0
19 79 0 0 -56 -45 0
19 81 0 0 -56 -33 0
19 83 0 0 -53 -20 0
19 85 0 0 -46 -12 0
19 87 0 0 -39 -6 0
19 89 0 0 -33 -2 0
19 91 0 0 -28 -1 0
19 93 0 0 -25 0 0
19 95 0 0 -22 0 0
19 96 0 0 -23 -3 0
19 97 0 0 -22 0 -6
20 2 0 0 2 0 0
20 3 0 0 2 0 0
20 10 0 0 3 0 0
20 12 0 0 3 0 0
20 14 0 0 3 0 0
20 16 0 0 4 0 0
20 18 0 0 5 0 0
20 20 0 0 5 0 0
20 22 0 0 6 0 0
20 25 0 0 8 0 0
20 27 0 0 9 0 0
20 29 0 0 11 0 0
20 31 0 0 14 0 0
20 33 0 0 17 0 0
20 35 0 0 20 -1 0
20 37 0 0 24 -2 0
20 39 0 0 29 -5 0
20 41 0 0 34 -8 0
20 43 0 0 40 -12 0
20 45 0 0 45 -19 0
20 47 0 0 50 -27 0
20 49 0 0 53 -37 0
20 51 0 0 54 -47 0
20 53 0 0 53 -59 0
20 55 0 0 50 -70 0
20 57 0 0 44 -81 0
20 58 0 0 36 -90 0
20 60 0 0 26 -97 0
20 62 0 0 15 -103 0
20 63 0 2 0 0 0
20 64 0 9 2 -106 0
20 65 0 23 0 0 0
20 66 0 41 0 0 0
20 67 0 54 -10 -106 0
20 68 0 51 0 0 0
20 69 0 35 -24 -104 0
20 70 0 18 0 0 0
20 71 0 6 -37 -98 0
20 72 0 1 0 0 0
20 73 0 0 -49 -89 0
20 75 0 0 -59 -78 0
20 96 0 0 -23 4 0
20 97 0 0 -21 0 6
21 2 0 0 2 0 0
21 3 0 0 2 0 0
21 4 0 0 2 0 0
21 6 0 0 2 0 0
21 8 0 0 2 0 0
21 62 0 0 0 0 0
21 63 0 0 0 0 0
21 64 0 1 0 0 0
21 65 0 4 0 0 0
21 66 0 8 0 0 0
21 67 0 10 0 0 0
21 68 0 10 0 0 0
21 69 0 7 0 0 0
21 70 0 3 0 0 0
21 71 0 1 0 0 0
21 72 0 0 0 0 0
21 73 0 0 0 0 0
21 77 0 0 -67 -63 0
21 79 0 0 -70 -47 0
21 81 0 0 -70 -31 0
21 83 0 0 -64 -14 0
21 85 0 0 -52 -4 0
21 87 0 0 -44 1 0
21 89 0 0 -35 3 0
21 91 0 0 -29 3 0
21 93 0 0 -25 3 0
21 95 0 0 -22 2 0
21 96 0 0 -22 -2 0
21 97 0 0 -21 0 -6
22 2 0 0 2 0 0
22 3 0 0 2 0 0
22 67 0 0 -11 -121 0
22 69 0 0 -28 -119 0
22 71 0 0 -45 -112 0
22 96 0 0 -21 4 0
22 97 0 0 -20 0 6
23 2 0 0 2 0 0
23 3 0 0 2 0 0
23 4 0 0 2 0 0
23 6 0 0 2 0 0
23 8 0 0 2 0 0
23 10 0 0 2 0 0
23 12 0 0 3 0 0
23 14 0 0 3 0 0
23 16 0 0 4 0 0
23 18 0 0 4 0 0
23 20 0 0 5 1 0
23 23 0 0 6 1 0
23 25 0 0 8 1 0
23 27 0 0 9 2 0
23 29 0 0 11 2 0
23 31 0 0 14 2 0
23 33 0 0 17 2 0
23 35 0 0 21 2 0
23 37 0 0 26 1 0
23 39 0 0 32 0 0
23 41 0 0 38 -2 0
23 43 0 0 45 -6 0
23 45 0 0 52 -12 0
23 47 0 0 60 -22 0
23 49 0 0 64 -34 0
23 51 0 0 67 -47 0
23 53 0 0 66 -61 0
23 55 0 0 62 -75 0
23 57 0 0 55 -88 0
23 58 0 0 45 -100 0
23 60 0 0 34 -109 0
23 62 0 0 20 -116 0
23 64 0 0 4 -120 0
23 73 0 0 -61 -102 0
23 75 0 0 -73 -88 0
23 77 0 0 -84 -69 0
23 79 0 0 -88 -48 0
23 81 0 0 -89 -26 0
23 83 0 0 -80 -3 0
23 85 0 0 -61 8 0
23 87 0 0 -48 11 0
23 89 0 0 -36 10 0
23 91 0 0 -28 9 0
23 93 0 0 -23 6 0
23 95 0 0 -20 4 0
23 96 0 0 -19 0 0
23 97 0 0 -18 0 -5
24 2 0 0 2 0 0
24 3 0 0 2 0 0
24 77 0 0 -107 -78 0
24 79 0 0 -112 -51 0
24 80 0 0 -114 -22 0
24 82 0 0 -97 13 0
24 84 0 0 -67 28 0
24 96 0 0 -18 5 0
24 97 0 0 -16 0 5
25 2 0 0 2 0 0
25 3 0 0 2 0 0
25 4 0 0 2 0 0
25 6 0 0 2 0 0
25 8 0 0 2 0 0
25 10 0 0 2 0 0
25 12 0 0 3 0 0
25 14 0 0 3 0 0
25 16 0 0 3 1 0
25 18 0 0 4 1 0
25 21 0 0 5 2 0
25 23 0 0 6 2 0
25 25 0 0 7 3 0
25 27 0 0 9 4 0
25 29 0 0 11 4 0
25 31 0 0 14 5 0
25 33 0 0 17 6 0
25 35 0 0 21 7 0
25 37 0 0 27 7 0
25 39 0 0 33 6 0
25 41 0 0 41 5 0
25 43 0 0 51 1 0
25 44 0 0 61 -5 0
25 46 0 0 72 -15 0
25 48 0 0 78 -31 0
25 51 0 0 82 -46 0
25 53 0 0 81 -64 0
25 55 0 0 77 -81 0
25 56 0 0 68 -97 0
25 58 0 0 57 -111 0
25 60 0 0 43 -123 0
25 62 0 0 26 -132 0
25 64 0 0 7 -138 0
25 67 0 0 -12 -140 0
25 69 0 0 -33 -137 0
25 71 0 0 -54 -131 0
25 73 0 0 -74 -118 0
25 75 0 0 -92 -101 0
25 87 0 0 -45 26 0
25 89 0 0 -33 22 0
25 91 0 0 -25 16 0
25 93 0 0 -19 11 0
25 95 0 0 -16 7 0
25 96 0 0 -14 1 0
25 97 0 0 -14 0 -4
26 2 0 0 2 0 0
26 3 0 0 2 0 0
26 77 0 0 -135 -90 0
26 79 0 0 -143 -55 0
26 80 0 0 -155 -6 2
26 82 0 0 -133 45 3
26 85 0 0 -76 54 2
26 87 0 0 -44 43 1
26 96 0 0 -12 5 0
26 97 0 0 -11 0 3
27 2 0 0 2 0 0
27 3 0 0 2 0 0
27 4 0 0 2 0 0
27 6 0 0 2 0 0
27 8 0 0 2 0 0
27 10 0 0 2 0 0
27 12 0 0 2 0 0
27 14 0 0 3 1 0
27 16 0 0 3 1 0
27 19 0 0 4 2 0
27 21 0 0 4 2 0
27 23 0 0 5 3 0
27 25 0 0 6 4 0
27 27 0 0 8 5 0
27 29 0 0 10 7 0
27 31 0 0 12 8 0
27 33 0 0 16 10 0
27 35 0 0 20 12 0
27 37 0 0 26 13 0
27 39 0 0 34 14 0
27 41 0 0 43 15 0
27 42 0 0 56 12 0
27 44 0 0 68 7 0
27 46 0 0 86 -4 0
27 48 0 0 94 -23 0
27 50 0 0 101 -44 0
27 52 0 0 100 -67 0
27 54 0 0 95 -88 0
27 56 0 0 85 -108 0
27 58 0 0 72 -125 0
27 60 0 0 55 -140 0
27 62 0 0 34 -152 0
27 64 0 0 12 -159 0
27 67 0 0 -12 -163 0
27 69 0 0 -38 -161 0
27 71 0 0 -64 -154 0
27 73 0 0 -90 -139 0
27 75 0 0 -113 -120 0
27 89 0 0 -27 31 0
27 91 0 0 -19 22 0
27 93 0 0 -14 14 0
27 95 0 0 -11 8 0
27 96 0 0 -7 3 0
27 97 0 0 -8 0 -2
28 2 0 0 2 0 0
28 3 0 0 2 0 0
28 53 0 0 124 -70 0
28 75 0 0 -140 -146 0
28 77 0 0 -172 -108 0
28 79 0 0 -194 -70 0
28 81 0 0 -216 1 0
28 82 0 0 -185 72 5
28 83 0 0 -144 146 3
28 84 0 0 -88 132 7
28 85 0 0 -44 90 1
28 86 0 0 -40 73 0
28 87 0 0 -19 55 1
28 88 0 0 -23 48 0
28 89 0 0 -10 37 1
28 90 0 0 -15 32 0
28 91 0 0 -7 24 0
28 92 0 0 -10 21 0
28 93 0 0 -5 15 0
28 94 0 0 -7 12 0
28 95 0 0 -5 7 0
28 96 0 0 -6 5 0
28 97 0 0 -4 0 0
29 2 0 0 2 0 0
29 3 0 0 2 0 0
29 4 0 0 2 0 0
29 6 0 0 2 0 0
29 8 0 0 2 0 0
29 10 0 0 2 0 0
29 12 0 0 2 1 0
29 14 0 0 2 1 0
29 16 0 0 3 2 0
29 19 0 0 3 2 0
29 21 0 0 3 3 0
29 23 0 0 4 4 0
29 25 0 0 5 5 0
29 27 0 0 6 7 0
29 29 0 0 8 9 0
29 31 0 0 10 12 0
29 33 0 0 14 14 0
29 35 0 0 18 17 0
29 37 0 0 24 20 0
29 39 0 0 32 23 0
29 41 0 0 44 26 0
29 42 0 0 59 26 0
29 44 0 0 78 24 0
29 46 0 0 103 10 0
29 48 0 0 118 -15 0
29 51 0 0 125 -41 0
29 54 0 0 118 -96 0
29 56 0 0 106 -121 0
29 58 0 0 89 -142 0
29 60 0 0 70 -160 0
29 62 0 0 45 -175 0
29 64 0 0 18 -185 0
29 67 0 0 -10 -190 0
29 69 0 0 -42 -189 0
29 71 0 0 -75 -183 0
29 73 0 0 -109 -167 0
29 82 0 0 -292 21 -9
29 83 0 0 -19 207 -16
29 84 0 0 9 137 -2
29 85 0 0 -8 100 -2
29 86 0 0 -14 84 3
29 87 0 0 -7 63 2
29 88 0 0 -3 47 0
29 89 0 0 -4 40 1
29 90 0 0 -1 30 0
29 91 0 0 -2 25 1
29 92 0 0 -1 19 0
29 93 0 0 -2 15 0
29 94 0 0 -1 11 0
29 95 0 0 -1 7 0
29 96 0 0 -1 4 0
29 97 0 0 -2 0 0
30 2 0 0 1 0 0
30 3 0 0 2 0 0
30 21 0 0 2 3 0
30 22 0 0 3 5 0
30 24 0 0 3 6 0
30 26 0 0 4 9 0
30 28 0 0 5 11 0
30 33 0 0 11 18 0
30 35 0 0 14 22 0
30 37 0 0 20 27 0
30 39 0 0 28 33 0
30 41 0 0 39 41 0
30 44 0 0 82 51 0
30 47 0 0 128 34 -1
30 49 0 0 143 -2 0
30 51 0 0 156 -40 0
30 53 0 0 155 -74 0
30 55 0 0 145 -107 0
30 56 0 0 131 -136 0
30 58 0 0 111 -162 0
30 60 0 0 88 -184 0
30 62 0 0 59 -203 0
30 64 0 0 27 -216 0
30 66 0 0 -7 -224 0
30 69 0 0 -45 -225 0
30 71 0 0 -86 -220 0
30 73 0 0 -128 -205 0
30 75 0 0 -170 -182 0
30 77 0 0 -211 -145 0
30 79 0 0 -250 -102 -1
30 81 0 0 -279 -34 0
30 82 0 0 -350 29 -7
30 83 0 0 -384 -16 -3
31 2 0 0 1 0 0
31 3 0 0 1 0 0
31 4 0 0 1 0 0
31 6 0 0 1 0 0
31 8 0 0 2 0 0
31 10 0 0 2 1 0
31 12 0 0 2 1 0
31 14 0 0 2 1 0
31 17 0 0 2 2 0
31 19 0 0 2 2 0
31 31 0 0 8 14 0
31 43 0 0 57 48 0
31 82 0 0 -340 -28 3
31 83 0 0 -396 -16 -12
32 2 0 0 1 0 0
32 3 0 0 1 0 0
32 21 0 0 1 3 0
32 22 0 0 1 5 0
32 24 0 0 1 6 0
32 26 0 0 1 9 0
32 29 0 0 2 13 0
32 46 0 0 155 72 -6
32 49 0 0 195 9 -6
32 51 0 0 195 -33 -3
32 53 0 0 193 -81 0
32 54 0 0 179 -120 0
32 56 0 0 162 -155 0
32 58 0 0 138 -186 0
32 60 0 0 110 -212 0
32 62 0 0 77 -235 0
32 64 0 0 40 -252 0
32 66 0 0 -1 -263 0
32 69 0 0 -46 -268 0
32 71 0 0 -95 -265 0
32 73 0 0 -147 -251 0
32 75 0 0 -199 -229 0
32 77 0 0 -251 -188 -1
32 79 0 0 -300 -141 -1
32 81 0 0 -333 -76 -2
32 82 0 0 -362 4 2
32 83 0 0 -408 -10 11
33 2 0 0 1 0 0
33 3 0 0 1 0 0
33 4 0 0 1 0 0
33 6 0 0 1 0 0
33 8 0 0 1 0 0
33 10 0 0 1 1 0
33 12 0 0 1 1 0
33 14 0 0 1 1 0
33 17 0 0 1 2 0
33 19 0 0 1 3 0
33 31 0 0 4 17 0
33 32 0 0 6 21 0
33 35 0 0 9 26 0
33 37 0 0 13 33 0
33 39 0 0 19 41 0
33 41 0 0 30 55 0
33 43 0 0 49 68 0
33 44 0 0 92 94 -4
33 82 0 0 -387 -55 8
33 83 0 0 -447 -9 5
34 2 0 0 1 0 0
34 3 0 0 1 0 0
34 21 0 0 0 3 0
34 22 0 0 0 4 0
34 24 0 0 -1 6 0
34 26 0 0 -3 7 0
34 27 0 0 0 12 0
34 28 0 0 -3 14 0
34 29 0 0 2 17 -1
34 30 0 0 -1 18 0
34 31 0 0 4 20 -1
34 32 0 0 0 21 0
34 33 0 0 6 25 -1
34 34 0 0 0 26 0
34 35 0 0 8 31 -1
34 36 0 0 1 33 0
34 37 0 0 11 40 -1
34 38 0 0 3 43 0
34 39 0 0 16 52 -2
34 40 0 0 9 58 1
34 41 0 0 26 72 -2
34 42 0 0 17 84 2
34 43 0 0 43 103 -3
34 44 0 0 54 125 0
34 45 0 0 104 167 -6
34 46 0 0 171 152 -9
34 47 0 0 222 112 -13
34 48 0 0 219 51 -11
34 49 0 0 231 37 -11
34 51 0 0 252 -51 -5
34 53 0 0 242 -91 -1
34 54 0 0 220 -141 0
34 56 0 0 197 -178 0
34 58 0 0 169 -215 0
34 60 0 0 137 -245 0
34 63 0 0 100 -272 0
34 64 0 0 56 -294 0
34 66 0 0 9 -310 0
34 75 0 0 -231 -287 -1
34 77 0 0 -297 -246 -1
34 79 0 0 -357 -188 -2
34 81 0 0 -404 -114 -1
34 82 0 0 -420 -14 7
34 83 0 0 -501 -15 15
35 2 0 0 1 0 0
35 3 0 0 1 0 0
35 4 0 0 1 0 0
35 6 0 0 1 0 0
35 8 0 0 1 0 0
35 10 0 0 1 1 0
35 12 0 0 1 1 0
35 14 0 0 1 1 0
35 17 0 0 1 2 0
35 19 0 0 1 2 0
35 26 0 0 -4 6 0
35 27 0 0 -5 8 0
35 28 0 0 -17 21 0
35 29 0 0 3 14 -2
35 30 0 0 -3 21 1
35 31 0 0 3 22 -2
35 32 0 0 -3 24 2
35 33 0 0 4 26 -2
35 34 0 0 -4 30 2
35 35 0 0 4 33 -3
35 36 0 0 -4 38 2
35 37 0 0 5 43 -3
35 38 0 0 -4 49 1
35 39 0 0 6 57 -4
35 40 0 0 -6 66 0
35 41 0 0 8 80 -5
35 42 0 0 -8 97 -3
35 43 0 0 9 121 -5
35 44 0 0 -11 182 -2
35 45 0 0 -4 281 24
35 46 0 0 519 510 0
35 47 0 0 251 109 -20
35 48 0 0 302 33 -8
35 49 0 0 304 -21 -11
35 69 0 0 -43 -319 0
35 71 0 0 -102 -320 0
35 73 0 0 -165 -309 0
35 82 0 0 -464 -68 6
35 83 0 0 -550 -15 7
36 2 0 0 1 0 0
36 3 0 0 1 0 0
36 23 0 0 0 3 0
36 24 0 0 -1 4 0
36 26 0 0 -4 5 0
36 27 0 0 -5 3 0
36 28 0 0 -8 0 0
36 46 0 0 306 -25 -10
36 47 0 0 347 10 -7
36 48 0 0 334 19 -2
36 49 0 0 317 -19 -5
36 51 0 0 305 -72 -1
36 53 0 0 287 -120 -1
36 55 0 0 264 -164 0
36 56 0 0 236 -208 0
36 59 0 0 205 -247 0
36 61 0 0 168 -283 0
36 75 0 0 -261 -362 0
36 77 0 0 -347 -321 0
36 79 0 0 -427 -254 0
36 81 0 0 -495 -166 2
36 82 0 0 -510 -24 6
36 83 0 0 -625 -18 14
37 2 0 0 1 0 0
37 3 0 0 1 0 0
37 4 0 0 1 0 0
37 6 0 0 1 0 0
37 8 0 0 1 0 0
37 10 0 0 1 1 0
37 12 0 0 1 1 0
37 15 0 0 1 1 0
37 17 0 0 0 2 0
37 19 0 0 0 2 0
37 21 0 0 0 2 0
37 26 0 0 -3 3 0
37 27 0 0 -5 2 0
37 28 0 0 -6 1 0
37 46 0 0 383 -2 1
37 47 0 0 347 3 -8
37 48 0 0 352 -29 -2
37 49 0 0 349 -56 -5
37 63 0 0 127 -315 0
37 65 0 0 78 -342 0
37 66 0 0 24 -364 0
37 69 0 0 -36 -378 0
37 71 0 0 -104 -385 0
37 73 0 0 -180 -380 0
37 82 0 0 -570 -77 3
37 83 0 0 -677 -18 4
38 2 0 0 1 0 0
38 3 0 0 1 0 0
38 26 0 0 -3 2 0
38 27 0 0 -4 1 0
38 28 0 0 -3 0 0
38 46 0 0 396 -2 1
38 47 0 0 392 -14 2
38 48 0 0 372 -18 -2
38 49 0 0 367 -40 -8
38 51 0 0 351 -95 -1
38 53 0 0 335 -142 -1
38 55 0 0 309 -192 0
38 57 0 0 280 -238 0
38 75 0 0 -287 -455 -2
38 77 0 0 -399 -422 2
38 78 0 0 -502 -352 6
38 81 0 0 -622 -222 -9
38 82 0 0 -639 -38 2
38 83 0 0 -744 0 11
39 2 0 0 0 0 0
39 3 0 0 0 0 0
39 4 0 0 0 0 0
39 6 0 0 0 0 0
39 8 0 0 0 0 0
39 10 0 0 0 1 0
39 12 0 0 0 1 0
39 15 0 0 0 1 0
39 17 0 0 0 1 0
39 19 0 0 0 2 0
39 21 0 0 0 2 0
39 23 0 0 0 2 0
39 25 0 0 -1 2 0
39 26 0 0 -2 1 0
39 27 0 0 -2 0 0
39 28 0 0 -3 0 0
39 46 0 0 418 0 1
39 47 0 0 387 -9 0
39 48 0 0 392 -48 -2
39 49 0 0 402 -72 -5
39 59 0 0 245 -283 0
39 61 0 0 205 -324 0
39 63 0 0 160 -362 0
39 65 0 0 106 -396 0
39 67 0 0 45 -425 0
39 69 0 0 -21 -447 0
39 71 0 0 -98 -462 0
39 73 0 0 -187 -465 -1
39 82 0 0 -701 -30 -16
39 83 0 0 -763 6 9
40 2 0 0 0 0 0
40 3 0 0 0 0 0
40 26 0 0 -2 1 0
40 27 0 0 -2 0 0
40 28 0 0 -2 0 0
40 46 0 0 440 -1 1
40 47 0 0 430 -22 1
40 48 0 0 416 -33 -3
40 49 0 0 420 -54 -9
40 51 0 0 401 -116 -1
40 53 0 0 387 -166 -1
40 55 0 0 359 -220 1
40 76 0 0 -447 -573 12
40 78 0 0 -624 -557 1
40 80 0 0 -721 -340 19
40 81 0 0 -800 -239 0
40 82 0 0 -777 83 -54
40 83 0 0 -537 234 8
41 2 0 0 0 0 0
41 3 0 0 0 0 0
41 4 0 0 0 0 0
41 6 0 0 0 0 0
41 8 0 0 0 0 0
41 10 0 0 0 0 0
41 12 0 0 0 1 0
41 15 0 0 0 1 0
41 17 0 0 0 1 0
41 19 0 0 0 1 0
41 21 0 0 0 1 0
41 23 0 0 0 1 0
41 25 0 0 -1 1 0
41 26 0 0 -1 0 0
41 27 0 0 -1 0 0
41 28 0 0 -1 0 0
41 46 0 0 460 -3 0
41 47 0 0 429 -13 0
41 48 0 0 439 -62 -4
41 49 0 0 453 -86 -7
41 57 0 0 328 -272 0
41 59 0 0 291 -322 0
41 61 0 0 248 -370 0
41 63 0 0 199 -414 0
41 65 0 0 142 -455 0
41 67 0 0 75 -493 0
41 69 0 0 0 -523 0
41 71 0 0 -84 -549 0
41 73 0 0 -185 -565 0
41 75 0 0 -303 -578 1
41 80 0 0 -883 -500 11
41 81 0 0 -1116 -362 -29
41 82 0 0 -876 242 -69
41 83 0 0 -324 365 1
42 2 0 0 0 0 0
42 3 0 0 0 0 0
42 4 0 0 0 0 0
42 6 0 0 0 0 0
42 8 0 0 0 0 0
42 10 0 0 0 0 0
42 12 0 0 0 1 0
42 15 0 0 0 1 0
42 17 0 0 0 1 0
42 19 0 0 0 1 0
42 21 0 0 0 1 0
42 23 0 0 0 1 0
42 25 0 0 0 1 0
42 26 0 0 -1 0 0
42 27 0 0 -1 0 0
42 28 0 0 -1 0 0
42 46 0 0 495 -1 2
42 47 0 0 481 -25 0
42 48 0 0 465 -46 -3
42 49 0 0 475 -66 -11
42 51 0 0 455 -137 -2
42 53 0 0 443 -188 -2
42 80 0 0 -937 -711 -1
42 81 0 0 -1247 -779 -42
42 82 0 0 -1475 -1175 37
42 83 0 0 -994 -1711 -226
42 84 0 0 470 -489 -7
42 85 0 0 487 -137 -6
42 86 0 0 508 -97 5
42 87 0 0 491 -65 -4
42 88 0 0 499 -56 3
42 89 0 0 493 -44 -3
42 90 0 0 495 -38 3
42 91 0 0 493 -35 -3
42 92 0 0 493 -31 3
42 93 0 0 494 -31 -1
42 94 0 0 493 -28 2
42 95 0 0 486 -40 -5
42 96 0 0 488 -53 -2
42 97 0 0 642 -173 2
43 2 0 0 0 0 0
43 3 0 0 0 0 0
43 26 0 0 0 0 0
43 27 0 0 -1 0 0
43 28 0 0 -1 0 0
43 46 0 0 516 -4 -1
43 47 0 0 480 -16 0
43 48 0 0 493 -72 -4
43 49 0 0 513 -98 -7
43 55 0 0 414 -250 1
43 57 0 0 383 -306 0
43 59 0 0 343 -364 0
43 61 0 0 298 -418 0
43 63 0 0 246 -470 0
43 65 0 0 186 -519 0
43 67 0 0 114 -566 0
43 69 0 0 34 -608 0
43 71 0 0 -54 -646 -1
43 73 0 0 -157 -680 -1
43 75 0 0 -279 -719 -1
43 76 0 0 -428 -757 4
43 78 0 0 -633 -812 -8
43 80 0 0 -807 -967 16
43 81 0 0 -948 -1196 -18
43 82 0 0 -1309 -1802 -10
43 83 0 0 -1167 -2145 213
43 84 0 0 318 -1557 -8
43 85 0 0 417 -1302 -21
43 86 0 0 497 -919 -21
43 87 0 0 507 -844 -22
43 88 0 0 519 -696 -18
43 89 0 0 518 -664 -19
43 90 0 0 522 -570 -13
43 91 0 0 519 -556 -17
43 92 0 0 524 -474 -10
43 93 0 0 516 -471 -16
43 94 0 0 530 -418 -9
43 95 0 0 529 -437 -15
43 96 0 0 565 -509 3
43 97 0 0 496 -568 -11
44 2 0 0 0 0 0
44 3 0 0 0 0 0
44 4 0 0 0 0 0
44 6 0 0 0 0 0
44 8 0 0 0 0 0
44 10 0 0 0 0 0
44 12 0 0 0 1 0
44 15 0 0 0 1 0
44 17 0 0 0 1 0
44 19 0 0 0 1 0
44 21 0 0 0 1 0
44 23 0 0 0 1 0
44 25 0 0 0 0 0
44 26 0 0 0 0 0
44 27 0 0 0 0 0
44 28 0 0 0 0 0
44 46 0 0 560 -1 1
44 47 0 0 542 -27 0
44 48 0 0 524 -56 -4
44 49 0 0 535 -74 -11
44 80 0 0 -622 -1082 -7
44 81 0 0 -710 -1290 -46
44 82 0 0 -762 -1535 -36
44 83 0 0 -529 -1793 -25
44 84 0 0 -80 -1765 -7
44 85 0 0 127 -1641 10
44 86 0 0 290 -1480 17
44 87 0 0 345 -1384 18
44 88 0 0 395 -1233 15
44 89 0 0 427 -1148 17
44 90 0 0 425 -1047 18
44 91 0 0 452 -980 20
44 92 0 0 432 -871 13
44 93 0 0 473 -820 22
44 94 0 0 459 -744 20
44 95 0 0 537 -743 35
44 96 0 0 496 -694 8
44 97 0 0 86 -494 -7
45 2 0 0 0 0 0
45 3 0 0 0 0 0
45 26 0 0 0 0 0
45 27 0 0 0 0 0
45 28 0 0 0 0 0
45 46 0 0 580 -5 -1
45 47 0 0 541 -19 0
45 48 0 0 554 -81 -5
45 49 0 0 578 -107 -9
45 51 0 0 518 -155 -2
45 53 0 0 505 -212 -2
45 55 0 0 476 -280 1
45 57 0 0 443 -343 0
45 59 0 0 403 -407 0
45 61 0 0 355 -469 0
45 63 0 0 301 -529 0
45 65 0 0 239 -586 0
45 67 0 0 165 -642 0
45 69 0 0 81 -694 0
45 71 0 0 -9 -742 0
45 73 0 0 -109 -789 0
45 75 0 0 -223 -848 2
45 76 0 0 -346 -915 5
45 78 0 0 -469 -1012 -5
45 80 0 0 -493 -1184 -9
45 81 0 0 -490 -1307 -33
45 82 0 0 -483 -1472 -32
45 83 0 0 -348 -1632 0
45 84 0 0 -175 -1654 8
45 85 0 0 -25 -1558 19
45 86 0 0 85 -1455 10
45 87 0 0 155 -1380 12
45 88 0 0 170 -1287 12
45 89 0 0 245 -1184 13
45 90 0 0 255 -1113 19
45 91 0 0 277 -1025 14
45 92 0 0 258 -956 15
45 93 0 0 327 -847 19
45 94 0 0 346 -787 30
45 95 0 0 416 -720 36
45 96 0 0 397 -672 19
45 97 0 0 53 -481 -4
46 2 0 0 0 0 0
46 3 0 0 0 0 0
46 4 0 0 0 0 0
46 5 0 0 0 0 0
46 6 0 0 0 0 0
46 7 0 0 0 0 0
46 8 0 0 0 0 0
46 9 0 0 0 0 0
46 10 0 0 0 0 0
46 11 0 0 0 1 0
46 12 0 0 0 1 0
46 13 0 0 0 1 0
46 14 0 0 0 1 0
46 15 0 0 0 1 0
46 16 0 0 0 1 0
46 17 0 0 0 1 0
46 18 0 0 0 1 0
46 19 0 0 0 1 0
46 20 0 0 0 1 0
46 21 0 0 0 1 0
46 22 0 0 0 1 0
46 23 0 0 0 1 0
46 24 0 0 0 0 0
46 25 0 0 0 0 0
46 26 0 0 0 0 0
46 27 0 0 0 0 0
46 28 0 0 0 0 0
46 46 0 0 633 -1 0
46 47 0 0 611 -29 0
46 48 0 0 589 -65 -4
46 49 0 0 602 -83 -12
46 96 0 0 298 -603 26
46 97 0 0 34 -488 -13
47 2 0 0 0 0 0
47 3 0 0 0 0 0
47 4 0 0 0 0 0
47 5 0 0 0 0 0
47 6 0 0 0 0 0
47 7 0 0 0 0 0
47 8 0 0 0 0 0
47 9 0 0 0 0 0
47 10 0 0 0 0 0
47 11 0 0 0 0 0
47 12 0 0 0 1 0
47 13 0 0 0 1 0
47 14 0 0 0 1 0
47 15 0 0 0 1 0
47 16 0 0 0 1 0
47 17 0 0 0 1 0
47 18 0 0 0 1 0
47 19 0 0 0 1 0
47 20 0 0 0 1 0
47 21 0 0 0 1 0
47 22 0 0 0 1 0
47 23 0 0 0 1 0
47 24 0 0 0 0 0
47 25 0 0 0 0 0
47 26 0 0 0 0 0
47 27 0 0 0 0 0
47 28 0 0 0 0 0
47 46 0 0 627 -23 -17
47 47 0 0 638 -32 -15
47 48 0 0 623 -90 -5
47 49 0 0 649 -118 -9
47 51 0 0 585 -174 -2
47 53 0 0 573 -235 -2
47 55 0 0 544 -311 1
47 57 0 0 511 -380 0
47 59 0 0 469 -452 0
47 61 0 0 421 -522 0
47 63 0 0 363 -591 0
47 65 0 0 299 -657 0
47 67 0 0 224 -721 0
47 69 0 0 135 -782 0
47 71 0 0 41 -839 0
47 73 0 0 -54 -891 0
47 75 0 0 -157 -949 0
47 76 0 0 -261 -1012 4
47 78 0 0 -356 -1109 4
47 80 0 0 -387 -1218 -2
47 82 0 0 -346 -1369 -8
47 85 0 0 -149 -1412 -12
47 87 0 0 19 -1303 -10
47 89 0 0 113 -1152 -12
47 91 0 0 188 -1017 -16
47 93 0 0 206 -837 -2
47 95 0 0 287 -738 -3
47 96 0 0 204 -569 22
47 97 0 0 164 -537 -64
48 46 0 0 692 -10 1
48 47 0 0 689 -27 -1
48 48 0 0 661 -73 -5
48 49 0 0 677 -94 -13
48 96 0 0 169 -581 34
48 97 0 0 10 -464 1
49 46 0 0 733 -5 -1
49 47 0 0 685 -25 0
49 48 0 0 698 -98 -6
49 49 0 0 727 -129 -11
49 51 0 0 662 -192 -2
49 53 0 0 648 -259 -3
49 55 0 0 619 -343 1
49 57 0 0 586 -418 0
49 59 0 0 544 -498 0
49 61 0 0 495 -576 0
49 63 0 0 436 -654 0
49 65 0 0 369 -730 0
49 67 0 0 292 -803 0
49 69 0 0 200 -872 -1
49 71 0 0 100 -933 0
49 73 0 0 1 -986 0
49 75 0 0 -99 -1041 0
49 76 0 0 -188 -1091 2
49 78 0 0 -261 -1160 0
49 80 0 0 -295 -1220 -3
49 82 0 0 -282 -1281 -4
49 85 0 0 -157 -1279 0
49 87 0 0 -64 -1200 0
49 89 0 0 -5 -1084 0
49 91 0 0 42 -973 2
49 93 0 0 83 -809 28
49 95 0 0 132 -728 20
49 96 0 0 48 -578 24
49 97 0 0 -1 -463 26
50 46 0 0 802 -1 -2
50 47 0 0 771 -34 -2
50 48 0 0 739 -82 -6
50 49 0 0 760 -106 -14
50 85 0 0 -229 -1224 0
50 87 0 0 -173 -1149 -4
50 89 0 0 -122 -1030 -4
50 91 0 0 -85 -943 -9
50 93 0 0 -67 -778 21
50 95 0 0 -42 -688 29
50 96 0 0 24 -580 28
50 97 0 0 12 -464 11
51 46 0 0 821 -5 -1
51 47 0 0 770 -28 0
51 48 0 0 780 -106 -7
51 49 0 0 813 -140 -12
51 51 0 0 744 -211 -2
51 53 0 0 731 -283 -3
51 55 0 0 701 -374 1
51 57 0 0 668 -456 0
51 59 0 0 626 -544 0
51 61 0 0 577 -630 0
51 63 0 0 518 -719 0
51 65 0 0 448 -806 0
51 67 0 0 366 -890 0
51 69 0 0 269 -968 -1
51 71 0 0 157 -1035 0
51 73 0 0 54 -1087 0
51 75 0 0 -50 -1136 0
51 77 0 0 -146 -1177 0
51 78 0 0 -218 -1215 0
51 81 0 0 -262 -1241 0
51 83 0 0 -275 -1257 0
51 96 0 0 -86 -572 35
51 97 0 0 7 -472 -11
52 46 0 0 897 -1 -3
52 47 0 0 862 -37 -4
52 48 0 0 825 -92 -6
52 49 0 0 851 -120 -16
52 87 0 0 -255 -1102 -4
52 89 0 0 -218 -988 -7
52 91 0 0 -199 -878 -5
52 93 0 0 -182 -735 5
52 95 0 0 -164 -680 4
52 96 0 0 -102 -556 29
52 97 0 0 3 -466 0
53 46 0 0 919 -5 0
53 47 0 0 865 -32 0
53 48 0 0 869 -115 -7
53 49 0 0 908 -153 -14
53 51 0 0 834 -230 -3
53 53 0 0 819 -309 -3
53 55 0 0 790 -405 2
53 57 0 0 757 -493 0
53 59 0 0 718 -589 0
53 61 0 0 671 -685 0
53 63 0 0 613 -786 0
53 65 0 0 541 -887 0
53 67 0 0 456 -985 0
53 69 0 0 349 -1074 -1
53 71 0 0 219 -1141 0
53 73 0 0 104 -1189 0
53 75 0 0 -7 -1230 -1
53 77 0 0 -112 -1259 -1
53 79 0 0 -196 -1280 0
53 81 0 0 -257 -1276 0
53 83 0 0 -297 -1249 0
53 85 0 0 -282 -1187 -2
53 96 0 0 -208 -574 32
53 97 0 0 -3 -480 -15
54 46 0 0 1000 -1 -4
54 47 0 0 962 -41 -5
54 48 0 0 918 -103 -7
54 49 0 0 952 -135 -16
54 96 0 0 -228 -555 21
54 97 0 0 -7 -473 -1
55 46 0 0 1027 -5 0
55 47 0 0 970 -36 -1
55 48 0 0 966 -125 -8
55 49 0 0 1009 -168 -14
55 51 0 0 929 -254 -2
55 53 0 0 915 -335 -4
55 55 0 0 883 -436 2
55 57 0 0 853 -528 0
55 59 0 0 817 -630 0
55 61 0 0 775 -736 0
55 63 0 0 721 -851 0
55 65 0 0 649 -970 0
55 67 0 0 555 -1090 -1
55 69 0 0 430 -1197 0
55 71 0 0 272 -1268 0
55 73 0 0 146 -1311 0
55 75 0 0 21 -1344 -1
55 77 0 0 -93 -1364 -1
55 78 0 0 -200 -1371 0
55 80 0 0 -295 -1348 1
55 82 0 0 -363 -1283 0
55 85 0 0 -377 -1185 -2
55 87 0 0 -368 -1087 -6
55 89 0 0 -342 -957 -7
55 91 0 0 -314 -865 -2
55 93 0 0 -287 -741 25
55 95 0 0 -283 -658 20
55 96 0 0 -316 -590 26
55 97 0 0 -14 -483 -15
56 46 0 0 1113 -2 -3
56 47 0 0 1073 -46 -6
56 48 0 0 1018 -116 -8
56 49 0 0 1061 -155 -16
56 96 0 0 -339 -546 20
56 97 0 0 -18 -476 -2
57 46 0 0 1148 -4 1
57 47 0 0 1087 -41 -3
57 48 0 0 1071 -140 -9
57 49 0 0 1118 -191 -15
57 51 0 0 1031 -281 -3
57 53 0 0 1012 -363 -4
57 55 0 0 980 -467 2
57 57 0 0 953 -559 0
57 59 0 0 924 -666 0
57 61 0 0 892 -781 0
57 63 0 0 847 -914 0
57 65 0 0 781 -1060 -1
57 67 0 0 687 -1214 0
57 69 0 0 530 -1347 0
57 71 0 0 334 -1411 0
57 73 0 0 183 -1439 1
57 75 0 0 50 -1465 0
57 76 0 0 -78 -1470 0
57 78 0 0 -211 -1487 2
57 80 0 0 -347 -1451 3
57 82 0 0 -463 -1334 2
57 85 0 0 -484 -1192 -2
57 87 0 0 -478 -1070 -5
57 89 0 0 -450 -937 -9
57 91 0 0 -419 -827 -4
57 93 0 0 -399 -699 8
57 95 0 0 -390 -647 13
57 96 0 0 -417 -577 24
57 97 0 0 -22 -480 -14
58 46 0 0 1240 -4 -2
58 47 0 0 1200 -54 -7
58 48 0 0 1128 -134 -9
58 49 0 0 1178 -181 -14
58 62 0 0 1001 -962 1
58 64 0 0 953 -1141 0
58 66 0 0 849 -1353 -3
58 83 0 0 -630 -1422 -4
58 85 0 0 -644 -1196 -5
58 87 0 0 -619 -1052 -5
58 96 0 0 -435 -535 18
58 97 0 0 -27 -476 -2
59 46 0 0 1289 -4 2
59 47 0 0 1222 -49 -5
59 48 0 0 1184 -161 -10
59 49 0 0 1235 -220 -14
59 51 0 0 1136 -319 -2
59 53 0 0 1111 -396 -6
59 55 0 0 1076 -495 3
59 57 0 0 1056 -584 0
59 59 0 0 1038 -690 0
59 61 0 0 1024 -812 0
59 68 0 0 630 -1535 4
59 71 0 0 362 -1598 1
59 73 0 0 199 -1600 -1
59 75 0 0 55 -1604 -5
59 76 0 0 -77 -1611 -6
59 78 0 0 -214 -1634 -9
59 81 0 0 -471 -1601 1
59 89 0 0 -580 -897 -8
59 91 0 0 -530 -795 -4
59 93 0 0 -494 -675 10
59 95 0 0 -479 -634 17
59 96 0 0 -504 -573 22
59 97 0 0 -29 -479 -13
60 46 0 0 1392 -7 -2
60 47 0 0 1352 -72 -8
60 48 0 0 1256 -166 -13
60 49 0 0 1307 -228 -14
60 62 0 0 1175 -983 -2
60 64 0 0 1167 -1207 -18
60 66 0 0 1089 -1497 -35
60 69 0 0 755 -1779 -30
60 81 0 0 -538 -1848 -14
60 83 0 0 -865 -1446 -8
60 85 0 0 -842 -1172 -15
60 87 0 0 -769 -1007 -2
60 96 0 0 -517 -525 18
60 97 0 0 -35 -477 -3
61 46 0 0 1468 -6 0
61 47 0 0 1388 -70 -8
61 48 0 0 1314 -204 -11
61 49 0 0 1357 -289 -14
61 51 0 0 1240 -372 -5
61 53 0 0 1200 -434 -5
61 55 0 0 1165 -522 2
61 57 0 0 1150 -597 0
61 59 0 0 1150 -696 0
61 61 0 0 1163 -815 -1
61 71 0 0 397 -1809 -15
61 73 0 0 197 -1745 0
61 75 0 0 72 -1735 3
61 76 0 0 -26 -1737 6
61 78 0 0 -193 -1889 9
61 89 0 0 -707 -862 -6
61 91 0 0 -631 -764 -1
61 93 0 0 -583 -657 18
61 95 0 0 -562 -623 10
61 96 0 0 -578 -567 21
61 97 0 0 -37 -479 -13
62 46 0 0 1608 -14 -2
62 47 0 0 1565 -118 -13
62 48 0 0 1420 -243 -23
62 49 0 0 1433 -312 -13
62 62 0 0 1403 -931 1
62 64 0 0 1479 -1168 -15
62 66 0 0 1325 -1519 -83
62 67 0 0 1267 -1732 -83
62 68 0 0 1037 -2085 -39
62 69 0 0 609 -2093 -21
62 70 0 0 425 -2044 -6
62 71 0 0 236 -1989 -8
62 72 0 0 180 -1908 -4
62 73 0 0 85 -1880 -5
62 74 0 0 80 -1839 -6
62 75 0 0 32 -1826 -9
62 76 0 0 36 -1819 -14
62 77 0 0 -5 -1825 -19
62 78 0 0 -61 -1952 -39
62 79 0 0 -203 -2257 -39
62 80 0 0 -557 -2494 14
62 81 0 0 -1159 -2048 -42
62 82 0 0 -1153 -1508 -48
62 83 0 0 -1169 -1266 -46
62 85 0 0 -1084 -1065 -25
62 87 0 0 -931 -912 -4
62 96 0 0 -584 -513 17
62 97 0 0 -42 -478 -4
63 46 0 0 1755 -18 1
63 47 0 0 1639 -140 -19
63 48 0 0 1480 -312 -20
63 49 0 0 1467 -403 -10
63 51 0 0 1333 -455 -3
63 53 0 0 1275 -484 -8
63 55 0 0 1236 -544 3
63 57 0 0 1233 -599 0
63 59 0 0 1256 -675 1
63 61 0 0 1313 -777 1
63 66 0 0 1687 -1403 -92
63 67 0 0 1565 -1824 -28
63 68 0 0 874 -2533 23
63 69 0 0 659 -2459 -2
63 70 0 0 258 -2195 -6
63 71 0 0 239 -2106 -12
63 72 0 0 97 -1956 -3
63 73 0 0 107 -1926 -4
63 74 0 0 45 -1855 -7
63 75 0 0 52 -1841 -10
63 76 0 0 49 -1820 -19
63 77 0 0 87 -1830 -20
63 78 0 0 302 -2002 -70
63 79 0 0 222 -2177 -82
63 80 0 0 -1134 -2590 -64
63 81 0 0 -1118 -2552 -72
63 82 0 0 -1446 -1391 -23
63 83 0 0 -1317 -1156 -52
63 89 0 0 -826 -793 -2
63 91 0 0 -727 -723 -3
63 93 0 0 -665 -630 17
63 95 0 0 -632 -605 6
63 96 0 0 -637 -562 20
63 97 0 0 -45 -478 -12
64 46 0 0 2116 -56 -3
64 47 0 0 1965 -359 -36
64 48 0 0 1616 -456 -42
64 49 0 0 1526 -475 -8
64 62 0 0 1566 -736 2
64 64 0 0 1879 -832 -33
64 66 0 0 2198 -1306 -107
64 67 0 0 2914 -1178 -176
64 68 0 0 2394 -3850 929
64 69 0 0 113 -3076 77
64 70 0 0 42 -2451 22
64 71 0 0 21 -2288 9
64 72 0 0 13 -2139 8
64 73 0 0 4 -2077 8
64 74 0 0 6 -2019 9
64 75 0 0 2 -1996 10
64 76 0 0 0 -1953 0
64 77 0 0 13 -1854 -8
64 78 0 0 200 -1253 14
64 79 0 0 398 -276 11
64 80 0 0 409 1591 -257
64 81 0 0 -3513 -517 54
64 82 0 0 -1740 -778 10
64 83 0 0 -1506 -950 -33
64 85 0 0 -1249 -766 -32
64 87 0 0 -1033 -712 0
64 96 0 0 -634 -499 16
64 97 0 0 -48 -478 -4
65 2 0 0 1 -2 0
65 3 0 0 3 -11 1
65 4 0 0 0 -13 2
65 37 0 0 -10 -596 -160
65 38 0 0 104 -798 13
65 39 0 0 79 -867 12
65 40 0 0 66 -975 0
65 41 0 0 66 -1029 -21
65 42 0 0 9 -1024 -18
65 43 0 0 -43 -944 1
65 44 0 0 -390 -113 12
65 45 0 0 -568 925 25
65 46 0 0 2675 -243 -15
65 47 0 0 2118 -501 -41
65 48 0 0 1654 -685 -39
65 49 0 0 1549 -614 -15
65 51 0 0 1365 -586 -18
65 53 0 0 1305 -543 -6
65 55 0 0 1275 -567 2
65 57 0 0 1283 -579 -1
65 59 0 0 1327 -617 0
65 61 0 0 1418 -662 0
65 66 0 0 2516 -422 -101
65 67 0 0 2932 -414 -249
65 68 0 0 -1274 479 147
65 81 0 0 -2125 -76 -5
65 82 0 0 -1706 -631 -6
65 83 0 0 -1464 -620 -25
65 88 0 0 -897 -672 -1
65 91 0 0 -790 -646 -5
65 93 0 0 -724 -580 15
65 95 0 0 -685 -581 3
65 96 0 0 -676 -550 20
65 97 0 0 -52 -477 -12
66 2 0 0 8 0 0
66 3 0 0 9 -9 0
66 4 0 0 0 -27 0
66 5 0 0 4 -36 0
66 6 0 0 5 -45 1
66 7 0 0 3 -61 0
66 8 0 0 5 -70 1
66 9 0 0 4 -84 0
66 10 0 0 5 -96 1
66 11 0 0 4 -108 0
66 12 0 0 5 -121 1
66 13 0 0 5 -134 0
66 14 0 0 5 -147 1
66 15 0 0 5 -162 0
66 16 0 0 6 -175 1
66 17 0 0 5 -190 0
66 18 0 0 6 -205 1
66 19 0 0 6 -222 0
66 20 0 0 7 -237 1
66 21 0 0 6 -256 0
66 22 0 0 8 -273 1
66 23 0 0 7 -294 0
66 24 0 0 9 -313 2
66 25 0 0 8 -337 0
66 26 0 0 10 -358 2
66 27 0 0 9 -384 0
66 28 0 0 12 -411 3
66 29 0 0 11 -441 0
66 30 0 0 14 -468 2
66 31 0 0 13 -503 0
66 32 0 0 16 -536 3
66 33 0 0 14 -571 0
66 34 0 0 21 -601 0
66 35 0 0 44 -636 -5
66 36 0 0 120 -690 -24
66 37 0 0 120 -739 -42
66 38 0 0 48 -777 -26
66 39 0 0 35 -784 1
66 40 0 0 24 -835 10
66 41 0 0 19 -883 10
66 42 0 0 -30 -947 15
66 43 0 0 -153 -993 -8
66 44 0 0 -50 -1714 -89
66 45 0 0 322 -2013 -109
66 46 0 0 1743 -1668 -86
66 47 0 0 1649 -1110 -96
66 48 0 0 1545 -819 -76
66 49 0 0 1492 -722 -14
66 64 0 0 1820 -425 -15
66 66 0 0 2164 -129 -88
66 67 0 0 2010 206 -145
66 68 0 0 509 342 15
66 81 0 0 -1655 -27 1
66 82 0 0 -1505 -267 -8
66 83 0 0 -1372 -489 -11
66 85 0 0 -1179 -485 -22
66 96 0 0 -662 -488 15
66 97 0 0 -52 -479 -5
67 2 0 0 12 -2 1
67 3 0 0 21 -16 0
67 4 0 0 16 -21 0
67 5 0 0 17 -43 2
67 6 0 0 15 -44 3
67 7 0 0 18 -64 2
67 8 0 0 11 -69 2
67 9 0 0 18 -86 1
67 10 0 0 15 -92 3
67 11 0 0 19 -111 2
67 12 0 0 16 -118 3
67 13 0 0 20 -138 2
67 14 0 0 16 -146 3
67 15 0 0 21 -165 2
67 16 0 0 17 -174 4
67 17 0 0 23 -194 2
67 18 0 0 18 -204 4
67 19 0 0 24 -226 2
67 20 0 0 19 -237 5
67 21 0 0 26 -260 2
67 22 0 0 21 -273 5
67 23 0 0 29 -297 2
67 24 0 0 24 -313 6
67 25 0 0 31 -338 3
67 26 0 0 27 -356 6
67 27 0 0 36 -385 4
67 28 0 0 31 -406 8
67 29 0 0 39 -436 4
67 30 0 0 35 -459 7
67 31 0 0 48 -495 4
67 32 0 0 45 -520 7
67 33 0 0 50 -551 2
67 34 0 0 43 -586 3
67 35 0 0 51 -628 2
67 36 0 0 55 -662 23
67 37 0 0 46 -658 27
67 38 0 0 70 -696 9
67 39 0 0 100 -755 6
67 40 0 0 123 -831 0
67 41 0 0 126 -901 0
67 42 0 0 136 -1002 0
67 43 0 0 182 -1113 5
67 44 0 0 320 -1453 -11
67 45 0 0 657 -1825 3
67 46 0 0 1210 -1610 -46
67 47 0 0 1299 -1080 -16
67 48 0 0 1318 -928 -52
67 49 0 0 1387 -724 -15
67 51 0 0 1303 -684 -8
67 53 0 0 1272 -590 -3
67 55 0 0 1268 -569 2
67 57 0 0 1286 -545 -1
67 59 0 0 1339 -535 0
67 61 0 0 1428 -525 -1
67 63 0 0 1565 -472 -2
67 66 0 0 1854 -48 -40
67 67 0 0 1796 186 -104
67 68 0 0 1194 129 36
67 81 0 0 -1477 -20 0
67 82 0 0 -1424 -263 -14
67 83 0 0 -1286 -299 -13
67 87 0 0 -1027 -532 0
67 88 0 0 -901 -550 0
67 91 0 0 -813 -563 -5
67 93 0 0 -751 -530 13
67 95 0 0 -712 -554 2
67 96 0 0 -694 -540 19
67 97 0 0 -57 -477 -11
68 2 0 0 31 -8 0
68 3 0 0 25 -12 0
68 5 0 0 33 -29 0
68 7 0 0 35 -48 1
68 8 0 0 35 -69 1
68 10 0 0 37 -90 1
68 12 0 0 39 -113 1
68 14 0 0 41 -136 1
68 16 0 0 44 -161 1
68 19 0 0 48 -188 1
68 21 0 0 52 -218 1
68 23 0 0 57 -249 1
68 25 0 0 64 -284 1
68 27 0 0 72 -323 1
68 29 0 0 81 -366 1
68 31 0 0 93 -414 1
68 33 0 0 110 -466 -1
68 35 0 0 134 -530 -1
68 36 0 0 163 -614 -1
68 38 0 0 194 -706 2
68 41 0 0 247 -822 7
68 42 0 0 337 -967 11
68 66 0 0 1670 -39 -23
68 67 0 0 1629 31 -12
68 68 0 0 1500 9 3
68 81 0 0 -1305 -9 0
68 82 0 0 -1257 -123 -7
68 83 0 0 -1182 -289 -6
68 96 0 0 -672 -478 14
68 97 0 0 -54 -479 -5
69 2 0 0 32 -9 -2
69 3 0 0 43 -20 -2
69 44 0 0 576 -1237 17
69 47 0 0 1020 -1113 -3
69 49 0 0 1168 -816 -3
69 51 0 0 1195 -708 -5
69 53 0 0 1202 -602 -2
69 55 0 0 1225 -554 0
69 57 0 0 1255 -508 -1
69 59 0 0 1308 -473 -1
69 61 0 0 1374 -429 -3
69 63 0 0 1464 -354 -1
69 64 0 0 1531 -243 -1
69 66 0 0 1593 -49 -12
69 67 0 0 1613 3 -8
69 68 0 0 1539 0 5
69 81 0 0 -1221 -9 -2
69 82 0 0 -1208 -139 -10
69 83 0 0 -1117 -173 -13
69 85 0 0 -1061 -333 -9
69 86 0 0 -968 -421 0
69 88 0 0 -873 -455 0
69 91 0 0 -805 -500 -5
69 93 0 0 -753 -485 12
69 95 0 0 -719 -532 1
69 96 0 0 -695 -531 18
69 97 0 0 -58 -477 -11
70 2 0 0 50 -4 0
70 3 0 0 47 -8 -1
70 5 0 0 52 -30 0
70 7 0 0 53 -48 0
70 8 0 0 54 -68 1
70 10 0 0 57 -89 1
70 12 0 0 60 -111 1
70 14 0 0 63 -135 1
70 16 0 0 68 -159 1
70 18 0 0 73 -186 1
70 21 0 0 79 -214 1
70 23 0 0 87 -246 1
70 25 0 0 96 -279 1
70 27 0 0 107 -317 2
70 29 0 0 120 -358 2
70 31 0 0 137 -405 3
70 33 0 0 157 -457 3
70 35 0 0 182 -516 5
70 36 0 0 218 -582 1
70 38 0 0 269 -652 2
70 40 0 0 341 -741 1
70 42 0 0 451 -825 4
70 44 0 0 613 -931 9
70 57 0 0 1210 -464 -1
70 66 0 0 1522 -84 -15
70 67 0 0 1560 -36 5
70 68 0 0 1515 -4 3
70 81 0 0 -1102 -5 0
70 82 0 0 -1074 -70 -2
70 83 0 0 -1032 -208 -11
70 96 0 0 -664 -469 14
70 97 0 0 -54 -479 -5
71 2 0 0 53 -10 -4
71 3 0 0 62 -24 -2
71 47 0 0 891 -895 6
71 49 0 0 1030 -745 0
71 51 0 0 1095 -656 1
71 53 0 0 1128 -570 0
71 55 0 0 1172 -516 0
71 59 0 0 1262 -415 -1
71 61 0 0 1316 -360 -3
71 63 0 0 1380 -279 -3
71 64 0 0 1424 -189 1
71 66 0 0 1473 -83 -4
71 67 0 0 1537 -45 3
71 68 0 0 1489 -3 4
71 81 0 0 -1055 -4 -6
71 82 0 0 -1050 -88 -5
71 83 0 0 -966 -114 -17
71 85 0 0 -958 -251 -6
71 86 0 0 -898 -339 -2
71 88 0 0 -830 -388 0
71 91 0 0 -778 -447 -6
71 93 0 0 -736 -449 11
71 95 0 0 -707 -512 0
71 96 0 0 -680 -525 18
71 97 0 0 -57 -478 -11
72 2 0 0 71 0 3
72 3 0 0 69 -4 0
72 5 0 0 72 -28 -1
72 7 0 0 74 -46 0
72 8 0 0 77 -66 0
72 10 0 0 80 -86 0
72 12 0 0 84 -107 0
72 14 0 0 89 -130 0
72 16 0 0 95 -153 0
72 18 0 0 102 -178 0
72 20 0 0 111 -206 0
72 23 0 0 121 -235 0
72 25 0 0 134 -266 0
72 27 0 0 149 -301 0
72 29 0 0 167 -339 0
72 31 0 0 189 -380 0
72 33 0 0 217 -426 -1
72 34 0 0 251 -475 -1
72 36 0 0 295 -532 -2
72 38 0 0 349 -589 -1
72 40 0 0 421 -655 -1
72 42 0 0 522 -707 -1
72 44 0 0 648 -760 2
72 46 0 0 827 -745 0
72 49 0 0 941 -659 2
72 51 0 0 1018 -592 0
72 53 0 0 1067 -524 0
72 55 0 0 1118 -472 0
72 57 0 0 1160 -418 -1
72 65 0 0 1324 -163 0
72 66 0 0 1425 -96 -5
72 67 0 0 1469 -38 6
72 68 0 0 1438 -5 1
72 81 0 0 -959 -4 0
72 82 0 0 -936 -46 -1
72 83 0 0 -901 -160 -10
72 84 0 0 -854 -198 -3
72 96 0 0 -644 -462 13
72 97 0 0 -53 -479 -4
73 2 0 0 71 -10 -4
73 3 0 0 83 -25 -2
73 59 0 0 1208 -367 -1
73 61 0 0 1252 -309 -2
73 63 0 0 1300 -237 -1
73 66 0 0 1389 -76 1
73 67 0 0 1444 -45 1
73 68 0 0 1408 -2 3
73 81 0 0 -931 -3 -5
73 82 0 0 -926 -61 -1
73 83 0 0 -836 -83 -13
73 86 0 0 -823 -289 -3
73 88 0 0 -774 -338 0
73 91 0 0 -738 -409 -7
73 93 0 0 -705 -421 11
73 95 0 0 -682 -497 0
73 96 0 0 -653 -520 18
73 97 0 0 -55 -478 -11
74 2 0 0 91 1 3
74 3 0 0 90 -1 -2
74 5 0 0 91 -27 0
74 7 0 0 93 -44 0
74 8 0 0 96 -63 0
74 10 0 0 99 -82 0
74 12 0 0 104 -102 0
74 14 0 0 111 -123 0
74 16 0 0 118 -146 0
74 18 0 0 127 -170 0
74 20 0 0 138 -195 0
74 23 0 0 150 -222 0
74 25 0 0 165 -252 0
74 27 0 0 182 -284 0
74 29 0 0 203 -318 0
74 31 0 0 228 -355 0
74 33 0 0 258 -395 0
74 34 0 0 294 -438 0
74 36 0 0 340 -483 0
74 38 0 0 396 -527 0
74 40 0 0 466 -574 0
74 42 0 0 556 -607 0
74 45 0 0 656 -635 0
74 47 0 0 787 -624 0
74 49 0 0 879 -573 0
74 51 0 0 957 -523 0
74 53 0 0 1012 -470 0
74 55 0 0 1066 -422 0
74 57 0 0 1109 -372 0
74 65 0 0 1249 -141 0
74 66 0 0 1346 -91 0
74 67 0 0 1323 -41 -14
74 68 0 0 1365 -4 2
74 81 0 0 -848 -4 -1
74 82 0 0 -837 -100 -24
74 83 0 0 -795 -137 -10
74 84 0 0 -769 -165 -2
74 96 0 0 -613 -457 13
74 97 0 0 -50 -479 -4
75 2 0 0 88 -4 -3
75 3 0 0 102 -26 -2
75 59 0 0 1155 -322 0
75 61 0 0 1194 -268 -1
75 63 0 0 1232 -203 0
75 66 0 0 1315 -65 3
75 67 0 0 1329 -28 0
75 68 0 0 1339 -2 3
75 81 0 0 -825 -2 -3
75 82 0 0 -771 -42 23
75 83 0 0 -732 -67 -10
75 86 0 0 -749 -253 -3
75 88 0 0 -716 -303 0
75 90 0 0 -690 -380 -7
75 93 0 0 -665 -401 10
75 95 0 0 -646 -485 0
75 96 0 0 -618 -517 18
75 97 0 0 -51 -479 -11
76 2 0 0 127 1 0
76 3 0 0 110 1 -1
76 5 0 0 108 -25 0
76 7 0 0 112 -41 0
76 8 0 0 115 -59 0
76 10 0 0 119 -77 0
76 12 0 0 125 -96 0
76 14 0 0 132 -116 0
76 16 0 0 141 -137 0
76 18 0 0 151 -159 0
76 20 0 0 163 -182 0
76 22 0 0 178 -207 0
76 25 0 0 195 -234 0
76 27 0 0 215 -262 0
76 29 0 0 238 -293 0
76 31 0 0 265 -325 0
76 33 0 0 298 -359 0
76 35 0 0 337 -394 0
76 37 0 0 383 -431 0
76 39 0 0 438 -465 0
76 41 0 0 502 -499 0
76 43 0 0 581 -521 0
76 45 0 0 664 -536 0
76 47 0 0 763 -527 0
76 49 0 0 841 -495 0
76 51 0 0 912 -458 0
76 53 0 0 967 -416 0
76 55 0 0 1019 -374 0
76 57 0 0 1062 -329 0
76 65 0 0 1184 -121 0
76 66 0 0 1274 -83 1
76 67 0 0 1319 -39 8
76 68 0 0 1303 -3 2
76 81 0 0 -757 -6 -3
76 82 0 0 -730 -34 -1
76 83 0 0 -696 -119 -13
76 84 0 0 -688 -144 -1
76 96 0 0 -575 -454 13
76 97 0 0 -51 -489 -12
77 2 0 0 105 -2 -3
77 3 0 0 120 -27 -2
77 59 0 0 1104 -282 0
77 61 0 0 1139 -232 -1
77 63 0 0 1171 -175 1
77 66 0 0 1248 -53 2
77 67 0 0 1296 -43 0
77 68 0 0 1275 -1 4
77 81 0 0 -731 -2 -2
77 82 0 0 -731 -37 2
77 83 0 0 -653 -56 -8
77 86 0 0 -677 -230 -3
77 88 0 0 -654 -279 0
77 90 0 0 -636 -360 -7
77 93 0 0 -617 -386 10
77 95 0 0 -602 -476 0
77 96 0 0 -577 -514 18
77 97 0 0 -47 -479 -12
78 2 0 0 126 5 4
78 3 0 0 129 4 -1
78 5 0 0 125 -23 0
78 7 0 0 128 -38 0
78 8 0 0 132 -55 0
78 10 0 0 137 -72 0
78 12 0 0 144 -89 0
78 14 0 0 152 -108 0
78 16 0 0 161 -127 0
78 18 0 0 173 -147 0
78 20 0 0 186 -168 0
78 22 0 0 202 -191 0
78 24 0 0 221 -215 0
78 27 0 0 242 -240 0
78 29 0 0 267 -267 0
78 31 0 0 295 -295 0
78 33 0 0 329 -324 0
78 35 0 0 367 -353 0
78 37 0 0 413 -382 0
78 39 0 0 465 -408 0
78 41 0 0 524 -432 0
78 43 0 0 593 -447 0
78 45 0 0 663 -455 0
78 47 0 0 744 -447 0
78 49 0 0 812 -425 0
78 51 0 0 876 -397 0
78 53 0 0 929 -362 0
78 55 0 0 978 -326 0
78 66 0 0 1209 -75 0
78 67 0 0 1256 -36 7
78 68 0 0 1243 -2 1
78 81 0 0 -666 -5 -1
78 82 0 0 -643 -29 -1
78 83 0 0 -620 -111 -13
78 96 0 0 -532 -452 13
78 97 0 0 -43 -479 -4
79 2 0 0 121 -1 -3
79 3 0 0 137 -27 -2
79 57 0 0 1020 -287 0
79 59 0 0 1058 -245 0
79 61 0 0 1090 -200 -1
79 63 0 0 1117 -150 1
79 65 0 0 1128 -104 -1
79 66 0 0 1186 -42 0
79 67 0 0 1235 -38 -1
79 68 0 0 1217 -1 4
79 81 0 0 -644 -2 -1
79 82 0 0 -646 -30 3
79 83 0 0 -580 -49 -7
79 84 0 0 -613 -132 0
79 86 0 0 -608 -214 -3
79 88 0 0 -592 -263 0
79 90 0 0 -580 -346 -7
79 93 0 0 -564 -376 10
79 95 0 0 -554 -469 0
79 96 0 0 -531 -513 18
79 97 0 0 -42 -480 -12
80 2 0 0 143 6 5
80 3 0 0 147 7 0
80 5 0 0 140 -21 0
80 7 0 0 144 -35 0
80 8 0 0 148 -50 0
80 10 0 0 154 -66 0
80 12 0 0 161 -82 0
80 14 0 0 170 -98 0
80 16 0 0 180 -116 0
80 18 0 0 193 -134 0
80 20 0 0 207 -153 0
80 22 0 0 224 -173 0
80 24 0 0 244 -194 0
80 27 0 0 266 -216 0
80 29 0 0 292 -239 0
80 31 0 0 322 -263 0
80 33 0 0 355 -287 0
80 35 0 0 394 -311 0
80 37 0 0 438 -334 0
80 39 0 0 487 -354 0
80 41 0 0 541 -371 0
80 43 0 0 602 -382 0
80 45 0 0 664 -386 0
80 47 0 0 731 -380 0
80 49 0 0 790 -363 0
80 66 0 0 1153 -67 1
80 67 0 0 1202 -32 6
80 68 0 0 1192 -2 1
80 81 0 0 -586 -5 -1
80 82 0 0 -563 -27 -2
80 83 0 0 -549 -107 -12
80 96 0 0 -486 -452 13
80 97 0 0 -38 -479 -4
81 2 0 0 136 0 -3
81 3 0 0 152 -28 -2
81 51 0 0 848 -341 0
81 53 0 0 897 -313 0
81 55 0 0 943 -282 0
81 57 0 0 982 -248 0
81 59 0 0 1018 -212 0
81 61 0 0 1046 -172 -1
81 63 0 0 1071 -129 1
81 65 0 0 1079 -89 -1
81 66 0 0 1129 -30 1
81 67 0 0 1182 -34 -3
81 68 0 0 1166 0 3
81 81 0 0 -563 -1 0
81 82 0 0 -568 -27 3
81 83 0 0 -512 -45 -7
81 84 0 0 -542 -124 0
81 86 0 0 -541 -203 -3
81 88 0 0 -529 -252 0
81 90 0 0 -522 -336 -7
81 93 0 0 -508 -369 9
81 95 0 0 -501 -464 0
81 96 0 0 -480 -510 19
81 97 0 0 -37 -481 -13
82 2 0 0 158 7 5
82 3 0 0 162 9 0
82 5 0 0 154 -19 0
82 7 0 0 158 -32 0
82 8 0 0 163 -45 0
82 10 0 0 169 -59 0
82 12 0 0 176 -73 0
82 14 0 0 186 -88 0
82 16 0 0 197 -104 0
82 18 0 0 210 -120 0
82 20 0 0 226 -137 0
82 22 0 0 243 -154 0
82 24 0 0 264 -173 0
82 27 0 0 287 -192 0
82 29 0 0 314 -211 0
82 31 0 0 343 -231 0
82 33 0 0 377 -251 0
82 35 0 0 414 -271 0
82 37 0 0 456 -289 0
82 39 0 0 503 -304 0
82 41 0 0 552 -317 0
82 43 0 0 607 -324 0
82 66 0 0 1104 -60 1
82 67 0 0 1155 -30 6
82 68 0 0 1147 -2 1
82 81 0 0 -511 -5 -1
82 82 0 0 -488 -25 -2
82 83 0 0 -482 -104 -11
82 96 0 0 -436 -454 14
82 97 0 0 -33 -479 -4
83 2 0 0 149 0 -3
83 3 0 0 167 -28 -3
83 45 0 0 662 -326 0
83 47 0 0 720 -321 0
83 49 0 0 774 -308 0
83 51 0 0 825 -290 0
83 53 0 0 871 -267 0
83 55 0 0 913 -241 0
83 57 0 0 950 -212 0
83 59 0 0 983 -181 0
83 61 0 0 1009 -147 0
83 63 0 0 1031 -109 1
83 65 0 0 1038 -76 -1
83 66 0 0 1080 -20 2
83 67 0 0 1137 -31 -4
83 68 0 0 1122 0 3
83 81 0 0 -485 -1 0
83 82 0 0 -492 -25 3
83 83 0 0 -446 -42 -6
83 84 0 0 -474 -118 0
83 86 0 0 -475 -196 -2
83 88 0 0 -466 -244 0
83 90 0 0 -462 -329 -7
83 93 0 0 -450 -364 9
83 95 0 0 -445 -459 1
83 96 0 0 -427 -508 19
83 97 0 0 -31 -482 -13
84 2 0 0 171 8 6
84 3 0 0 175 11 0
84 66 0 0 1063 -55 2
84 67 0 0 1115 -30 5
84 68 0 0 1108 -1 1
84 81 0 0 -438 -5 0
84 82 0 0 -415 -26 -3
84 83 0 0 -417 -102 -10
84 96 0 0 -384 -458 14
84 97 0 0 -28 -479 -4
85 2 0 0 161 0 -3
85 3 0 0 179 -27 -2
85 5 0 0 166 -17 0
85 7 0 0 171 -28 0
85 8 0 0 175 -40 0
85 10 0 0 182 -52 0
85 12 0 0 190 -65 0
85 14 0 0 200 -78 0
85 16 0 0 211 -91 0
85 18 0 0 225 -105 0
85 20 0 0 241 -120 0
85 22 0 0 260 -135 0
85 24 0 0 281 -150 0
85 27 0 0 305 -167 0
85 29 0 0 331 -183 0
85 31 0 0 361 -200 0
85 33 0 0 394 -216 0
85 35 0 0 431 -231 0
85 37 0 0 470 -246 0
85 39 0 0 514 -258 0
85 41 0 0 560 -267 0
85 43 0 0 610 -272 0
85 45 0 0 660 -273 0
85 47 0 0 711 -268 0
85 49 0 0 759 -258 0
85 51 0 0 806 -244 0
85 53 0 0 848 -225 0
85 55 0 0 887 -203 0
85 57 0 0 921 -179 0
85 59 0 0 952 -152 0
85 61 0 0 976 -124 0
85 63 0 0 997 -92 1
85 65 0 0 1001 -64 0
85 66 0 0 1040 -13 3
85 67 0 0 1097 -29 -3
85 68 0 0 1084 0 3
85 81 0 0 -410 -2 0
85 82 0 0 -419 -27 3
85 83 0 0 -381 -42 -5
85 84 0 0 -408 -115 0
85 86 0 0 -410 -191 -2
85 88 0 0 -403 -239 1
85 90 0 0 -402 -323 -6
85 93 0 0 -390 -362 9
85 95 0 0 -388 -455 2
85 96 0 0 -372 -504 20
85 97 0 0 -26 -484 -14
86 2 0 0 184 8 6
86 3 0 0 186 11 1
86 66 0 0 1029 -48 3
86 67 0 0 1081 -29 5
86 68 0 0 1075 -1 1
86 81 0 0 -369 -4 0
86 82 0 0 -346 -28 -4
86 83 0 0 -353 -100 -10
86 96 0 0 -329 -464 15
86 97 0 0 -23 -478 -3
87 2 0 0 172 0 -3
87 3 0 0 190 -27 -2
87 5 0 0 177 -14 0
87 7 0 0 182 -24 0
87 8 0 0 187 -34 0
87 10 0 0 194 -45 0
87 12 0 0 202 -55 0
87 14 0 0 212 -66 0
87 16 0 0 224 -78 0
87 18 0 0 239 -90 0
87 20 0 0 255 -102 0
87 22 0 0 274 -115 0
87 24 0 0 296 -128 0
87 27 0 0 320 -142 0
87 29 0 0 347 -155 0
87 31 0 0 376 -169 0
87 33 0 0 409 -182 0
87 35 0 0 444 -194 0
87 37 0 0 483 -205 0
87 39 0 0 524 -214 0
87 41 0 0 567 -221 0
87 43 0 0 613 -225 0
87 45 0 0 659 -225 0
87 47 0 0 705 -221 0
87 49 0 0 749 -213 0
87 51 0 0 792 -201 0
87 53 0 0 831 -186 0
87 55 0 0 867 -169 0
87 57 0 0 899 -148 0
87 59 0 0 927 -126 0
87 61 0 0 950 -101 0
87 63 0 0 968 -77 2
87 65 0 0 973 -52 -1
87 66 0 0 1008 -6 3
87 67 0 0 1062 -27 -2
87 68 0 0 1051 0 3
87 81 0 0 -338 -2 0
87 82 0 0 -349 -29 2
87 83 0 0 -317 -42 -6
87 84 0 0 -344 -113 0
87 86 0 0 -346 -187 -2
87 88 0 0 -340 -237 1
87 90 0 0 -341 -320 -6
87 93 0 0 -329 -360 9
87 95 0 0 -330 -452 1
87 96 0 0 -315 -498 20
87 97 0 0 -20 -484 -14
88 2 0 0 195 7 6
88 3 0 0 196 13 1
88 66 0 0 1003 -43 7
88 67 0 0 1053 -28 6
88 68 0 0 1046 -1 1
88 81 0 0 -302 -2 1
88 82 0 0 -277 -28 -3
88 83 0 0 -290 -97 -9
88 96 0 0 -270 -470 15
88 97 0 0 -18 -477 -2
89 2 0 0 181 0 -3
89 3 0 0 198 -26 -2
89 5 0 0 185 -12 0
89 7 0 0 191 -20 0
89 8 0 0 196 -28 0
89 10 0 0 203 -37 0
89 12 0 0 211 -46 0
89 14 0 0 222 -55 0
89 16 0 0 235 -64 0
89 18 0 0 249 -74 0
89 20 0 0 266 -84 0
89 22 0 0 285 -95 0
89 25 0 0 307 -105 0
89 27 0 0 331 -116 0
89 29 0 0 358 -127 0
89 31 0 0 387 -138 0
89 33 0 0 419 -148 0
89 35 0 0 453 -158 0
89 37 0 0 490 -166 0
89 39 0 0 529 -173 0
89 41 0 0 570 -178 0
89 43 0 0 612 -181 0
89 45 0 0 655 -181 0
89 47 0 0 698 -177 0
89 49 0 0 739 -171 0
89 51 0 0 778 -162 0
89 53 0 0 815 -150 0
89 55 0 0 848 -136 0
89 57 0 0 878 -120 0
89 59 0 0 904 -102 1
89 61 0 0 924 -82 0
89 63 0 0 944 -62 2
89 65 0 0 944 -44 0
89 66 0 0 981 -3 3
89 67 0 0 1030 -25 1
89 68 0 0 1022 0 3
89 81 0 0 -267 -2 -2
89 82 0 0 -280 -29 0
89 83 0 0 -254 -45 -5
89 84 0 0 -279 -112 -1
89 86 0 0 -283 -184 -1
89 88 0 0 -277 -236 1
89 90 0 0 -281 -317 -5
89 93 0 0 -268 -362 8
89 95 0 0 -271 -450 1
89 96 0 0 -258 -494 22
89 97 0 0 -15 -486 -15
90 2 0 0 203 6 7
90 3 0 0 203 15 2
90 66 0 0 978 -40 7
90 67 0 0 1027 -27 7
90 68 0 0 1019 -1 1
90 81 0 0 -233 -2 0
90 82 0 0 -210 -32 -4
90 83 0 0 -229 -94 -8
90 96 0 0 -209 -475 17
90 97 0 0 -12 -476 -2
91 2 0 0 187 0 -2
91 3 0 0 203 -25 -1
91 5 0 0 195 -11 0
91 7 0 0 199 -15 0
91 8 0 0 204 -22 0
91 10 0 0 211 -29 0
91 12 0 0 220 -36 0
91 14 0 0 231 -43 0
91 16 0 0 244 -50 0
91 18 0 0 259 -58 0
91 20 0 0 277 -66 0
91 23 0 0 296 -74 0
91 25 0 0 318 -83 0
91 27 0 0 342 -91 0
91 29 0 0 369 -99 0
91 31 0 0 398 -108 0
91 33 0 0 429 -115 0
91 35 0 0 463 -123 0
91 37 0 0 498 -129 0
91 39 0 0 536 -134 0
91 41 0 0 575 -138 0
91 43 0 0 615 -140 0
91 45 0 0 656 -140 0
91 47 0 0 696 -137 0
91 49 0 0 734 -132 0
91 51 0 0 771 -125 1
91 53 0 0 806 -116 1
91 55 0 0 837 -106 1
91 57 0 0 865 -93 1
91 59 0 0 890 -80 1
91 61 0 0 911 -63 0
91 63 0 0 928 -50 3
91 64 0 0 929 -30 -4
91 66 0 0 964 2 0
91 67 0 0 1004 -21 1
91 68 0 0 996 0 3
91 81 0 0 -199 -2 -1
91 82 0 0 -209 -38 0
91 83 0 0 -190 -50 -4
91 85 0 0 -217 -112 -2
91 86 0 0 -220 -183 -2
91 88 0 0 -212 -238 0
91 91 0 0 -218 -315 -6
91 93 0 0 -206 -365 4
91 95 0 0 -216 -445 2
91 96 0 0 -201 -490 24
91 97 0 0 -12 -485 -15
92 2 0 0 207 15 7
92 3 0 0 209 21 2
92 5 0 0 197 -5 0
92 7 0 0 203 -11 -1
92 66 0 0 957 -44 2
92 67 0 0 1006 -19 2
92 68 0 0 997 -1 1
92 81 0 0 -167 -1 0
92 82 0 0 -147 -35 -4
92 83 0 0 -168 -91 -9
92 96 0 0 -147 -475 17
92 97 0 0 -5 -476 -3
93 2 0 0 192 8 0
93 3 0 0 200 -21 1
93 8 0 0 209 -15 -1
93 10 0 0 216 -21 -1
93 12 0 0 225 -25 -1
93 14 0 0 236 -31 -1
93 16 0 0 250 -36 -1
93 18 0 0 265 -42 -1
93 20 0 0 282 -48 -1
93 23 0 0 302 -53 -1
93 25 0 0 324 -59 -1
93 27 0 0 348 -66 -1
93 29 0 0 374 -72 -1
93 31 0 0 403 -78 -1
93 33 0 0 433 -83 -1
93 35 0 0 466 -88 -1
93 37 0 0 501 -93 -1
93 39 0 0 537 -97 -1
93 41 0 0 574 -100 -1
93 43 0 0 612 -101 -1
93 45 0 0 650 -101 -1
93 47 0 0 688 -99 -1
93 49 0 0 725 -96 -1
93 51 0 0 759 -91 -1
93 53 0 0 792 -85 -1
93 55 0 0 822 -77 -1
93 57 0 0 848 -68 -1
93 59 0 0 872 -58 -1
93 61 0 0 890 -47 -2
93 63 0 0 907 -36 1
93 64 0 0 908 -27 -5
93 66 0 0 930 -3 8
93 67 0 0 992 -18 -7
93 68 0 0 979 0 3
93 81 0 0 -135 -2 -3
93 82 0 0 -143 -42 -1
93 83 0 0 -126 -56 -5
93 85 0 0 -151 -113 -1
93 86 0 0 -155 -180 0
93 88 0 0 -147 -236 2
93 91 0 0 -154 -309 -2
93 93 0 0 -143 -361 3
93 95 0 0 -163 -445 0
93 96 0 0 -140 -474 24
93 97 0 0 -6 -486 -17
94 2 0 0 212 0 5
94 3 0 0 218 18 5
94 5 0 0 206 -7 -5
94 7 0 0 213 -4 -7
94 9 0 0 215 -10 -9
94 66 0 0 936 -36 6
94 67 0 0 980 -8 2
94 68 0 0 980 0 2
94 81 0 0 -100 -1 0
94 82 0 0 -90 -36 -4
94 83 0 0 -106 -83 -7
94 96 0 0 -83 -464 16
94 97 0 0 0 -479 -1
95 2 0 0 206 -3 6
95 3 0 0 194 -20 0
95 10 0 0 223 -12 -9
95 12 0 0 232 -15 -9
95 14 0 0 244 -18 -9
95 16 0 0 257 -21 -10
95 19 0 0 272 -25 -10
95 21 0 0 290 -28 -11
95 23 0 0 310 -32 -11
95 25 0 0 332 -36 -12
95 27 0 0 357 -39 -13
95 29 0 0 383 -43 -14
95 31 0 0 412 -47 -15
95 33 0 0 443 -50 -16
95 35 0 0 476 -53 -17
95 37 0 0 510 -56 -18
95 39 0 0 546 -59 -19
95 41 0 0 583 -60 -20
95 43 0 0 621 -61 -21
95 45 0 0 659 -61 -22
95 47 0 0 696 -61 -22
95 49 0 0 731 -59 -24
95 51 0 0 764 -56 -25
95 53 0 0 796 -52 -26
95 55 0 0 824 -48 -27
95 57 0 0 850 -42 -27
95 59 0 0 873 -38 -27
95 61 0 0 892 -26 -30
95 63 0 0 910 -25 -22
95 64 0 0 919 -12 -27
95 66 0 0 910 6 1
95 67 0 0 973 -7 -5
95 68 0 0 971 1 4
95 81 0 0 -71 -2 -4
95 82 0 0 -84 -38 -4
95 83 0 0 -62 -60 -1
95 85 0 0 -94 -111 0
95 86 0 0 -99 -177 0
95 88 0 0 -88 -234 1
95 91 0 0 -102 -302 -4
95 93 0 0 -80 -351 7
95 95 0 0 -114 -440 -5
95 96 0 0 -73 -485 10
95 97 0 0 0 -473 -6
96 2 0 0 190 21 -10
96 3 0 0 219 -6 -5
96 4 0 0 222 -15 -4
96 5 0 0 220 0 -7
96 6 0 0 215 -11 -13
96 7 0 0 216 6 -10
96 8 0 0 220 -12 -14
96 9 0 0 221 4 -14
96 10 0 0 222 -16 -16
96 11 0 0 226 2 -16
96 12 0 0 232 -18 -16
96 13 0 0 235 1 -16
96 14 0 0 243 -20 -17
96 15 0 0 247 0 -17
96 16 0 0 257 -22 -18
96 17 0 0 261 -1 -17
96 18 0 0 273 -25 -18
96 19 0 0 277 -2 -18
96 20 0 0 291 -27 -19
96 21 0 0 295 -4 -19
96 22 0 0 311 -30 -20
96 23 0 0 314 -5 -20
96 24 0 0 333 -33 -21
96 25 0 0 336 -7 -21
96 26 0 0 357 -36 -22
96 27 0 0 361 -8 -22
96 28 0 0 384 -39 -23
96 29 0 0 387 -9 -23
96 30 0 0 413 -42 -24
96 31 0 0 416 -10 -24
96 32 0 0 444 -45 -25
96 33 0 0 446 -11 -25
96 34 0 0 476 -48 -26
96 35 0 0 478 -12 -26
96 36 0 0 511 -51 -27
96 37 0 0 512 -13 -27
96 38 0 0 546 -53 -28
96 39 0 0 548 -13 -28
96 40 0 0 583 -55 -29
96 41 0 0 584 -13 -29
96 42 0 0 620 -56 -30
96 43 0 0 621 -13 -30
96 44 0 0 657 -57 -30
96 45 0 0 657 -12 -31
96 46 0 0 694 -57 -31
96 47 0 0 693 -10 -31
96 48 0 0 729 -57 -32
96 49 0 0 728 -9 -32
96 50 0 0 763 -56 -32
96 51 0 0 761 -7 -32
96 52 0 0 794 -54 -32
96 53 0 0 792 -4 -32
96 54 0 0 823 -51 -32
96 55 0 0 820 -1 -33
96 56 0 0 849 -48 -31
96 57 0 0 846 1 -33
96 58 0 0 870 -44 -31
96 59 0 0 867 4 -32
96 60 0 0 891 -40 -32
96 61 0 0 889 11 -34
96 62 0 0 902 -30 -32
96 63 0 0 902 14 -31
96 64 0 0 920 -17 -33
96 65 0 0 922 21 -32
96 66 0 0 927 7 -21
96 67 0 0 950 -3 0
96 68 0 0 985 4 2
96 81 0 0 -37 0 0
96 82 0 0 -26 -37 -1
96 83 0 0 -46 -74 1
96 84 0 0 -35 -88 0
96 85 0 0 -58 -136 5
96 86 0 0 -29 -157 2
96 87 0 0 -61 -203 7
96 88 0 0 -20 -226 1
96 89 0 0 -60 -262 7
96 90 0 0 -17 -289 1
96 91 0 0 -58 -329 9
96 92 0 0 -3 -355 3
96 93 0 0 -59 -391 13
96 94 0 0 -21 -424 9
96 95 0 0 -79 -475 30
96 96 0 0 -13 -514 5
96 97 0 0 2 -475 -42
97 2 0 0 196 -5 -2
97 3 0 0 204 2 0
97 4 0 0 199 9 -12
97 5 0 0 200 -8 -12
97 6 0 0 203 7 -13
97 7 0 0 204 -16 -11
97 8 0 0 223 -3 -1
97 9 0 0 192 0 5
97 10 0 0 198 -3 2
97 11 0 0 200 0 1
97 12 0 0 207 -3 2
97 13 0 0 209 0 1
97 14 0 0 218 -4 2
97 15 0 0 220 0 1
97 16 0 0 230 -4 2
97 17 0 0 233 0 1
97 18 0 0 245 -5 2
97 19 0 0 248 0 2
97 20 0 0 261 -6 2
97 21 0 0 265 0 2
97 22 0 0 280 -6 2
97 23 0 0 285 -1 2
97 24 0 0 301 -7 2
97 25 0 0 306 -2 2
97 26 0 0 324 -9 2
97 27 0 0 329 -2 2
97 28 0 0 349 -10 3
97 29 0 0 355 -3 2
97 30 0 0 377 -12 3
97 31 0 0 383 -4 2
97 32 0 0 406 -14 3
97 33 0 0 413 -5 2
97 34 0 0 438 -16 3
97 35 0 0 445 -5 2
97 36 0 0 471 -18 3
97 37 0 0 478 -6 2
97 38 0 0 506 -20 3
97 39 0 0 513 -7 2
97 40 0 0 542 -22 2
97 41 0 0 548 -7 2
97 42 0 0 578 -24 1
97 43 0 0 584 -7 3
97 44 0 0 615 -26 0
97 45 0 0 620 -7 3
97 46 0 0 652 -28 0
97 47 0 0 655 -6 4
97 48 0 0 689 -30 0
97 49 0 0 690 -6 4
97 50 0 0 724 -31 -1
97 51 0 0 725 -5 3
97 52 0 0 757 -31 -2
97 53 0 0 757 -5 2
97 54 0 0 787 -31 -3
97 55 0 0 787 -3 0
97 56 0 0 814 -31 -3
97 57 0 0 817 0 0
97 58 0 0 837 -29 -3
97 59 0 0 843 3 -2
97 60 0 0 856 -26 -2
97 61 0 0 861 7 -3
97 62 0 0 873 -22 -4
97 63 0 0 872 8 -2
97 64 0 0 894 -17 -4
97 65 0 0 879 0 5
97 66 0 0 907 -11 7
97 67 0 0 959 19 5
97 68 0 0 940 -1 6
97 81 0 0 -3 -2 0
97 82 0 0 -3 -39 1
97 83 0 0 -7 -59 -1
97 84 0 0 -6 -96 18
97 85 0 0 -11 -122 5
97 86 0 0 -7 -169 23
97 87 0 0 -6 -193 -2
97 88 0 0 -7 -239 24
97 89 0 0 -5 -262 0
97 90 0 0 -6 -305 23
97 91 0 0 -4 -328 3
97 92 0 0 -5 -368 15
97 93 0 0 -5 -392 10
97 94 0 0 0 -423 12
97 95 0 0 -8 -468 15
97 96 0 0 33 -430 33
97 97 0 0 20 -489 -9
