env_min(m) 0.0000 0.0000 0.0000
env_max(m) 10.0000 10.0000 3.0000
NumCells_XYZ 100 100 30
CellSizes_XYZ[m] 0.1000 0.1000 0.1000
GasSourceLocation_XYZ[m] 0.7857 7.2143 0.5000
GasType ethanol
Cell_x	 Cell_y	 Cell_z	 Gas_conc[10^⁻3ppm]	 Wind_u[10^⁻3m/s]	 Wind_v[10^⁻3m/s]	 Wind_w[10^⁻3m/s]
2 2 0 0 0 0 0
2 3 0 0 0 0 0
2 4 0 0 0 0 0
2 5 0 0 0 0 0
2 6 0 0 0 0 0
2 7 0 0 0 -1 0
2 8 0 0 0 -1 0
2 9 0 0 0 -1 0
2 10 0 0 0 -1 0
2 11 0 0 0 -2 0
2 12 0 0 0 -2 0
2 13 0 0 0 -2 0
2 14 0 0 0 -2 0
2 15 0 0 0 -3 0
2 16 0 0 0 -3 0
2 17 0 0 0 -4 0
2 18 0 0 0 -4 1
2 19 0 0 0 -4 -1
2 20 0 17 0 -5 1
2 21 0 0 0 -5 -1
2 22 0 0 0 -6 1
2 23 0 0 0 -6 -1
2 24 0 0 0 -7 1
2 25 0 171 0 -8 -1
2 26 0 0 0 -8 2
2 27 0 0 0 -9 -2
2 28 0 0 0 -10 2
2 29 0 0 0 -11 -2
2 30 0 1158 0 -12 3
2 31 0 0 0 -13 -2
2 32 0 0 0 -14 3
2 33 0 0 0 -15 -3
2 34 0 0 0 -16 4
2 35 0 3246 0 -17 -3
2 36 0 0 0 -19 5
2 37 0 0 0 -20 -4
2 38 0 0 0 -22 5
2 39 0 0 0 -23 -4
2 40 0 6658 0 -25 6
2 41 0 0 0 -27 -5
2 42 0 0 0 -28 7
2 43 0 0 0 -30 -6
2 44 0 0 0 -32 8
2 45 0 11930 0 -34 -7
2 46 0 0 0 -36 9
2 47 0 0 0 -38 -7
2 48 0 0 0 -40 10
2 49 0 0 0 -42 -8
2 50 0 17441 0 -44 10
2 51 0 0 0 -46 -9
2 52 0 0 1 -48 11
2 53 0 0 0 -49 -10
2 54 0 0 1 -51 12
2 55 0 21970 0 -52 -10
2 56 0 0 1 -54 13
2 57 0 0 0 -55 -11
2 58 0 0 1 -57 13
2 59 0 0 0 -58 -11
2 60 0 26455 1 -59 13
2 61 0 0 0 -59 -11
2 62 0 0 1 -60 14
2 63 0 0 0 -60 -11
2 64 0 0 1 -61 13
2 65 0 25350 0 -60 -12
2 66 0 0 0 -61 14
2 67 0 0 0 -59 -12
2 68 0 0 0 -59 13
2 69 0 0 0 -57 -12
2 70 0 21763 0 -57 13
2 71 0 0 0 -55 -11
2 72 0 0 0 -54 12
2 73 0 0 0 -51 -11
2 74 0 0 0 -51 12
2 75 0 3261 0 -48 -11
2 76 0 0 0 -47 11
2 77 0 0 0 -43 -10
2 78 0 0 0 -42 9
2 79 0 0 0 -39 -9
2 80 0 50 0 -37 8
2 81 0 0 0 -34 -8
2 82 0 0 0 -33 7
2 83 0 0 0 -29 -7
2 84 0 0 0 -28 6
2 85 0 1 0 -25 -6
2 86 0 0 0 -23 5
2 87 0 0 0 -20 -5
2 88 0 0 0 -18 4
2 89 0 0 0 -16 -4
2 90 0 0 0 -14 3
2 91 0 0 0 -12 -3
2 92 0 0 0 -9 2
2 93 0 0 0 -7 -2
2 94 0 0 0 -5 1
2 95 0 0 0 -4 -1
2 96 0 0 0 -2 0
2 97 0 0 0 0 0
3 2 0 0 0 0 0
3 3 0 0 0 0 0
3 4 0 0 0 0 0
3 5 0 0 0 0 0
3 6 0 0 0 0 0
3 7 0 0 0 -1 0
3 8 0 0 0 -1 0
3 9 0 0 0 -1 0
3 10 0 0 0 -1 0
3 11 0 0 0 -2 0
3 12 0 0 0 -2 0
3 13 0 0 0 -2 0
3 14 0 0 0 -2 0
3 15 0 0 0 -3 0
3 16 0 0 0 -3 0
3 17 0 3 1 -4 0
3 18 0 7 0 -4 0
3 19 0 14 1 -4 0
3 20 0 26 0 -5 0
3 21 0 46 1 -5 0
3 22 0 78 0 -6 0
3 23 0 125 1 -6 0
3 24 0 191 0 -7 0
3 25 0 289 2 -8 0
3 26 0 415 0 -8 0
3 27 0 579 2 -9 0
3 28 0 905 0 -10 0
3 29 0 1175 2 -11 0
3 30 0 1492 0 -11 0
3 31 0 1868 3 -13 0
3 32 0 2197 0 -13 0
3 33 0 2899 3 -15 0
3 34 0 3529 0 -16 0
3 35 0 4226 4 -18 0
3 36 0 5098 0 -18 0
3 37 0 5992 4 -20 0
3 38 0 6838 -1 -21 0
3 39 0 8150 5 -23 0
3 40 0 9404 -1 -25 0
3 41 0 10721 6 -27 0
3 42 0 12074 -1 -28 0
3 43 0 13303 6 -30 0
3 44 0 14744 -1 -32 0
3 45 0 16147 7 -34 0
3 46 0 17562 -2 -36 0
3 47 0 18883 8 -38 1
3 48 0 20511 -2 -40 0
3 49 0 22458 8 -42 1
3 50 0 23907 -3 -44 0
3 51 0 25178 9 -46 1
3 52 0 26008 -3 -48 0
3 53 0 26906 9 -50 1
3 54 0 28445 -4 -51 -1
3 55 0 29690 9 -53 1
3 56 0 30908 -5 -55 -1
3 57 0 32475 9 -56 1
3 58 0 34047 -5 -57 -1
3 59 0 35185 9 -58 1
3 60 0 36250 -6 -59 -1
3 61 0 36759 9 -60 1
3 62 0 36724 -7 -61 -1
3 63 0 37008 8 -61 1
3 64 0 37536 -7 -61 -1
3 65 0 38242 8 -61 1
3 66 0 39581 -8 -61 -1
3 67 0 41121 7 -60 1
3 68 0 42727 -8 -60 -1
3 69 0 42092 6 -58 1
3 70 0 38264 -9 -58 -1
3 71 0 33064 5 -56 1
3 72 0 27255 -9 -55 -1
3 73 0 19659 4 -53 0
3 74 0 11684 -9 -51 -1
3 75 0 6048 3 -49 0
3 76 0 2907 -9 -47 -1
3 77 0 1300 2 -44 0
3 78 0 535 -9 -42 -1
3 79 0 208 2 -39 0
3 80 0 79 -8 -38 -1
3 81 0 34 1 -34 0
3 82 0 15 -7 -33 -1
3 83 0 8 0 -30 0
3 84 0 4 -7 -28 0
3 85 0 2 0 -25 0
3 86 0 0 -6 -23 0
3 87 0 0 0 -20 0
3 88 0 0 -5 -19 0
3 89 0 0 0 -15 0
3 90 0 0 -4 -14 0
3 91 0 0 0 -11 0
3 92 0 0 -4 -10 0
3 93 0 0 -1 -7 0
3 94 0 0 -3 -6 0
3 95 0 0 -1 -3 0
3 96 0 0 -2 -2 0
3 97 0 0 -2 0 0
4 2 0 0 0 0 0
4 3 0 0 0 0 0
4 4 0 0 0 0 0
4 6 0 0 0 0 0
4 8 0 0 0 -1 0
4 10 0 0 0 -1 0
4 12 0 0 0 -2 0
4 14 0 0 0 -2 0
4 16 0 0 1 -3 0
4 17 0 3 0 0 0
4 18 0 7 0 0 0
4 19 0 14 1 -4 0
4 20 0 27 0 0 0
4 21 0 48 1 -5 0
4 22 0 81 0 0 0
4 23 0 131 1 -6 0
4 24 0 203 0 0 0
4 25 0 309 1 -7 0
4 26 0 449 0 0 0
4 27 0 633 2 -8 0
4 28 0 978 0 0 0
4 29 0 1290 2 -10 0
4 30 0 1662 0 0 0
4 31 0 1999 2 -11 0
4 32 0 2526 0 0 0
4 33 0 3170 3 -13 0
4 34 0 3884 0 0 0
4 35 0 4683 3 -16 0
4 36 0 5595 0 0 0
4 37 0 6613 4 -18 0
4 38 0 7887 0 0 0
4 39 0 9166 4 -21 0
4 40 0 10562 0 0 0
4 41 0 12038 4 -24 0
4 42 0 13569 0 0 0
4 43 0 15131 5 -28 0
4 44 0 16871 0 0 0
4 45 0 18396 5 -31 0
4 46 0 20040 0 0 0
4 47 0 21596 5 -35 0
4 48 0 23460 0 0 0
4 49 0 25186 5 -39 0
4 50 0 26942 0 0 0
4 51 0 28312 5 -43 0
4 52 0 29679 0 0 0
4 53 0 30851 5 -47 0
4 54 0 32064 0 0 0
4 55 0 33658 4 -50 0
4 56 0 35217 0 0 0
4 57 0 36951 3 -53 0
4 58 0 38722 0 0 0
4 59 0 40644 3 -55 0
4 60 0 42567 0 0 0
4 61 0 44302 2 -57 0
4 62 0 45551 0 0 0
4 63 0 46643 0 -58 0
4 64 0 48108 0 0 0
4 65 0 50470 0 -59 0
4 66 0 54088 0 0 0
4 67 0 58812 -1 -58 0
4 68 0 63419 0 0 0
4 69 0 65722 -2 -57 0
4 70 0 64062 0 0 0
4 71 0 59573 -3 -54 0
4 72 0 50956 0 0 0
4 73 0 35932 -4 -51 0
4 74 0 20001 0 0 0
4 75 0 9577 -5 -48 0
4 76 0 4324 0 0 0
4 77 0 1863 -6 -44 0
4 78 0 757 0 0 0
4 79 0 297 -6 -39 0
4 80 0 115 0 0 0
4 81 0 51 -7 -34 0
4 82 0 24 0 0 0
4 83 0 13 -7 -30 0
4 84 0 7 0 0 0
4 85 0 3 -6 -25 0
4 86 0 1 0 0 0
4 87 0 0 -6 -20 0
4 89 0 0 -6 -16 0
4 91 0 0 -5 -12 0
4 93 0 0 -5 -8 0
4 95 0 0 -5 -5 0
4 96 0 0 -3 -1 0
4 97 0 0 -4 0 1
5 2 0 0 0 0 0
5 3 0 0 0 0 0
5 17 0 3 0 0 0
5 18 0 7 0 0 0
5 19 0 14 0 0 0
5 20 0 27 0 0 0
5 21 0 48 0 0 0
5 22 0 82 0 0 0
5 23 0 132 0 0 0
5 24 0 205 0 0 0
5 25 0 312 0 0 0
5 26 0 455 0 0 0
5 27 0 722 0 0 0
5 28 0 978 0 0 0
5 29 0 1301 0 0 0
5 30 0 1687 0 0 0
5 31 0 2156 0 0 0
5 32 0 2619 0 0 0
5 33 0 3274 0 0 0
5 34 0 4030 0 0 0
5 35 0 4887 0 0 0
5 36 0 5874 0 0 0
5 37 0 7084 0 0 0
5 38 0 8347 0 0 0
5 39 0 9744 0 0 0
5 40 0 11281 0 0 0
5 41 0 12901 0 0 0
5 42 0 14585 0 0 0
5 43 0 16310 0 0 0
5 44 0 18161 0 0 0
5 45 0 19861 0 0 0
5 46 0 21664 0 0 0
5 47 0 23475 0 0 0
5 48 0 25405 0 0 0
5 49 0 27074 0 0 0
5 50 0 28829 0 0 0
5 51 0 30187 0 0 0
5 52 0 31353 0 0 0
5 53 0 32455 0 0 0
5 54 0 33693 0 0 0
5 55 0 35154 0 0 0
5 56 0 36788 0 0 0
5 57 0 38648 0 0 0
5 58 0 40725 0 0 0
5 59 0 43239 0 0 0
5 60 0 46103 0 0 0
5 61 0 49014 0 0 0
5 62 0 51735 0 0 0
5 63 0 54431 0 0 0
5 64 0 57791 0 0 0
5 65 0 62673 0 0 0
5 66 0 69639 0 0 0
5 67 0 78601 0 0 0
5 68 0 88336 0 0 0
5 69 0 96596 0 0 0
5 70 0 101429 0 0 0
5 71 0 100373 0 0 0
5 72 0 86415 0 0 0
5 73 0 58954 0 0 0
5 74 0 31538 0 0 0
5 75 0 14336 0 0 0
5 76 0 6025 0 0 0
5 77 0 2454 0 0 0
5 78 0 982 0 0 0
5 79 0 394 0 0 0
5 80 0 159 0 0 0
5 81 0 73 0 0 0
5 82 0 36 0 0 0
5 83 0 19 0 0 0
5 84 0 10 0 0 0
5 85 0 4 0 0 0
5 86 0 2 0 0 0
5 87 0 1 0 0 0
5 96 0 0 -6 -3 0
5 97 0 0 -5 0 -1
6 2 0 0 0 0 0
6 3 0 0 0 0 0
6 4 0 0 0 0 0
6 6 0 0 1 0 0
6 8 0 0 1 -1 0
6 10 0 0 1 -1 0
6 12 0 0 1 -2 0
6 14 0 0 1 -2 0
6 16 0 0 1 -3 0
6 17 0 3 0 0 0
6 18 0 6 1 -4 0
6 19 0 13 0 0 0
6 20 0 26 2 -4 0
6 21 0 47 0 0 0
6 22 0 79 0 0 0
6 23 0 128 2 -5 0
6 24 0 199 0 0 0
6 25 0 304 3 -7 0
6 26 0 444 0 0 0
6 27 0 693 3 -8 0
6 28 0 944 0 0 0
6 29 0 1258 4 -9 0
6 30 0 1639 0 0 0
6 31 0 2104 4 -11 0
6 32 0 2584 0 0 0
6 33 0 3245 5 -13 0
6 34 0 4013 0 0 0
6 35 0 4938 6 -15 0
6 36 0 5985 0 0 0
6 37 0 7171 6 -18 0
6 38 0 8501 0 0 0
6 39 0 9975 7 -21 0
6 40 0 11587 0 0 0
6 41 0 13293 8 -24 0
6 42 0 15063 0 0 0
6 43 0 16878 8 -28 0
6 44 0 18805 0 0 0
6 45 0 20661 9 -32 0
6 46 0 22592 0 0 0
6 47 0 24445 9 -36 0
6 48 0 26279 0 0 0
6 49 0 27926 9 -40 0
6 50 0 29505 0 0 0
6 51 0 30725 9 -44 0
6 52 0 31717 0 0 0
6 53 0 32625 8 -48 0
6 54 0 33637 0 0 0
6 55 0 34875 7 -51 0
6 56 0 36376 0 0 0
6 57 0 38216 6 -55 0
6 58 0 40478 0 0 0
6 59 0 43448 5 -57 0
6 60 0 47103 0 0 0
6 61 0 51183 3 -59 0
6 62 0 55426 0 0 0
6 63 0 59976 1 -61 0
6 64 0 65675 0 0 0
6 65 0 73516 0 -61 0
6 66 0 84134 0 0 0
6 67 0 97820 -2 -60 0
6 68 0 113759 0 0 0
6 69 0 129458 -4 -59 0
6 70 0 141775 0 0 0
6 71 0 143076 -6 -56 0
6 72 0 121626 0 0 0
6 73 0 81930 -8 -53 0
6 74 0 44142 0 0 0
6 75 0 19849 -9 -49 0
6 76 0 7899 0 0 0
6 77 0 3064 -10 -45 0
6 78 0 1219 0 0 0
6 79 0 505 -11 -40 0
6 80 0 212 0 0 0
6 81 0 98 -11 -35 0
6 82 0 49 0 0 0
6 83 0 26 -11 -30 0
6 84 0 14 0 0 0
6 85 0 6 -11 -25 0
6 86 0 3 0 0 0
6 87 0 1 -10 -20 0
6 89 0 0 -10 -16 0
6 91 0 0 -9 -12 0
6 93 0 0 -9 -8 0
6 95 0 0 -8 -5 0
6 96 0 0 -7 -1 0
6 97 0 0 -7 0 2
7 2 0 0 1 0 0
7 3 0 0 1 0 0
7 17 0 2 0 0 0
7 18 0 6 0 0 0
7 19 0 12 0 0 0
7 20 0 24 0 0 0
7 21 0 44 0 0 0
7 22 0 74 0 0 0
7 23 0 120 0 0 0
7 24 0 187 0 0 0
7 25 0 319 0 0 0
7 26 0 459 0 0 0
7 27 0 643 0 0 0
7 28 0 879 0 0 0
7 29 0 1175 0 0 0
7 30 0 1537 0 0 0
7 31 0 1983 0 0 0
7 32 0 2519 0 0 0
7 33 0 3114 0 0 0
7 34 0 3876 0 0 0
7 35 0 4765 0 0 0
7 36 0 5815 0 0 0
7 37 0 7016 0 0 0
7 38 0 8372 0 0 0
7 39 0 9876 0 0 0
7 40 0 11523 0 0 0
7 41 0 13264 0 0 0
7 42 0 15067 0 0 0
7 43 0 16976 0 0 0
7 44 0 18854 0 0 0
7 45 0 20740 0 0 0
7 46 0 22677 0 0 0
7 47 0 24546 0 0 0
7 48 0 26382 0 0 0
7 49 0 27999 0 0 0
7 50 0 29313 0 0 0
7 51 0 30383 0 0 0
7 52 0 31198 0 0 0
7 53 0 31892 0 0 0
7 54 0 32640 0 0 0
7 55 0 33596 0 0 0
7 56 0 34867 0 0 0
7 57 0 36602 0 0 0
7 58 0 38938 0 0 0
7 59 0 42167 0 0 0
7 60 0 46289 0 0 0
7 61 0 51131 0 0 0
7 62 0 56495 0 0 0
7 63 0 62618 0 0 0
7 64 0 70351 0 0 0
7 65 0 80343 0 0 0
7 66 0 92934 0 0 0
7 67 0 109047 0 0 0
7 68 0 128764 0 0 0
7 69 0 149306 0 0 0
7 70 0 165816 0 0 0
7 71 0 166387 0 0 0
7 72 0 138729 0 0 0
7 73 0 93167 0 0 0
7 74 0 51374 0 0 0
7 75 0 23562 0 0 0
7 76 0 9462 0 0 0
7 77 0 3756 0 0 0
7 78 0 1536 0 0 0
7 79 0 650 0 0 0
7 80 0 278 0 0 0
7 81 0 127 0 0 0
7 82 0 64 0 0 0
7 83 0 33 0 0 0
7 84 0 18 0 0 0
7 85 0 8 0 0 0
7 86 0 4 0 0 0
7 87 0 1 0 0 0
7 96 0 0 -10 -4 0
7 97 0 0 -9 0 -1
8 2 0 0 1 0 0
8 3 0 0 1 0 0
8 4 0 0 1 0 0
8 6 0 0 1 0 0
8 8 0 0 1 -1 0
8 10 0 0 1 -1 0
8 12 0 0 1 -2 0
8 14 0 0 2 -2 0
8 16 0 0 2 -3 0
8 17 0 2 0 0 0
8 18 0 5 2 -3 0
8 19 0 11 0 0 0
8 20 0 22 3 -4 0
8 21 0 39 0 0 0
8 22 0 67 3 -5 0
8 23 0 109 0 0 0
8 24 0 171 0 0 0
8 25 0 284 4 -6 0
8 26 0 412 0 0 0
8 27 0 579 4 -7 0
8 28 0 794 0 0 0
8 29 0 1065 5 -9 0
8 30 0 1400 0 0 0
8 31 0 1815 6 -10 0
8 32 0 2312 0 0 0
8 33 0 2883 7 -12 0
8 34 0 3606 0 0 0
8 35 0 4463 8 -15 0
8 36 0 5486 0 0 0
8 37 0 6668 9 -17 0
8 38 0 8012 0 0 0
8 39 0 9507 10 -20 0
8 40 0 11146 0 0 0
8 41 0 12879 11 -23 0
8 42 0 14670 0 0 0
8 43 0 16548 12 -27 0
8 44 0 18424 0 0 0
8 45 0 20300 13 -31 0
8 46 0 22182 0 0 0
8 47 0 24015 13 -35 0
8 48 0 25773 0 0 0
8 49 0 27319 13 -40 0
8 50 0 28552 0 0 0
8 51 0 29510 13 -44 0
8 52 0 30190 0 0 0
8 53 0 30712 12 -49 0
8 54 0 31237 0 0 0
8 55 0 31946 11 -53 0
8 56 0 32998 0 0 0
8 57 0 34593 9 -56 0
8 58 0 36889 0 0 0
8 59 0 40142 7 -59 0
8 60 0 44326 0 0 0
8 61 0 49346 5 -62 0
8 62 0 55111 0 0 0
8 63 0 61959 2 -63 0
8 64 0 70488 0 0 0
8 65 0 80569 0 -63 0
8 66 0 92054 0 0 0
8 67 0 106700 -3 -63 0
8 68 0 125777 0 0 0
8 69 0 146398 -6 -61 0
8 70 0 162152 0 0 0
8 71 0 158901 -9 -59 0
8 72 0 127514 0 0 0
8 73 0 83695 -11 -55 0
8 74 0 46881 0 0 0
8 75 0 22845 -13 -51 0
8 76 0 10244 0 0 0
8 77 0 4553 -15 -46 0
8 78 0 1962 0 0 0
8 79 0 831 -16 -41 0
8 80 0 351 0 0 0
8 81 0 155 -16 -35 0
8 82 0 77 0 0 0
8 83 0 38 -16 -30 0
8 84 0 21 0 0 0
8 85 0 10 -16 -24 0
8 86 0 4 0 0 0
8 87 0 2 -15 -20 0
8 89 0 0 -14 -15 0
8 91 0 0 -13 -11 0
8 93 0 0 -12 -8 0
8 95 0 0 -12 -4 0
8 96 0 0 -11 0 0
8 97 0 0 -11 0 3
9 2 0 0 1 0 0
9 3 0 0 1 0 0
9 17 0 2 0 0 0
9 18 0 4 0 0 0
9 19 0 9 0 0 0
9 20 0 19 0 0 0
9 21 0 35 0 0 0
9 22 0 59 0 0 0
9 23 0 96 0 0 0
9 24 0 163 0 0 0
9 25 0 247 0 0 0
9 26 0 360 0 0 0
9 27 0 508 0 0 0
9 28 0 700 0 0 0
9 29 0 943 0 0 0
9 30 0 1243 0 0 0
9 31 0 1619 0 0 0
9 32 0 2073 0 0 0
9 33 0 2607 0 0 0
9 34 0 3279 0 0 0
9 35 0 4085 0 0 0
9 36 0 5059 0 0 0
9 37 0 6195 0 0 0
9 38 0 7497 0 0 0
9 39 0 8948 0 0 0
9 40 0 10544 0 0 0
9 41 0 12234 0 0 0
9 42 0 14008 0 0 0
9 43 0 15798 0 0 0
9 44 0 17612 0 0 0
9 45 0 19436 0 0 0
9 46 0 21267 0 0 0
9 47 0 23050 0 0 0
9 48 0 24742 0 0 0
9 49 0 26235 0 0 0
9 50 0 27445 0 0 0
9 51 0 28342 0 0 0
9 52 0 28935 0 0 0
9 53 0 29347 0 0 0
9 54 0 29719 0 0 0
9 55 0 30242 0 0 0
9 56 0 31105 0 0 0
9 57 0 32529 0 0 0
9 58 0 34671 0 0 0
9 59 0 37720 0 0 0
9 60 0 41607 0 0 0
9 61 0 46281 0 0 0
9 62 0 51728 0 0 0
9 63 0 58264 0 0 0
9 64 0 66072 0 0 0
9 65 0 74271 0 0 0
9 66 0 82295 0 0 0
9 67 0 92415 0 0 0
9 68 0 106874 0 0 0
9 69 0 122767 0 0 0
9 70 0 132711 0 0 0
9 71 0 124889 0 0 0
9 72 0 95989 0 0 0
9 73 0 61593 0 0 0
9 74 0 35459 0 0 0
9 75 0 19262 0 0 0
9 76 0 10177 0 0 0
9 77 0 5103 0 0 0
9 78 0 2304 0 0 0
9 79 0 977 0 0 0
9 80 0 407 0 0 0
9 81 0 176 0 0 0
9 82 0 85 0 0 0
9 83 0 41 0 0 0
9 84 0 23 0 0 0
9 85 0 11 0 0 0
9 86 0 5 0 0 0
9 87 0 2 0 0 0
9 96 0 0 -13 -4 0
9 97 0 0 -13 0 -2
10 2 0 0 1 0 0
10 3 0 0 1 0 0
10 4 0 0 1 0 0
10 6 0 0 1 0 0
10 8 0 0 1 -1 0
10 10 0 0 2 -1 0
10 12 0 0 2 -1 0
10 14 0 0 2 -2 0
10 16 0 0 2 -2 0
10 17 0 1 0 0 0
10 18 0 4 3 -3 0
10 19 0 8 0 0 0
10 20 0 16 3 -4 0
10 21 0 30 0 0 0
10 22 0 50 4 -4 0
10 23 0 88 0 0 0
10 24 0 138 0 0 0
10 25 0 210 5 -5 0
10 26 0 308 0 0 0
10 27 0 437 6 -6 0
10 28 0 605 0 0 0
10 29 0 818 7 -8 0
10 30 0 1084 0 0 0
10 31 0 1420 8 -9 0
10 32 0 1828 0 0 0
10 33 0 2333 9 -11 0
10 34 0 2932 0 0 0
10 35 0 3677 10 -13 0
10 36 0 4586 0 0 0
10 37 0 5655 12 -16 0
10 38 0 6890 0 0 0
10 39 0 8271 13 -19 0
10 40 0 9795 0 0 0
10 41 0 11428 15 -22 0
10 42 0 13105 0 0 0
10 43 0 14820 16 -26 0
10 44 0 16561 0 0 0
10 45 0 18315 17 -30 0
10 46 0 20084 0 0 0
10 47 0 21820 18 -35 0
10 48 0 23453 0 0 0
10 49 0 24913 18 -40 0
10 50 0 26106 0 0 0
10 51 0 26989 18 -45 0
10 52 0 27560 0 0 0
10 53 0 27917 17 -50 0
10 54 0 28190 0 0 0
10 55 0 28568 15 -54 0
10 56 0 29249 0 0 0
10 57 0 30450 13 -58 0
10 58 0 32319 10 -62 0
10 59 0 34976 0 0 0
10 60 0 38326 7 -65 0
10 61 0 42320 0 0 0
10 62 0 46956 0 0 0
10 63 0 52417 3 -66 0
10 64 0 58528 0 0 0
10 65 0 64060 0 -67 0
10 66 0 68202 0 0 0
10 67 0 72887 -4 -66 0
10 68 0 80521 0 0 0
10 69 0 88823 -8 -65 0
10 70 0 91471 0 0 0
10 71 0 82270 -12 -62 0
10 72 0 62352 0 0 0
10 73 0 41049 -15 -58 0
10 74 0 25185 0 0 0
10 75 0 15222 -18 -53 0
10 76 0 8975 0 0 0
10 77 0 4819 -20 -47 0
10 78 0 2269 0 0 0
10 79 0 987 -22 -41 0
10 80 0 417 0 0 0
10 81 0 179 -22 -35 0
10 82 0 85 0 0 0
10 83 0 41 -22 -29 0
10 84 0 22 0 0 0
10 85 0 10 -21 -24 0
10 86 0 5 0 0 0
10 87 0 2 -20 -19 0
10 89 0 0 -18 -14 0
10 91 0 0 -17 -10 0
10 93 0 0 -16 -7 0
10 95 0 0 -15 -4 0
10 96 0 0 -14 0 0
10 97 0 0 -14 0 4
11 2 0 0 1 0 0
11 3 0 0 1 0 0
11 17 0 1 0 0 0
11 18 0 3 0 0 0
11 19 0 6 0 0 0
11 20 0 13 0 0 0
11 21 0 24 0 0 0
11 22 0 44 0 0 0
11 23 0 72 0 0 0
11 24 0 114 0 0 0
11 25 0 175 0 0 0
11 26 0 258 0 0 0
11 27 0 369 0 0 0
11 28 0 514 0 0 0
11 29 0 700 0 0 0
11 30 0 933 0 0 0
11 31 0 1230 0 0 0
11 32 0 1594 0 0 0
11 33 0 2047 0 0 0
11 34 0 2592 0 0 0
11 35 0 3272 0 0 0
11 36 0 4107 0 0 0
11 37 0 5096 0 0 0
11 38 0 6246 0 0 0
11 39 0 7536 0 0 0
11 40 0 8967 0 0 0
11 41 0 10501 0 0 0
11 42 0 12084 0 0 0
11 43 0 13710 0 0 0
11 44 0 15365 0 0 0
11 45 0 17043 0 0 0
11 46 0 18744 0 0 0
11 47 0 20421 0 0 0
11 48 0 22015 0 0 0
11 49 0 23452 0 0 0
11 50 0 24641 0 0 0
11 51 0 25528 0 0 0
11 52 0 26107 0 0 0
11 53 0 26434 0 0 0
11 54 0 26637 0 0 0
11 55 0 26881 0 0 0
11 56 0 27358 0 0 0
11 57 0 28272 0 0 0
11 58 0 29760 0 0 0
11 59 0 31894 0 0 0
11 60 0 34576 0 0 0
11 61 0 37731 0 0 0
11 62 0 41319 0 0 0
11 63 0 45354 0 0 0
11 64 0 49473 0 0 0
11 65 0 52527 0 0 0
11 66 0 53780 0 0 0
11 67 0 54555 0 0 0
11 68 0 56706 0 0 0
11 69 0 58792 0 0 0
11 70 0 56924 0 0 0
11 71 0 49312 0 0 0
11 72 0 38101 0 0 0
11 73 0 26835 0 0 0
11 74 0 17721 0 0 0
11 75 0 11266 0 0 0
11 76 0 6820 0 0 0
11 77 0 3760 0 0 0
11 78 0 1853 0 0 0
11 79 0 848 0 0 0
11 80 0 373 0 0 0
11 81 0 164 0 0 0
11 82 0 78 0 0 0
11 83 0 37 0 0 0
11 84 0 20 0 0 0
11 85 0 10 0 0 0
11 86 0 4 0 0 0
11 87 0 2 0 0 0
11 96 0 0 -17 -4 0
11 97 0 0 -16 0 -5
12 2 0 0 1 0 0
12 3 0 0 1 0 0
12 4 0 0 1 0 0
12 6 0 0 2 0 0
12 8 0 0 2 0 0
12 10 0 0 2 -1 0
12 12 0 0 2 -1 0
12 14 0 0 3 -1 0
12 16 0 0 3 -2 0
12 17 0 1 0 0 0
12 18 0 2 3 -2 0
12 19 0 4 0 0 0
12 20 0 10 4 -3 0
12 21 0 20 0 0 0
12 22 0 35 5 -4 0
12 23 0 58 0 0 0
12 24 0 93 6 -4 0
12 25 0 143 0 0 0
12 26 0 213 0 0 0
12 27 0 307 7 -5 0
12 28 0 432 0 0 0
12 29 0 593 8 -7 0
12 30 0 796 0 0 0
12 31 0 1057 9 -8 0
12 32 0 1380 0 0 0
12 33 0 1784 11 -10 0
12 34 0 2280 0 0 0
12 35 0 2889 13 -12 0
12 36 0 3647 0 0 0
12 37 0 4548 15 -14 0
12 38 0 5602 0 0 0
12 39 0 6788 16 -17 0
12 40 0 8110 0 0 0
12 41 0 9532 18 -21 0
12 42 0 11010 0 0 0
12 43 0 12537 20 -25 0
12 44 0 14102 0 0 0
12 45 0 15702 22 -29 0
12 46 0 17334 0 0 0
12 47 0 18954 23 -34 0
12 48 0 20506 0 0 0
12 49 0 21916 23 -40 0
12 50 0 23097 0 0 0
12 51 0 23985 23 -45 0
12 52 0 24566 0 0 0
12 53 0 24869 22 -51 0
12 54 0 25001 0 0 0
12 55 0 25101 20 -56 0
12 56 0 25347 0 0 0
12 57 0 25921 17 -61 0
12 58 0 26956 13 -65 0
12 59 0 28500 0 0 0
12 60 0 30465 9 -69 0
12 61 0 32741 0 0 0
12 62 0 35225 4 -71 0
12 63 0 37787 0 0 0
12 64 0 40025 0 0 0
12 65 0 41092 0 -72 0
12 66 0 40559 0 0 0
12 67 0 39338 -5 -71 0
12 68 0 38638 0 0 0
12 69 0 37703 -11 -69 0
12 70 0 34727 0 0 0
12 71 0 29655 -16 -66 0
12 72 0 23798 0 0 0
12 73 0 17928 -20 -61 0
12 74 0 12432 0 0 0
12 75 0 7916 -24 -56 0
12 76 0 4687 0 0 0
12 77 0 2589 -27 -49 0
12 78 0 1329 0 0 0
12 79 0 642 -28 -42 0
12 80 0 297 0 0 0
12 81 0 135 -29 -35 0
12 82 0 65 0 0 0
12 83 0 31 -28 -28 0
12 84 0 17 0 0 0
12 85 0 8 -26 -22 0
12 86 0 3 0 0 0
12 87 0 1 -24 -17 0
12 89 0 0 -22 -12 0
12 91 0 0 -20 -9 0
12 93 0 0 -19 -6 0
12 95 0 0 -18 -3 0
12 96 0 0 -18 0 0
12 97 0 0 -17 0 5
13 2 0 0 1 0 0
13 3 0 0 2 0 0
13 17 0 0 0 0 0
13 18 0 1 0 0 0
13 19 0 3 0 0 0
13 20 0 7 0 0 0
13 21 0 16 0 0 0
13 22 0 27 0 0 0
13 23 0 45 0 0 0
13 24 0 74 0 0 0
13 25 0 115 0 0 0
13 26 0 173 0 0 0
13 27 0 253 0 0 0
13 28 0 359 0 0 0
13 29 0 498 0 0 0
13 30 0 675 0 0 0
13 31 0 904 0 0 0
13 32 0 1189 0 0 0
13 33 0 1547 0 0 0
13 34 0 1990 0 0 0
13 35 0 2537 0 0 0
13 36 0 3217 0 0 0
13 37 0 4029 0 0 0
13 38 0 4982 0 0 0
13 39 0 6057 0 0 0
13 40 0 7264 0 0 0
13 41 0 8564 0 0 0
13 42 0 9930 0 0 0
13 43 0 11354 0 0 0
13 44 0 12827 0 0 0
13 45 0 14348 0 0 0
13 46 0 15912 0 0 0
13 47 0 17472 0 0 0
13 48 0 18977 0 0 0
13 49 0 20348 0 0 0
13 50 0 21504 0 0 0
13 51 0 22371 0 0 0
13 52 0 22931 0 0 0
13 53 0 23189 0 0 0
13 54 0 23230 0 0 0
13 55 0 23166 0 0 0
13 56 0 23161 0 0 0
13 57 0 23375 0 0 0
13 58 0 23942 0 0 0
13 59 0 24897 0 0 0
13 60 0 26169 0 0 0
13 61 0 27627 0 0 0
13 62 0 29107 0 0 0
13 63 0 30395 0 0 0
13 64 0 31124 0 0 0
13 65 0 30772 0 0 0
13 66 0 29183 0 0 0
13 67 0 27013 0 0 0
13 68 0 25090 0 0 0
13 69 0 23283 0 0 0
13 70 0 20984 0 0 0
13 71 0 18268 0 0 0
13 72 0 15412 0 0 0
13 73 0 12221 0 0 0
13 74 0 8683 0 0 0
13 75 0 5454 0 0 0
13 76 0 3128 0 0 0
13 77 0 1708 0 0 0
13 78 0 895 0 0 0
13 79 0 448 0 0 0
13 80 0 216 0 0 0
13 81 0 102 0 0 0
13 82 0 50 0 0 0
13 83 0 24 0 0 0
13 84 0 13 0 0 0
13 85 0 6 0 0 0
13 86 0 3 0 0 0
13 87 0 1 0 0 0
13 96 0 0 -19 -4 0
13 97 0 0 -18 0 -5
14 2 0 0 2 0 0
14 3 0 0 2 0 0
14 4 0 0 2 0 0
14 6 0 0 2 0 0
14 8 0 0 2 0 0
14 10 0 0 2 0 0
14 12 0 0 2 -1 0
14 14 0 0 3 -1 0
14 16 0 0 3 -1 0
14 17 0 0 0 0 0
14 18 0 1 4 -2 0
14 19 0 2 0 0 0
14 20 0 5 5 -2 0
14 21 0 12 0 0 0
14 22 0 20 6 -3 0
14 23 0 35 0 0 0
14 24 0 58 7 -3 0
14 25 0 91 0 0 0
14 26 0 139 0 0 0
14 27 0 206 8 -4 0
14 28 0 296 0 0 0
14 29 0 414 9 -5 0
14 30 0 568 0 0 0
14 31 0 767 11 -6 0
14 32 0 1019 0 0 0
14 33 0 1335 13 -8 0
14 34 0 1729 0 0 0
14 35 0 2217 15 -10 0
14 36 0 2822 0 0 0
14 37 0 3546 17 -12 0
14 38 0 4399 0 0 0
14 39 0 5364 20 -15 0
14 40 0 6449 0 0 0
14 41 0 7630 22 -19 0
14 42 0 8882 0 0 0
14 43 0 10202 25 -23 0
14 44 0 11584 0 0 0
14 45 0 13025 26 -28 0
14 46 0 14517 0 0 0
14 47 0 16011 28 -33 0
14 48 0 17455 0 0 0
14 49 0 18770 29 -40 0
14 50 0 19874 0 0 0
14 51 0 20690 29 -46 0
14 52 0 21193 0 0 0
14 53 0 21372 28 -53 0
14 54 0 21297 0 0 0
14 55 0 21056 25 -59 0
14 56 0 20803 0 0 0
14 57 0 20678 22 -65 0
14 58 0 20815 17 -70 0
14 59 0 21246 0 0 0
14 60 0 21920 12 -74 0
14 61 0 22703 0 0 0
14 62 0 23404 6 -76 0
14 63 0 23777 0 0 0
14 64 0 23523 0 0 0
14 65 0 22358 0 -77 0
14 66 0 20307 0 0 0
14 67 0 17872 -7 -77 0
14 68 0 15688 0 0 0
14 69 0 13979 -13 -75 0
14 70 0 12601 0 0 0
14 71 0 11378 -20 -71 0
14 72 0 10032 0 0 0
14 73 0 8194 -26 -66 0
14 74 0 5882 0 0 0
14 75 0 3671 -30 -59 0
14 76 0 2073 0 0 0
14 77 0 1119 -34 -52 0
14 78 0 588 0 0 0
14 79 0 298 -36 -43 0
14 80 0 148 0 0 0
14 81 0 72 -36 -35 0
14 82 0 35 0 0 0
14 83 0 17 -35 -27 0
14 84 0 9 0 0 0
14 85 0 4 -32 -20 0
14 86 0 2 0 0 0
14 87 0 0 -29 -15 0
14 89 0 0 -26 -10 0
14 91 0 0 -24 -7 0
14 93 0 0 -22 -4 0
14 95 0 0 -20 -2 0
14 96 0 0 -20 1 0
14 97 0 0 -20 0 5
15 2 0 0 2 0 0
15 3 0 0 2 0 0
15 17 0 0 0 0 0
15 18 0 0 0 0 0
15 19 0 1 0 0 0
15 20 0 4 0 0 0
15 21 0 8 0 0 0
15 22 0 15 0 0 0
15 23 0 26 0 0 0
15 24 0 44 0 0 0
15 25 0 71 0 0 0
15 26 0 110 0 0 0
15 27 0 165 0 0 0
15 28 0 241 0 0 0
15 29 0 341 0 0 0
15 30 0 474 0 0 0
15 31 0 647 0 0 0
15 32 0 867 0 0 0
15 33 0 1145 0 0 0
15 34 0 1493 0 0 0
15 35 0 1925 0 0 0
15 36 0 2461 0 0 0
15 37 0 3103 0 0 0
15 38 0 3860 0 0 0
15 39 0 4718 0 0 0
15 40 0 5689 0 0 0
15 41 0 6753 0 0 0
15 42 0 7894 0 0 0
15 43 0 9112 0 0 0
15 44 0 10402 0 0 0
15 45 0 11760 0 0 0
15 46 0 13173 0 0 0
15 47 0 14588 0 0 0
15 48 0 15953 0 0 0
15 49 0 17185 0 0 0
15 50 0 18204 0 0 0
15 51 0 18931 0 0 0
15 52 0 19340 0 0 0
15 53 0 19409 0 0 0
15 54 0 19201 0 0 0
15 55 0 18789 0 0 0
15 56 0 18316 0 0 0
15 57 0 17911 0 0 0
15 58 0 17700 0 0 0
15 59 0 17717 0 0 0
15 60 0 17931 0 0 0
15 61 0 18222 0 0 0
15 62 0 18410 0 0 0
15 63 0 18258 0 0 0
15 64 0 17529 0 0 0
15 65 0 16079 0 0 0
15 66 0 14034 0 0 0
15 67 0 11819 0 0 0
15 68 0 9939 0 0 0
15 69 0 8663 0 0 0
15 70 0 7903 0 0 0
15 71 0 7338 0 0 0
15 72 0 6583 0 0 0
15 73 0 5388 0 0 0
15 74 0 3860 0 0 0
15 75 0 2411 0 0 0
15 76 0 1359 0 0 0
15 77 0 729 0 0 0
15 78 0 378 0 0 0
15 79 0 191 0 0 0
15 80 0 95 0 0 0
15 81 0 47 0 0 0
15 82 0 23 0 0 0
15 83 0 11 0 0 0
15 84 0 6 0 0 0
15 85 0 3 0 0 0
15 86 0 1 0 0 0
15 87 0 0 0 0 0
15 96 0 0 -21 -4 0
15 97 0 0 -20 0 -6
16 2 0 0 2 0 0
16 3 0 0 2 0 0
16 4 0 0 2 0 0
16 6 0 0 2 0 0
16 8 0 0 2 0 0
16 10 0 0 2 0 0
16 12 0 0 3 0 0
16 14 0 0 3 0 0
16 16 0 0 4 -1 0
16 17 0 0 0 0 0
16 18 0 0 4 -1 0
16 19 0 1 0 0 0
16 20 0 2 5 -1 0
16 21 0 6 0 0 0
16 22 0 11 6 -2 0
16 23 0 19 0 0 0
16 24 0 33 7 -2 0
16 25 0 54 0 0 0
16 26 0 85 0 0 0
16 27 0 130 9 -3 0
16 28 0 193 0 0 0
16 29 0 278 10 -3 0
16 30 0 391 0 0 0
16 31 0 540 12 -4 0
16 32 0 732 0 0 0
16 33 0 976 15 -6 0
16 34 0 1283 0 0 0
16 35 0 1663 17 -7 0
16 36 0 2136 0 0 0
16 37 0 2702 20 -10 0
16 38 0 3371 0 0 0
16 39 0 4131 23 -12 0
16 40 0 4994 0 0 0
16 41 0 5949 26 -16 0
16 42 0 6985 0 0 0
16 43 0 8104 29 -20 0
16 44 0 9302 0 0 0
16 45 0 10571 32 -26 0
16 46 0 11894 0 0 0
16 47 0 13214 34 -32 0
16 48 0 14475 0 0 0
16 49 0 15597 36 -39 0
16 50 0 16499 0 0 0
16 51 0 17105 36 -47 0
16 52 0 17392 0 0 0
16 53 0 17335 35 -55 0
16 54 0 16994 0 0 0
16 55 0 16435 32 -62 0
16 56 0 15794 0 0 0
16 57 0 15186 28 -69 0
16 58 0 14730 22 -75 0
16 59 0 14461 0 0 0
16 60 0 14364 16 -80 0
16 61 0 14343 0 0 0
16 62 0 14240 8 -83 0
16 63 0 13850 0 0 0
16 64 0 12986 0 0 0
16 65 0 11575 0 -85 0
16 66 0 9780 0 0 0
16 67 0 7970 -8 -85 0
16 68 0 6538 0 0 0
16 69 0 5677 -17 -82 0
16 70 0 5263 0 0 0
16 71 0 4952 -25 -78 0
16 72 0 4424 0 0 0
16 73 0 3564 -32 -72 0
16 74 0 2524 0 0 0
16 75 0 1572 -38 -64 0
16 76 0 883 0 0 0
16 77 0 466 -43 -55 0
16 78 0 235 0 0 0
16 79 0 116 -45 -44 0
16 80 0 57 0 0 0
16 81 0 28 -45 -34 0
16 82 0 14 0 0 0
16 83 0 7 -43 -25 0
16 84 0 3 0 0 0
16 85 0 1 0 0 0
16 86 0 0 0 0 0
16 87 0 0 0 0 0
16 96 0 0 -22 2 0
16 97 0 0 -21 0 6
17 2 0 0 2 0 0
17 3 0 0 2 0 0
17 17 0 0 0 0 0
17 18 0 0 0 0 0
17 19 0 0 0 0 0
17 20 0 1 0 0 0
17 21 0 4 0 0 0
17 22 0 7 0 0 0
17 23 0 14 0 0 0
17 24 0 24 0 0 0
17 25 0 40 0 0 0
17 26 0 64 0 0 0
17 27 0 101 0 0 0
17 28 0 152 0 0 0
17 29 0 223 0 0 0
17 30 0 319 0 0 0
17 31 0 445 0 0 0
17 32 0 611 0 0 0
17 33 0 824 0 0 0
17 34 0 1094 0 0 0
17 35 0 1430 0 0 0
17 36 0 1848 0 0 0
17 37 0 2349 0 0 0
17 38 0 2940 0 0 0
17 39 0 3614 0 0 0
17 40 0 4381 0 0 0
17 41 0 5237 0 0 0
17 42 0 6174 0 0 0
17 43 0 7198 0 0 0
17 44 0 8302 0 0 0
17 45 0 9474 0 0 0
17 46 0 10693 0 0 0
17 47 0 11900 0 0 0
17 48 0 13034 0 0 0
17 49 0 14021 0 0 0
17 50 0 14782 0 0 0
17 51 0 15249 0 0 0
17 52 0 15401 0 0 0
17 53 0 15222 0 0 0
17 54 0 14767 0 0 0
17 55 0 14101 0 0 0
17 56 0 13350 0 0 0
17 57 0 12616 0 0 0
17 58 0 12008 0 0 0
17 59 0 11562 0 0 0
17 60 0 11273 0 0 0
17 61 0 11068 0 0 0
17 62 0 10820 0 0 0
17 63 0 10362 0 0 0
17 64 0 9547 0 0 0
17 65 0 8335 0 0 0
17 66 0 6876 0 0 0
17 67 0 5462 0 0 0
17 68 0 4384 0 0 0
17 69 0 3769 0 0 0
17 70 0 3496 0 0 0
17 71 0 3285 0 0 0
17 72 0 2905 0 0 0
17 73 0 2305 0 0 0
17 74 0 1611 0 0 0
17 75 0 994 0 0 0
17 76 0 549 0 0 0
17 77 0 282 0 0 0
17 78 0 137 0 0 0
17 79 0 65 0 0 0
17 80 0 32 0 0 0
17 81 0 15 0 0 0
17 82 0 7 0 0 0
17 83 0 3 0 0 0
17 84 0 2 0 0 0
17 85 0 1 -38 -17 0
17 86 0 0 0 0 0
17 87 0 0 -34 -11 0
17 89 0 0 -30 -7 0
17 91 0 0 -26 -4 0
17 93 0 0 -23 -2 0
17 95 0 0 -21 -1 0
17 96 0 0 -23 -3 0
17 97 0 0 -22 0 -6
18 2 0 0 2 0 0
18 3 0 0 2 0 0
18 6 0 0 2 0 0
18 8 0 0 2 0 0
18 10 0 0 2 0 0
18 12 0 0 3 0 0
18 14 0 0 3 0 0
18 16 0 0 4 0 0
18 17 0 0 0 0 0
18 18 0 0 5 0 0
18 19 0 0 0 0 0
18 20 0 1 5 0 0
18 21 0 3 0 0 0
18 22 0 5 6 0 0
18 23 0 9 0 0 0
18 24 0 17 0 0 0
18 25 0 29 8 -1 0
18 26 0 47 0 0 0
18 27 0 77 9 -1 0
18 28 0 118 0 0 0
18 29 0 176 11 -1 0
18 30 0 257 0 0 0
18 31 0 364 13 -2 0
18 32 0 507 0 0 0
18 33 0 692 16 -3 0
18 34 0 931 0 0 0
18 35 0 1227 19 -4 0
18 36 0 1596 0 0 0
18 37 0 2040 22 -6 0
18 38 0 2564 0 0 0
18 39 0 3162 26 -9 0
18 40 0 3844 0 0 0
18 41 0 4609 30 -12 0
18 42 0 5454 0 0 0
18 43 0 6384 34 -17 0
18 44 0 7390 0 0 0
18 45 0 8458 38 -23 0
18 46 0 9560 0 0 0
18 47 0 10639 42 -30 0
18 48 0 11633 0 0 0
18 49 0 12470 43 -38 0
18 50 0 13081 0 0 0
18 51 0 13406 44 -47 0
18 52 0 13431 0 0 0
18 53 0 13148 43 -57 0
18 54 0 12613 0 0 0
18 55 0 11886 40 -66 0
18 56 0 11082 0 0 0
18 57 0 10292 35 -74 0
18 58 0 9608 28 -82 0
18 59 0 9070 0 0 0
18 60 0 8677 20 -88 0
18 61 0 8375 0 0 0
18 62 0 8065 11 -92 0
18 63 0 7617 0 0 0
18 64 0 6922 0 0 0
18 65 0 5955 1 -94 0
18 66 0 4829 0 0 0
18 67 0 3752 -9 -94 0
18 68 0 2926 0 0 0
18 69 0 2433 -20 -92 0
18 70 0 2189 0 0 0
18 71 0 2010 -30 -87 0
18 72 0 1750 0 0 0
18 73 0 1372 -40 -79 0
18 74 0 951 0 0 0
18 75 0 583 -48 -70 0
18 76 0 318 0 0 0
18 77 0 160 -54 -58 0
18 78 0 74 0 0 0
18 79 0 34 0 0 0
18 80 0 16 0 0 0
18 81 0 8 0 0 0
18 82 0 3 0 0 0
18 83 0 2 0 0 0
18 84 0 1 0 0 0
18 85 0 0 0 0 0
18 86 0 0 0 0 0
18 87 0 0 0 0 0
18 96 0 0 -23 3 0
18 97 0 0 -22 0 6
19 2 0 0 2 0 0
19 3 0 0 2 0 0
19 4 0 0 2 0 0
19 17 0 0 0 0 0
19 18 0 0 0 0 0
19 19 0 0 0 0 0
19 20 0 0 0 0 0
19 21 0 2 0 0 0
19 22 0 3 0 0 0
19 23 0 7 0 0 0
19 24 0 12 0 0 0
19 25 0 21 0 0 0
19 26 0 35 0 0 0
19 27 0 58 0 0 0
19 28 0 91 0 0 0
19 29 0 138 0 0 0
19 30 0 206 0 0 0
19 31 0 297 0 0 0
19 32 0 420 0 0 0
19 33 0 582 0 0 0
19 34 0 793 0 0 0
19 35 0 1057 0 0 0
19 36 0 1384 0 0 0
19 37 0 1780 0 0 0
19 38 0 2246 0 0 0
19 39 0 2778 0 0 0
19 40 0 3384 0 0 0
19 41 0 4067 0 0 0
19 42 0 4823 0 0 0
19 43 0 5659 0 0 0
19 44 0 6563 0 0 0
19 45 0 7518 0 0 0
19 46 0 8494 0 0 0
19 47 0 9433 0 0 0
19 48 0 10278 0 0 0
19 49 0 10962 0 0 0
19 50 0 11426 0 0 0
19 51 0 11621 0 0 0
19 52 0 11540 0 0 0
19 53 0 11185 0 0 0
19 54 0 10608 0 0 0
19 55 0 9866 0 0 0
19 56 0 9059 0 0 0
19 57 0 8265 0 0 0
19 58 0 7562 0 0 0
19 59 0 6988 0 0 0
19 60 0 6548 0 0 0
19 61 0 6201 0 0 0
19 62 0 5875 0 0 0
19 63 0 5473 0 0 0
19 64 0 4918 0 0 0
19 65 0 4191 0 0 0
19 66 0 3367 0 0 0
19 67 0 2578 0 0 0
19 68 0 1952 0 0 0
19 69 0 1540 0 0 0
19 70 0 1299 0 0 0
19 71 0 1129 0 0 0
19 72 0 947 0 0 0
19 73 0 727 0 0 0
19 74 0 498 0 0 0
19 75 0 303 0 0 0
19 76 0 163 0 0 0
19 77 0 81 0 0 0
19 78 0 36 0 0 0
19 79 0 16 -56 -45 0
19 80 0 8 0 0 0
19 81 0 3 -56 -33 0
19 82 0 1 0 0 0
19 83 0 0 -53 -20 0
19 84 0 0 0 0 0
19 85 0 0 -46 -12 0
19 86 0 0 0 0 0
19 87 0 0 -39 -6 0
19 89 0 0 -33 -2 0
19 91 0 0 -28 -1 0
19 93 0 0 -25 0 0
19 95 0 0 -22 0 0
19 96 0 0 -23 -3 0
19 97 0 0 -22 0 -6
20 2 0 0 2 0 0
20 3 0 0 2 0 0
20 10 0 0 3 0 0
20 12 0 0 3 0 0
20 14 0 0 3 0 0
20 16 0 0 4 0 0
20 17 0 0 0 0 0
20 18 0 0 5 0 0
20 19 0 0 0 0 0
20 20 0 0 5 0 0
20 21 0 1 0 0 0
20 22 0 2 6 0 0
20 23 0 4 0 0 0
20 24 0 8 0 0 0
20 25 0 15 8 0 0
20 26 0 24 0 0 0
20 27 0 43 9 0 0
20 28 0 69 0 0 0
20 29 0 107 11 0 0
20 30 0 164 0 0 0
20 31 0 241 14 0 0
20 32 0 347 0 0 0
20 33 0 489 17 0 0
20 34 0 676 0 0 0
20 35 0 912 20 -1 0
20 36 0 1204 0 0 0
20 37 0 1559 24 -2 0
20 38 0 1974 0 0 0
20 39 0 2449 29 -5 0
20 40 0 2988 0 0 0
20 41 0 3595 34 -8 0
20 42 0 4268 0 0 0
20 43 0 5010 40 -12 0
20 44 0 5809 0 0 0
20 45 0 6647 45 -19 0
20 46 0 7492 0 0 0
20 47 0 8292 50 -27 0
20 48 0 8990 0 0 0
20 49 0 9530 53 -37 0
20 50 0 9862 0 0 0
20 51 0 9951 54 -47 0
20 52 0 9793 0 0 0
20 53 0 9398 53 -59 0
20 54 0 8814 0 0 0
20 55 0 8094 50 -70 0
20 56 0 7321 0 0 0
20 57 0 6563 44 -81 0
20 58 0 5880 36 -90 0
20 59 0 5310 0 0 0
20 60 0 4858 26 -97 0
20 61 0 4500 0 0 0
20 62 0 4183 15 -103 0
20 63 0 3840 0 0 0
20 64 0 3418 2 -106 0
20 65 0 2900 0 0 0
20 66 0 2328 0 0 0
20 67 0 1776 -10 -106 0
20 68 0 1316 0 0 0
20 69 0 986 -24 -104 0
20 70 0 765 0 0 0
20 71 0 609 -37 -98 0
20 72 0 479 0 0 0
20 73 0 353 -49 -89 0
20 74 0 236 0 0 0
20 75 0 142 -59 -78 0
20 76 0 76 0 0 0
20 77 0 37 0 0 0
20 78 0 16 0 0 0
20 79 0 7 0 0 0
20 80 0 3 0 0 0
20 81 0 1 0 0 0
20 82 0 0 0 0 0
20 83 0 0 0 0 0
20 84 0 0 0 0 0
20 85 0 0 0 0 0
20 86 0 0 0 0 0
20 87 0 0 0 0 0
20 96 0 0 -23 4 0
20 97 0 0 -21 0 6
21 2 0 0 2 0 0
21 3 0 0 2 0 0
21 4 0 0 2 0 0
21 6 0 0 2 0 0
21 8 0 0 2 0 0
21 17 0 0 0 0 0
21 18 0 0 0 0 0
21 19 0 0 0 0 0
21 20 0 0 0 0 0
21 21 0 0 0 0 0
21 22 0 1 0 0 0
21 23 0 3 0 0 0
21 24 0 5 0 0 0
21 25 0 10 0 0 0
21 26 0 17 0 0 0
21 27 0 31 0 0 0
21 28 0 52 0 0 0
21 29 0 82 0 0 0
21 30 0 130 0 0 0
21 31 0 194 0 0 0
21 32 0 286 0 0 0
21 33 0 410 0 0 0
21 34 0 577 0 0 0
21 35 0 788 0 0 0
21 36 0 1049 0 0 0
21 37 0 1366 0 0 0
21 38 0 1737 0 0 0
21 39 0 2160 0 0 0
21 40 0 2638 0 0 0
21 41 0 3174 0 0 0
21 42 0 3766 0 0 0
21 43 0 4417 0 0 0
21 44 0 5112 0 0 0
21 45 0 5834 0 0 0
21 46 0 6552 0 0 0
21 47 0 7217 0 0 0
21 48 0 7781 0 0 0
21 49 0 8196 0 0 0
21 50 0 8420 0 0 0
21 51 0 8430 0 0 0
21 52 0 8225 0 0 0
21 53 0 7820 0 0 0
21 54 0 7257 0 0 0
21 55 0 6584 0 0 0
21 56 0 5869 0 0 0
21 57 0 5167 0 0 0
21 58 0 4529 0 0 0
21 59 0 3987 0 0 0
21 60 0 3549 0 0 0
21 61 0 3201 0 0 0
21 62 0 2909 0 0 0
21 63 0 2629 0 0 0
21 64 0 2321 0 0 0
21 65 0 1971 0 0 0
21 66 0 1595 0 0 0
21 67 0 1229 0 0 0
21 68 0 911 0 0 0
21 69 0 663 0 0 0
21 70 0 480 0 0 0
21 71 0 346 0 0 0
21 72 0 246 0 0 0
21 73 0 167 0 0 0
21 74 0 105 0 0 0
21 75 0 60 0 0 0
21 76 0 30 0 0 0
21 77 0 14 -67 -63 0
21 78 0 5 0 0 0
21 79 0 2 -70 -47 0
21 80 0 0 0 0 0
21 81 0 0 -70 -31 0
21 82 0 0 0 0 0
21 83 0 0 -64 -14 0
21 84 0 0 0 0 0
21 85 0 0 -52 -4 0
21 87 0 0 -44 1 0
21 89 0 0 -35 3 0
21 91 0 0 -29 3 0
21 93 0 0 -25 3 0
21 95 0 0 -22 2 0
21 96 0 0 -22 -2 0
21 97 0 0 -21 0 -6
22 2 0 0 2 0 0
22 3 0 0 2 0 0
22 17 0 0 0 0 0
22 18 0 0 0 0 0
22 19 0 0 0 0 0
22 20 0 0 0 0 0
22 21 0 0 0 0 0
22 22 0 1 0 0 0
22 23 0 2 0 0 0
22 24 0 3 0 0 0
22 25 0 6 0 0 0
22 26 0 11 0 0 0
22 27 0 23 0 0 0
22 28 0 38 0 0 0
22 29 0 63 0 0 0
22 30 0 103 0 0 0
22 31 0 158 0 0 0
22 32 0 237 0 0 0
22 33 0 345 0 0 0
22 34 0 494 0 0 0
22 35 0 681 0 0 0
22 36 0 914 0 0 0
22 37 0 1198 0 0 0
22 38 0 1529 0 0 0
22 39 0 1905 0 0 0
22 40 0 2328 0 0 0
22 41 0 2799 0 0 0
22 42 0 3315 0 0 0
22 43 0 3879 0 0 0
22 44 0 4475 0 0 0
22 45 0 5086 0 0 0
22 46 0 5683 0 0 0
22 47 0 6225 0 0 0
22 48 0 6670 0 0 0
22 49 0 6979 0 0 0
22 50 0 7121 0 0 0
22 51 0 7077 0 0 0
22 52 0 6851 0 0 0
22 53 0 6459 0 0 0
22 54 0 5937 0 0 0
22 55 0 5325 0 0 0
22 56 0 4681 0 0 0
22 57 0 4050 0 0 0
22 58 0 3471 0 0 0
22 59 0 2975 0 0 0
22 60 0 2570 0 0 0
22 61 0 2247 0 0 0
22 62 0 1989 0 0 0
22 63 0 1765 0 0 0
22 64 0 1547 0 0 0
22 65 0 1321 0 0 0
22 66 0 1087 0 0 0
22 67 0 857 -11 -121 0
22 68 0 647 0 0 0
22 69 0 472 -28 -119 0
22 70 0 333 0 0 0
22 71 0 225 -45 -112 0
22 72 0 147 0 0 0
22 73 0 92 0 0 0
22 74 0 53 0 0 0
22 75 0 29 0 0 0
22 76 0 14 0 0 0
22 77 0 6 0 0 0
22 78 0 1 0 0 0
22 79 0 0 0 0 0
22 80 0 0 0 0 0
22 81 0 0 0 0 0
22 96 0 0 -21 4 0
22 97 0 0 -20 0 6
23 2 0 0 2 0 0
23 3 0 0 2 0 0
23 4 0 0 2 0 0
23 6 0 0 2 0 0
23 8 0 0 2 0 0
23 10 0 0 2 0 0
23 12 0 0 3 0 0
23 14 0 0 3 0 0
23 16 0 0 4 0 0
23 18 0 0 4 0 0
23 20 0 0 5 1 0
23 21 0 0 0 0 0
23 22 0 0 0 0 0
23 23 0 1 6 1 0
23 24 0 2 0 0 0
23 25 0 3 8 1 0
23 26 0 7 0 0 0
23 27 0 16 9 2 0
23 28 0 28 0 0 0
23 29 0 48 11 2 0
23 30 0 81 0 0 0
23 31 0 128 14 2 0
23 32 0 196 0 0 0
23 33 0 291 17 2 0
23 34 0 422 0 0 0
23 35 0 588 21 2 0
23 36 0 795 0 0 0
23 37 0 1047 26 1 0
23 38 0 1340 0 0 0
23 39 0 1673 32 0 0
23 40 0 2045 0 0 0
23 41 0 2456 38 -2 0
23 42 0 2904 0 0 0
23 43 0 3388 45 -6 0
23 44 0 3892 0 0 0
23 45 0 4402 52 -12 0
23 46 0 4891 0 0 0
23 47 0 5325 60 -22 0
23 48 0 5670 0 0 0
23 49 0 5896 64 -34 0
23 50 0 5977 0 0 0
23 51 0 5901 67 -47 0
23 52 0 5674 0 0 0
23 53 0 5309 66 -61 0
23 54 0 4838 0 0 0
23 55 0 4295 62 -75 0
23 56 0 3726 0 0 0
23 57 0 3170 55 -88 0
23 58 0 2657 45 -100 0
23 59 0 2216 0 0 0
23 60 0 1853 34 -109 0
23 61 0 1566 0 0 0
23 62 0 1344 20 -116 0
23 63 0 1168 0 0 0
23 64 0 1017 4 -120 0
23 65 0 876 0 0 0
23 66 0 736 0 0 0
23 67 0 597 0 0 0
23 68 0 464 0 0 0
23 69 0 346 0 0 0
23 70 0 244 0 0 0
23 71 0 162 0 0 0
23 72 0 101 0 0 0
23 73 0 60 -61 -102 0
23 74 0 33 0 0 0
23 75 0 17 -73 -88 0
23 76 0 8 0 0 0
23 77 0 3 -84 -69 0
23 78 0 0 0 0 0
23 79 0 0 -88 -48 0
23 80 0 0 0 0 0
23 81 0 0 -89 -26 0
23 83 0 0 -80 -3 0
23 85 0 0 -61 8 0
23 87 0 0 -48 11 0
23 89 0 0 -36 10 0
23 91 0 0 -28 9 0
23 93 0 0 -23 6 0
23 95 0 0 -20 4 0
23 96 0 0 -19 0 0
23 97 0 0 -18 0 -5
24 2 0 0 2 0 0
24 3 0 0 2 0 0
24 20 0 0 0 0 0
24 21 0 0 0 0 0
24 22 0 0 0 0 0
24 23 0 0 0 0 0
24 24 0 1 0 0 0
24 25 0 2 0 0 0
24 26 0 4 0 0 0
24 27 0 11 0 0 0
24 28 0 21 0 0 0
24 29 0 37 0 0 0
24 30 0 66 0 0 0
24 31 0 105 0 0 0
24 32 0 163 0 0 0
24 33 0 245 0 0 0
24 34 0 360 0 0 0
24 35 0 506 0 0 0
24 36 0 687 0 0 0
24 37 0 908 0 0 0
24 38 0 1164 0 0 0
24 39 0 1456 0 0 0
24 40 0 1780 0 0 0
24 41 0 2136 0 0 0
24 42 0 2521 0 0 0
24 43 0 2932 0 0 0
24 44 0 3355 0 0 0
24 45 0 3775 0 0 0
24 46 0 4171 0 0 0
24 47 0 4515 0 0 0
24 48 0 4779 0 0 0
24 49 0 4940 0 0 0
24 50 0 4980 0 0 0
24 51 0 4890 0 0 0
24 52 0 4675 0 0 0
24 53 0 4346 0 0 0
24 54 0 3930 0 0 0
24 55 0 3456 0 0 0
24 56 0 2962 0 0 0
24 57 0 2480 0 0 0
24 58 0 2037 0 0 0
24 59 0 1655 0 0 0
24 60 0 1341 0 0 0
24 61 0 1094 0 0 0
24 62 0 908 0 0 0
24 63 0 770 0 0 0
24 64 0 663 0 0 0
24 65 0 574 0 0 0
24 66 0 492 0 0 0
24 67 0 411 0 0 0
24 68 0 328 0 0 0
24 69 0 250 0 0 0
24 70 0 179 0 0 0
24 71 0 118 0 0 0
24 72 0 73 0 0 0
24 73 0 42 0 0 0
24 74 0 22 0 0 0
24 75 0 11 0 0 0
24 76 0 4 0 0 0
24 77 0 2 -107 -78 0
24 78 0 0 0 0 0
24 79 0 0 -112 -51 0
24 80 0 0 -114 -22 0
24 81 0 0 0 0 0
24 82 0 0 -97 13 0
24 84 0 0 -67 28 0
24 96 0 0 -18 5 0
24 97 0 0 -16 0 5
25 2 0 0 2 0 0
25 3 0 0 2 0 0
25 4 0 0 2 0 0
25 6 0 0 2 0 0
25 8 0 0 2 0 0
25 10 0 0 2 0 0
25 12 0 0 3 0 0
25 14 0 0 3 0 0
25 16 0 0 3 1 0
25 18 0 0 4 1 0
25 21 0 0 5 2 0
25 22 0 0 0 0 0
25 23 0 0 6 2 0
25 24 0 0 0 0 0
25 25 0 1 7 3 0
25 26 0 3 0 0 0
25 27 0 8 9 4 0
25 28 0 16 0 0 0
25 29 0 29 11 4 0
25 30 0 53 0 0 0
25 31 0 87 14 5 0
25 32 0 136 0 0 0
25 33 0 206 17 6 0
25 34 0 306 0 0 0
25 35 0 432 21 7 0
25 36 0 588 0 0 0
25 37 0 779 27 7 0
25 38 0 1001 0 0 0
25 39 0 1253 33 6 0
25 40 0 1532 0 0 0
25 41 0 1838 41 5 0
25 42 0 2166 0 0 0
25 43 0 2512 51 1 0
25 44 0 2863 61 -5 0
25 45 0 3207 0 0 0
25 46 0 3525 72 -15 0
25 47 0 3795 0 0 0
25 48 0 3996 78 -31 0
25 49 0 4110 0 0 0
25 50 0 4124 0 0 0
25 51 0 4031 82 -46 0
25 52 0 3836 0 0 0
25 53 0 3547 81 -64 0
25 54 0 3187 0 0 0
25 55 0 2780 77 -81 0
25 56 0 2356 68 -97 0
25 57 0 1944 0 0 0
25 58 0 1566 57 -111 0
25 59 0 1242 0 0 0
25 60 0 976 43 -123 0
25 61 0 768 0 0 0
25 62 0 615 26 -132 0
25 63 0 507 0 0 0
25 64 0 429 7 -138 0
25 65 0 372 0 0 0
25 66 0 323 0 0 0
25 67 0 276 -12 -140 0
25 68 0 225 0 0 0
25 69 0 175 -33 -137 0
25 70 0 127 0 0 0
25 71 0 85 -54 -131 0
25 72 0 52 0 0 0
25 73 0 30 -74 -118 0
25 74 0 15 0 0 0
25 75 0 7 -92 -101 0
25 76 0 3 0 0 0
25 77 0 1 0 0 0
25 78 0 0 0 0 0
25 79 0 0 0 0 0
25 80 0 0 0 0 0
25 81 0 0 0 0 0
25 87 0 0 -45 26 0
25 89 0 0 -33 22 0
25 91 0 0 -25 16 0
25 93 0 0 -19 11 0
25 95 0 0 -16 7 0
25 96 0 0 -14 1 0
25 97 0 0 -14 0 -4
26 2 0 0 2 0 0
26 3 0 0 2 0 0
26 21 0 0 0 0 0
26 22 0 0 0 0 0
26 23 0 0 0 0 0
26 24 0 0 0 0 0
26 25 0 0 0 0 0
26 26 0 2 0 0 0
26 27 0 6 0 0 0
26 28 0 13 0 0 0
26 29 0 24 0 0 0
26 30 0 44 0 0 0
26 31 0 72 0 0 0
26 32 0 114 0 0 0
26 33 0 173 0 0 0
26 34 0 258 0 0 0
26 35 0 366 0 0 0
26 36 0 499 0 0 0
26 37 0 661 0 0 0
26 38 0 849 0 0 0
26 39 0 1064 0 0 0
26 40 0 1302 0 0 0
26 41 0 1561 0 0 0
26 42 0 1838 0 0 0
26 43 0 2128 0 0 0
26 44 0 2419 0 0 0
26 45 0 2700 0 0 0
26 46 0 2955 0 0 0
26 47 0 3168 0 0 0
26 48 0 3321 0 0 0
26 49 0 3402 0 0 0
26 50 0 3401 0 0 0
26 51 0 3313 0 0 0
26 52 0 3141 0 0 0
26 53 0 2892 0 0 0
26 54 0 2584 0 0 0
26 55 0 2238 0 0 0
26 56 0 1879 0 0 0
26 57 0 1532 0 0 0
26 58 0 1213 0 0 0
26 59 0 941 0 0 0
26 60 0 719 0 0 0
26 61 0 547 0 0 0
26 62 0 421 0 0 0
26 63 0 334 0 0 0
26 64 0 275 0 0 0
26 65 0 235 0 0 0
26 66 0 204 0 0 0
26 67 0 176 0 0 0
26 68 0 145 0 0 0
26 69 0 114 0 0 0
26 70 0 83 0 0 0
26 71 0 55 0 0 0
26 72 0 34 0 0 0
26 73 0 19 0 0 0
26 74 0 10 0 0 0
26 75 0 4 0 0 0
26 76 0 2 0 0 0
26 77 0 0 -135 -90 0
26 79 0 0 -143 -55 0
26 80 0 0 -155 -6 2
26 82 0 0 -133 45 3
26 85 0 0 -76 54 2
26 87 0 0 -44 43 1
26 96 0 0 -12 5 0
26 97 0 0 -11 0 3
27 2 0 0 2 0 0
27 3 0 0 2 0 0
27 4 0 0 2 0 0
27 6 0 0 2 0 0
27 8 0 0 2 0 0
27 10 0 0 2 0 0
27 12 0 0 2 0 0
27 14 0 0 3 1 0
27 16 0 0 3 1 0
27 19 0 0 4 2 0
27 21 0 0 4 2 0
27 22 0 0 0 0 0
27 23 0 0 5 3 0
27 24 0 0 0 0 0
27 25 0 0 6 4 0
27 26 0 1 0 0 0
27 27 0 5 8 5 0
27 28 0 10 0 0 0
27 29 0 19 10 7 0
27 30 0 36 0 0 0
27 31 0 60 12 8 0
27 32 0 95 0 0 0
27 33 0 144 16 10 0
27 34 0 215 0 0 0
27 35 0 305 20 12 0
27 36 0 415 0 0 0
27 37 0 550 26 13 0
27 38 0 706 0 0 0
27 39 0 886 34 14 0
27 40 0 1085 0 0 0
27 41 0 1301 43 15 0
27 42 0 1533 56 12 0
27 43 0 1775 0 0 0
27 44 0 2016 68 7 0
27 45 0 2247 0 0 0
27 46 0 2454 86 -4 0
27 47 0 2624 0 0 0
27 48 0 2744 94 -23 0
27 49 0 2804 0 0 0
27 50 0 2796 101 -44 0
27 51 0 2717 0 0 0
27 52 0 2569 100 -67 0
27 53 0 2357 0 0 0
27 54 0 2097 95 -88 0
27 55 0 1805 0 0 0
27 56 0 1504 85 -108 0
27 57 0 1213 0 0 0
27 58 0 947 72 -125 0
27 59 0 721 0 0 0
27 60 0 538 55 -140 0
27 61 0 396 0 0 0
27 62 0 293 34 -152 0
27 63 0 223 0 0 0
27 64 0 176 12 -159 0
27 65 0 146 0 0 0
27 66 0 125 0 0 0
27 67 0 107 -12 -163 0
27 68 0 88 0 0 0
27 69 0 70 -38 -161 0
27 70 0 51 0 0 0
27 71 0 34 -64 -154 0
27 72 0 21 0 0 0
27 73 0 12 -90 -139 0
27 74 0 6 0 0 0
27 75 0 3 -113 -120 0
27 76 0 1 0 0 0
27 77 0 0 0 0 0
27 89 0 0 -27 31 0
27 91 0 0 -19 22 0
27 93 0 0 -14 14 0
27 95 0 0 -11 8 0
27 96 0 0 -7 3 0
27 97 0 0 -8 0 -2
28 2 0 0 2 0 0
28 3 0 0 2 0 0
28 21 0 0 0 0 0
28 22 0 0 0 0 0
28 23 0 0 0 0 0
28 24 0 0 0 0 0
28 25 0 0 0 0 0
28 26 0 1 0 0 0
28 27 0 4 0 0 0
28 28 0 8 0 0 0
28 29 0 16 0 0 0
28 30 0 30 0 0 0
28 31 0 50 0 0 0
28 32 0 78 0 0 0
28 33 0 119 0 0 0
28 34 0 177 0 0 0
28 35 0 251 0 0 0
28 36 0 341 0 0 0
28 37 0 452 0 0 0
28 38 0 579 0 0 0
28 39 0 727 0 0 0
28 40 0 890 0 0 0
28 41 0 1068 0 0 0
28 42 0 1258 0 0 0
28 43 0 1460 0 0 0
28 44 0 1660 0 0 0
28 45 0 1851 0 0 0
28 46 0 2021 0 0 0
28 47 0 2161 0 0 0
28 48 0 2259 0 0 0
28 49 0 2306 0 0 0
28 50 0 2298 0 0 0
28 51 0 2230 0 0 0
28 52 0 2104 0 0 0
28 53 0 1926 124 -70 0
28 54 0 1708 0 0 0
28 55 0 1464 0 0 0
28 56 0 1213 0 0 0
28 57 0 972 0 0 0
28 58 0 752 0 0 0
28 59 0 566 0 0 0
28 60 0 415 0 0 0
28 61 0 298 0 0 0
28 62 0 213 0 0 0
28 63 0 154 0 0 0
28 64 0 115 0 0 0
28 65 0 90 0 0 0
28 66 0 74 0 0 0
28 67 0 62 0 0 0
28 68 0 50 0 0 0
28 69 0 39 0 0 0
28 70 0 29 0 0 0
28 71 0 19 0 0 0
28 72 0 12 0 0 0
28 73 0 6 0 0 0
28 74 0 3 0 0 0
28 75 0 1 -140 -146 0
28 76 0 0 0 0 0
28 77 0 0 -172 -108 0
28 79 0 0 -194 -70 0
28 81 0 0 -216 1 0
28 82 0 0 -185 72 5
28 83 0 0 -144 146 3
28 84 0 0 -88 132 7
28 85 0 0 -44 90 1
28 86 0 0 -40 73 0
28 87 0 0 -19 55 1
28 88 0 0 -23 48 0
28 89 0 0 -10 37 1
28 90 0 0 -15 32 0
28 91 0 0 -7 24 0
28 92 0 0 -10 21 0
28 93 0 0 -5 15 0
28 94 0 0 -7 12 0
28 95 0 0 -5 7 0
28 96 0 0 -6 5 0
28 97 0 0 -4 0 0
29 2 0 0 2 0 0
29 3 0 0 2 0 0
29 4 0 0 2 0 0
29 6 0 0 2 0 0
29 8 0 0 2 0 0
29 10 0 0 2 0 0
29 12 0 0 2 1 0
29 14 0 0 2 1 0
29 16 0 0 3 2 0
29 19 0 0 3 2 0
29 21 0 0 3 3 0
29 23 0 0 4 4 0
29 25 0 0 5 5 0
29 26 0 1 0 0 0
29 27 0 3 6 7 0
29 28 0 6 0 0 0
29 29 0 12 8 9 0
29 30 0 24 0 0 0
29 31 0 40 10 12 0
29 32 0 63 0 0 0
29 33 0 96 14 14 0
29 34 0 143 0 0 0
29 35 0 203 18 17 0
29 36 0 275 0 0 0
29 37 0 363 24 20 0
29 38 0 465 0 0 0
29 39 0 584 32 23 0
29 40 0 715 0 0 0
29 41 0 859 44 26 0
29 42 0 1014 59 26 0
29 43 0 1177 0 0 0
29 44 0 1348 78 24 0
29 45 0 1508 0 0 0
29 46 0 1651 103 10 0
29 47 0 1770 0 0 0
29 48 0 1854 118 -15 0
29 49 0 1896 0 0 0
29 50 0 1891 0 0 0
29 51 0 1835 125 -41 0
29 52 0 1730 0 0 0
29 53 0 1581 0 0 0
29 54 0 1398 118 -96 0
29 55 0 1195 0 0 0
29 56 0 987 106 -121 0
29 57 0 787 0 0 0
29 58 0 606 89 -142 0
29 59 0 453 0 0 0
29 60 0 329 70 -160 0
29 61 0 232 0 0 0
29 62 0 162 45 -175 0
29 63 0 113 0 0 0
29 64 0 79 18 -185 0
29 65 0 57 0 0 0
29 66 0 44 0 0 0
29 67 0 35 -10 -190 0
29 68 0 27 0 0 0
29 69 0 21 -42 -189 0
29 70 0 15 0 0 0
29 71 0 9 -75 -183 0
29 72 0 6 0 0 0
29 73 0 3 -109 -167 0
29 74 0 1 0 0 0
29 75 0 0 0 0 0
29 76 0 0 0 0 0
29 77 0 0 0 0 0
29 82 0 0 -292 21 -9
29 83 0 0 -19 207 -16
29 84 0 0 9 137 -2
29 85 0 0 -8 100 -2
29 86 0 0 -14 84 3
29 87 0 0 -7 63 2
29 88 0 0 -3 47 0
29 89 0 0 -4 40 1
29 90 0 0 -1 30 0
29 91 0 0 -2 25 1
29 92 0 0 -1 19 0
29 93 0 0 -2 15 0
29 94 0 0 -1 11 0
29 95 0 0 -1 7 0
29 96 0 0 -1 4 0
29 97 0 0 -2 0 0
30 2 0 0 1 0 0
30 3 0 0 2 0 0
30 21 0 0 2 3 0
30 22 0 0 3 5 0
30 24 0 0 3 6 0
30 26 0 1 4 9 0
30 27 0 3 0 0 0
30 28 0 5 5 11 0
30 29 0 10 0 0 0
30 30 0 20 0 0 0
30 31 0 33 0 0 0
30 32 0 51 0 0 0
30 33 0 78 11 18 0
30 34 0 115 0 0 0
30 35 0 162 14 22 0
30 36 0 218 0 0 0
30 37 0 287 20 27 0
30 38 0 367 0 0 0
30 39 0 461 28 33 0
30 40 0 564 0 0 0
30 41 0 678 39 41 0
30 42 0 802 0 0 0
30 43 0 935 0 0 0
30 44 0 1082 82 51 0
30 45 0 1216 0 0 0
30 46 0 1340 0 0 0
30 47 0 1444 128 34 -1
30 48 0 1519 0 0 0
30 49 0 1560 143 -2 0
30 50 0 1559 0 0 0
30 51 0 1515 156 -40 0
30 52 0 1429 0 0 0
30 53 0 1305 155 -74 0
30 54 0 1153 0 0 0
30 55 0 985 145 -107 0
30 56 0 813 131 -136 0
30 57 0 649 0 0 0
30 58 0 499 111 -162 0
30 59 0 373 0 0 0
30 60 0 271 88 -184 0
30 61 0 190 0 0 0
30 62 0 131 59 -203 0
30 63 0 88 0 0 0
30 64 0 59 27 -216 0
30 65 0 40 0 0 0
30 66 0 27 -7 -224 0
30 67 0 20 0 0 0
30 68 0 15 0 0 0
30 69 0 11 -45 -225 0
30 70 0 7 0 0 0
30 71 0 4 -86 -220 0
30 72 0 2 0 0 0
30 73 0 1 -128 -205 0
30 74 0 0 0 0 0
30 75 0 0 -170 -182 0
30 76 0 0 0 0 0
30 77 0 0 -211 -145 0
30 79 0 0 -250 -102 -1
30 81 0 0 -279 -34 0
30 82 0 0 -350 29 -7
30 83 0 0 -384 -16 -3
31 2 0 0 1 0 0
31 3 0 0 1 0 0
31 4 0 0 1 0 0
31 6 0 0 1 0 0
31 8 0 0 2 0 0
31 10 0 0 2 1 0
31 12 0 0 2 1 0
31 14 0 0 2 1 0
31 17 0 0 2 2 0
31 19 0 0 2 2 0
31 26 0 1 0 0 0
31 27 0 2 0 0 0
31 28 0 4 0 0 0
31 29 0 8 0 0 0
31 30 0 16 0 0 0
31 31 0 26 8 14 0
31 32 0 41 0 0 0
31 33 0 61 0 0 0
31 34 0 90 0 0 0
31 35 0 126 0 0 0
31 36 0 169 0 0 0
31 37 0 222 0 0 0
31 38 0 283 0 0 0
31 39 0 354 0 0 0
31 40 0 433 0 0 0
31 41 0 522 0 0 0
31 42 0 620 0 0 0
31 43 0 726 57 48 0
31 44 0 837 0 0 0
31 45 0 969 0 0 0
31 46 0 1077 0 0 0
31 47 0 1170 0 0 0
31 48 0 1241 0 0 0
31 49 0 1282 0 0 0
31 50 0 1287 0 0 0
31 51 0 1255 0 0 0
31 52 0 1186 0 0 0
31 53 0 1085 0 0 0
31 54 0 959 0 0 0
31 55 0 821 0 0 0
31 56 0 678 0 0 0
31 57 0 543 0 0 0
31 58 0 419 0 0 0
31 59 0 315 0 0 0
31 60 0 229 0 0 0
31 61 0 161 0 0 0
31 62 0 111 0 0 0
31 63 0 74 0 0 0
31 64 0 48 0 0 0
31 65 0 30 0 0 0
31 66 0 19 0 0 0
31 67 0 13 0 0 0
31 68 0 8 0 0 0
31 69 0 5 0 0 0
31 70 0 3 0 0 0
31 71 0 2 0 0 0
31 72 0 1 0 0 0
31 73 0 0 0 0 0
31 74 0 0 0 0 0
31 75 0 0 0 0 0
31 76 0 0 0 0 0
31 77 0 0 0 0 0
31 82 0 0 -340 -28 3
31 83 0 0 -396 -16 -12
32 2 0 0 1 0 0
32 3 0 0 1 0 0
32 21 0 0 1 3 0
32 22 0 0 1 5 0
32 24 0 0 1 6 0
32 26 0 0 1 9 0
32 27 0 1 0 0 0
32 28 0 3 0 0 0
32 29 0 6 2 13 0
32 30 0 12 0 0 0
32 31 0 20 0 0 0
32 32 0 31 0 0 0
32 33 0 47 0 0 0
32 34 0 68 0 0 0
32 35 0 95 0 0 0
32 36 0 127 0 0 0
32 37 0 166 0 0 0
32 38 0 212 0 0 0
32 39 0 265 0 0 0
32 40 0 325 0 0 0
32 41 0 392 0 0 0
32 42 0 468 0 0 0
32 43 0 553 0 0 0
32 44 0 644 0 0 0
32 45 0 767 0 0 0
32 46 0 862 155 72 -6
32 47 0 947 0 0 0
32 48 0 1013 0 0 0
32 49 0 1054 195 9 -6
32 50 0 1064 0 0 0
32 51 0 1041 195 -33 -3
32 52 0 986 0 0 0
32 53 0 903 193 -81 0
32 54 0 799 179 -120 0
32 55 0 684 0 0 0
32 56 0 567 162 -155 0
32 57 0 455 0 0 0
32 58 0 353 138 -186 0
32 59 0 266 0 0 0
32 60 0 195 110 -212 0
32 61 0 138 0 0 0
32 62 0 94 77 -235 0
32 63 0 62 0 0 0
32 64 0 40 40 -252 0
32 65 0 24 0 0 0
32 66 0 14 -1 -263 0
32 67 0 9 0 0 0
32 68 0 5 0 0 0
32 69 0 3 -46 -268 0
32 70 0 2 0 0 0
32 71 0 0 -95 -265 0
32 72 0 0 0 0 0
32 73 0 0 -147 -251 0
32 74 0 0 0 0 0
32 75 0 0 -199 -229 0
32 76 0 0 0 0 0
32 77 0 0 -251 -188 -1
32 79 0 0 -300 -141 -1
32 81 0 0 -333 -76 -2
32 82 0 0 -362 4 2
32 83 0 0 -408 -10 11
33 2 0 0 1 0 0
33 3 0 0 1 0 0
33 4 0 0 1 0 0
33 6 0 0 1 0 0
33 8 0 0 1 0 0
33 10 0 0 1 1 0
33 12 0 0 1 1 0
33 14 0 0 1 1 0
33 17 0 0 1 2 0
33 19 0 0 1 3 0
33 26 0 0 0 0 0
33 27 0 1 0 0 0
33 28 0 2 0 0 0
33 29 0 5 0 0 0
33 30 0 9 0 0 0
33 31 0 15 4 17 0
33 32 0 23 6 21 0
33 33 0 34 0 0 0
33 34 0 50 0 0 0
33 35 0 70 9 26 0
33 36 0 93 0 0 0
33 37 0 121 13 33 0
33 38 0 154 0 0 0
33 39 0 193 19 41 0
33 40 0 236 0 0 0
33 41 0 287 30 55 0
33 42 0 345 0 0 0
33 43 0 411 49 68 0
33 44 0 485 92 94 -4
33 45 0 562 0 0 0
33 46 0 686 0 0 0
33 47 0 763 0 0 0
33 48 0 824 0 0 0
33 49 0 865 0 0 0
33 50 0 878 0 0 0
33 51 0 862 0 0 0
33 52 0 818 0 0 0
33 53 0 750 0 0 0
33 54 0 665 0 0 0
33 55 0 571 0 0 0
33 56 0 474 0 0 0
33 57 0 382 0 0 0
33 58 0 298 0 0 0
33 59 0 227 0 0 0
33 60 0 167 0 0 0
33 61 0 119 0 0 0
33 62 0 82 0 0 0
33 63 0 54 0 0 0
33 64 0 34 0 0 0
33 65 0 20 0 0 0
33 66 0 11 0 0 0
33 67 0 6 0 0 0
33 68 0 3 0 0 0
33 69 0 1 0 0 0
33 70 0 0 0 0 0
33 82 0 0 -387 -55 8
33 83 0 0 -447 -9 5
34 2 0 0 1 0 0
34 3 0 0 1 0 0
34 21 0 0 0 3 0
34 22 0 0 0 4 0
34 24 0 0 -1 6 0
34 26 0 0 -3 7 0
34 27 0 1 0 12 0
34 28 0 2 -3 14 0
34 29 0 3 2 17 -1
34 30 0 6 -1 18 0
34 31 0 10 4 20 -1
34 32 0 16 0 21 0
34 33 0 24 6 25 -1
34 34 0 35 0 26 0
34 35 0 49 8 31 -1
34 36 0 65 1 33 0
34 37 0 84 11 40 -1
34 38 0 105 3 43 0
34 39 0 131 16 52 -2
34 40 0 159 9 58 1
34 41 0 192 26 72 -2
34 42 0 248 17 84 2
34 43 0 300 43 103 -3
34 44 0 359 54 125 0
34 45 0 423 104 167 -6
34 46 0 547 171 152 -9
34 47 0 615 222 112 -13
34 48 0 671 219 51 -11
34 49 0 708 231 37 -11
34 50 0 723 0 0 0
34 51 0 711 252 -51 -5
34 52 0 676 0 0 0
34 53 0 620 242 -91 -1
34 54 0 549 220 -141 0
34 55 0 471 0 0 0
34 56 0 392 197 -178 0
34 57 0 316 0 0 0
34 58 0 248 169 -215 0
34 59 0 189 0 0 0
34 60 0 140 137 -245 0
34 61 0 100 0 0 0
34 62 0 69 0 0 0
34 63 0 46 100 -272 0
34 64 0 29 56 -294 0
34 65 0 17 0 0 0
34 66 0 9 9 -310 0
34 67 0 5 0 0 0
34 68 0 3 0 0 0
34 69 0 1 0 0 0
34 70 0 0 0 0 0
34 75 0 0 -231 -287 -1
34 77 0 0 -297 -246 -1
34 79 0 0 -357 -188 -2
34 81 0 0 -404 -114 -1
34 82 0 0 -420 -14 7
34 83 0 0 -501 -15 15
35 2 0 0 1 0 0
35 3 0 0 1 0 0
35 4 0 0 1 0 0
35 6 0 0 1 0 0
35 8 0 0 1 0 0
35 10 0 0 1 1 0
35 12 0 0 1 1 0
35 14 0 0 1 1 0
35 17 0 0 1 2 0
35 19 0 0 1 2 0
35 26 0 0 -4 6 0
35 27 0 0 -5 8 0
35 28 0 0 -17 21 0
35 29 0 0 3 14 -2
35 30 0 0 -3 21 1
35 31 0 0 3 22 -2
35 32 0 0 -3 24 2
35 33 0 0 4 26 -2
35 34 0 0 -4 30 2
35 35 0 0 4 33 -3
35 36 0 0 -4 38 2
35 37 0 0 5 43 -3
35 38 0 0 -4 49 1
35 39 0 0 6 57 -4
35 40 0 0 -6 66 0
35 41 0 0 8 80 -5
35 42 0 0 -8 97 -3
35 43 0 0 9 121 -5
35 44 0 0 -11 182 -2
35 45 0 0 -4 281 24
35 46 0 0 519 510 0
35 47 0 498 251 109 -20
35 48 0 548 302 33 -8
35 49 0 581 304 -21 -11
35 50 0 594 0 0 0
35 51 0 585 0 0 0
35 52 0 556 0 0 0
35 53 0 509 0 0 0
35 54 0 450 0 0 0
35 55 0 386 0 0 0
35 56 0 320 0 0 0
35 57 0 259 0 0 0
35 58 0 203 0 0 0
35 59 0 155 0 0 0
35 60 0 115 0 0 0
35 61 0 82 0 0 0
35 62 0 57 0 0 0
35 63 0 38 0 0 0
35 64 0 24 0 0 0
35 65 0 14 0 0 0
35 66 0 8 0 0 0
35 67 0 4 0 0 0
35 68 0 2 0 0 0
35 69 0 1 -43 -319 0
35 70 0 0 0 0 0
35 71 0 0 -102 -320 0
35 73 0 0 -165 -309 0
35 82 0 0 -464 -68 6
35 83 0 0 -550 -15 7
36 2 0 0 1 0 0
36 3 0 0 1 0 0
36 23 0 0 0 3 0
36 24 0 0 -1 4 0
36 26 0 0 -4 5 0
36 27 0 0 -5 3 0
36 28 0 0 -8 0 0
36 46 0 0 306 -25 -10
36 47 0 399 347 10 -7
36 48 0 445 334 19 -2
36 49 0 473 317 -19 -5
36 50 0 484 0 0 0
36 51 0 476 305 -72 -1
36 52 0 451 0 0 0
36 53 0 411 287 -120 -1
36 54 0 363 0 0 0
36 55 0 309 264 -164 0
36 56 0 256 236 -208 0
36 57 0 206 0 0 0
36 58 0 161 0 0 0
36 59 0 123 205 -247 0
36 60 0 91 0 0 0
36 61 0 65 168 -283 0
36 62 0 45 0 0 0
36 63 0 30 0 0 0
36 64 0 19 0 0 0
36 65 0 11 0 0 0
36 66 0 6 0 0 0
36 67 0 3 0 0 0
36 68 0 2 0 0 0
36 69 0 1 0 0 0
36 70 0 0 0 0 0
36 75 0 0 -261 -362 0
36 77 0 0 -347 -321 0
36 79 0 0 -427 -254 0
36 81 0 0 -495 -166 2
36 82 0 0 -510 -24 6
36 83 0 0 -625 -18 14
37 2 0 0 1 0 0
37 3 0 0 1 0 0
37 4 0 0 1 0 0
37 6 0 0 1 0 0
37 8 0 0 1 0 0
37 10 0 0 1 1 0
37 12 0 0 1 1 0
37 15 0 0 1 1 0
37 17 0 0 0 2 0
37 19 0 0 0 2 0
37 21 0 0 0 2 0
37 26 0 0 -3 3 0
37 27 0 0 -5 2 0
37 28 0 0 -6 1 0
37 46 0 0 383 -2 1
37 47 0 313 347 3 -8
37 48 0 364 352 -29 -2
37 49 0 388 349 -56 -5
37 50 0 396 0 0 0
37 51 0 388 0 0 0
37 52 0 365 0 0 0
37 53 0 331 0 0 0
37 54 0 289 0 0 0
37 55 0 245 0 0 0
37 56 0 201 0 0 0
37 57 0 161 0 0 0
37 58 0 125 0 0 0
37 59 0 95 0 0 0
37 60 0 70 0 0 0
37 61 0 50 0 0 0
37 62 0 34 0 0 0
37 63 0 22 127 -315 0
37 64 0 14 0 0 0
37 65 0 8 78 -342 0
37 66 0 5 24 -364 0
37 67 0 2 0 0 0
37 68 0 1 0 0 0
37 69 0 0 -36 -378 0
37 70 0 0 0 0 0
37 71 0 0 -104 -385 0
37 73 0 0 -180 -380 0
37 82 0 0 -570 -77 3
37 83 0 0 -677 -18 4
38 2 0 0 1 0 0
38 3 0 0 1 0 0
38 26 0 0 -3 2 0
38 27 0 0 -4 1 0
38 28 0 0 -3 0 0
38 46 0 0 396 -2 1
38 47 0 262 392 -14 2
38 48 0 299 372 -18 -2
38 49 0 317 367 -40 -8
38 50 0 322 0 0 0
38 51 0 313 351 -95 -1
38 52 0 293 0 0 0
38 53 0 263 335 -142 -1
38 54 0 228 0 0 0
38 55 0 191 309 -192 0
38 56 0 155 0 0 0
38 57 0 123 280 -238 0
38 58 0 94 0 0 0
38 59 0 71 0 0 0
38 60 0 52 0 0 0
38 61 0 37 0 0 0
38 62 0 25 0 0 0
38 63 0 16 0 0 0
38 64 0 10 0 0 0
38 65 0 6 0 0 0
38 66 0 3 0 0 0
38 67 0 2 0 0 0
38 68 0 1 0 0 0
38 69 0 0 0 0 0
38 70 0 0 0 0 0
38 75 0 0 -287 -455 -2
38 77 0 0 -399 -422 2
38 78 0 0 -502 -352 6
38 81 0 0 -622 -222 -9
38 82 0 0 -639 -38 2
38 83 0 0 -744 0 11
39 2 0 0 0 0 0
39 3 0 0 0 0 0
39 4 0 0 0 0 0
39 6 0 0 0 0 0
39 8 0 0 0 0 0
39 10 0 0 0 1 0
39 12 0 0 0 1 0
39 15 0 0 0 1 0
39 17 0 0 0 1 0
39 19 0 0 0 2 0
39 21 0 0 0 2 0
39 23 0 0 0 2 0
39 25 0 0 -1 2 0
39 26 0 0 -2 1 0
39 27 0 0 -2 0 0
39 28 0 0 -3 0 0
39 46 0 0 418 0 1
39 47 0 218 387 -9 0
39 48 0 241 392 -48 -2
39 49 0 258 402 -72 -5
39 50 0 260 0 0 0
39 51 0 251 0 0 0
39 52 0 232 0 0 0
39 53 0 207 0 0 0
39 54 0 177 0 0 0
39 55 0 146 0 0 0
39 56 0 117 0 0 0
39 57 0 91 0 0 0
39 58 0 69 0 0 0
39 59 0 51 245 -283 0
39 60 0 37 0 0 0
39 61 0 26 205 -324 0
39 62 0 18 0 0 0
39 63 0 11 160 -362 0
39 64 0 7 0 0 0
39 65 0 4 106 -396 0
39 66 0 2 0 0 0
39 67 0 1 45 -425 0
39 68 0 0 0 0 0
39 69 0 0 -21 -447 0
39 70 0 0 0 0 0
39 71 0 0 -98 -462 0
39 73 0 0 -187 -465 -1
39 82 0 0 -701 -30 -16
39 83 0 0 -763 6 9
40 2 0 0 0 0 0
40 3 0 0 0 0 0
40 26 0 0 -2 1 0
40 27 0 0 -2 0 0
40 28 0 0 -2 0 0
40 46 0 0 440 -1 1
40 47 0 177 430 -22 1
40 48 0 195 416 -33 -3
40 49 0 206 420 -54 -9
40 50 0 206 0 0 0
40 51 0 197 401 -116 -1
40 52 0 181 0 0 0
40 53 0 159 387 -166 -1
40 54 0 135 0 0 0
40 55 0 110 359 -220 1
40 56 0 87 0 0 0
40 57 0 66 0 0 0
40 58 0 49 0 0 0
40 59 0 36 0 0 0
40 60 0 25 0 0 0
40 61 0 17 0 0 0
40 62 0 12 0 0 0
40 63 0 7 0 0 0
40 64 0 4 0 0 0
40 65 0 2 0 0 0
40 66 0 1 0 0 0
40 67 0 0 0 0 0
40 68 0 0 0 0 0
40 69 0 0 0 0 0
40 70 0 0 0 0 0
40 76 0 0 -447 -573 12
40 78 0 0 -624 -557 1
40 80 0 0 -721 -340 19
40 81 0 0 -800 -239 0
40 82 0 0 -777 83 -54
40 83 0 0 -537 234 8
41 2 0 0 0 0 0
41 3 0 0 0 0 0
41 4 0 0 0 0 0
41 6 0 0 0 0 0
41 8 0 0 0 0 0
41 10 0 0 0 0 0
41 12 0 0 0 1 0
41 15 0 0 0 1 0
41 17 0 0 0 1 0
41 19 0 0 0 1 0
41 21 0 0 0 1 0
41 23 0 0 0 1 0
41 25 0 0 -1 1 0
41 26 0 0 -1 0 0
41 27 0 0 -1 0 0
41 28 0 0 -1 0 0
41 46 0 0 460 -3 0
41 47 0 142 429 -13 0
41 48 0 155 439 -62 -4
41 49 0 163 453 -86 -7
41 50 0 161 0 0 0
41 51 0 153 0 0 0
41 52 0 139 0 0 0
41 53 0 121 0 0 0
41 54 0 101 0 0 0
41 55 0 81 0 0 0
41 56 0 63 0 0 0
41 57 0 47 328 -272 0
41 58 0 34 0 0 0
41 59 0 24 291 -322 0
41 60 0 17 0 0 0
41 61 0 11 248 -370 0
41 62 0 7 0 0 0
41 63 0 4 199 -414 0
41 64 0 2 0 0 0
41 65 0 1 142 -455 0
41 66 0 0 0 0 0
41 67 0 0 75 -493 0
41 68 0 0 0 0 0
41 69 0 0 0 -523 0
41 70 0 0 0 0 0
41 71 0 0 -84 -549 0
41 73 0 0 -185 -565 0
41 75 0 0 -303 -578 1
41 80 0 0 -883 -500 11
41 81 0 0 -1116 -362 -29
41 82 0 0 -876 242 -69
41 83 0 0 -324 365 1
42 2 0 0 0 0 0
42 3 0 0 0 0 0
42 4 0 0 0 0 0
42 6 0 0 0 0 0
42 8 0 0 0 0 0
42 10 0 0 0 0 0
42 12 0 0 0 1 0
42 15 0 0 0 1 0
42 17 0 0 0 1 0
42 19 0 0 0 1 0
42 21 0 0 0 1 0
42 23 0 0 0 1 0
42 25 0 0 0 1 0
42 26 0 0 -1 0 0
42 27 0 0 -1 0 0
42 28 0 0 -1 0 0
42 46 0 0 495 -1 2
42 47 0 111 481 -25 0
42 48 0 120 465 -46 -3
42 49 0 124 475 -66 -11
42 50 0 122 0 0 0
42 51 0 115 455 -137 -2
42 52 0 103 0 0 0
42 53 0 89 443 -188 -2
42 54 0 73 0 0 0
42 55 0 58 0 0 0
42 56 0 44 0 0 0
42 57 0 33 0 0 0
42 58 0 23 0 0 0
42 59 0 16 0 0 0
42 60 0 11 0 0 0
42 61 0 7 0 0 0
42 62 0 4 0 0 0
42 63 0 2 0 0 0
42 64 0 1 0 0 0
42 65 0 0 0 0 0
42 66 0 0 0 0 0
42 67 0 0 0 0 0
42 68 0 0 0 0 0
42 69 0 0 0 0 0
42 70 0 0 0 0 0
42 80 0 0 -937 -711 -1
42 81 0 0 -1247 -779 -42
42 82 0 0 -1475 -1175 37
42 83 0 0 -994 -1711 -226
42 84 0 0 470 -489 -7
42 85 0 0 487 -137 -6
42 86 0 0 508 -97 5
42 87 0 0 491 -65 -4
42 88 0 0 499 -56 3
42 89 0 0 493 -44 -3
42 90 0 0 495 -38 3
42 91 0 0 493 -35 -3
42 92 0 0 493 -31 3
42 93 0 0 494 -31 -1
42 94 0 0 493 -28 2
42 95 0 0 486 -40 -5
42 96 0 0 488 -53 -2
42 97 0 0 642 -173 2
43 2 0 0 0 0 0
43 3 0 0 0 0 0
43 26 0 0 0 0 0
43 27 0 0 -1 0 0
43 28 0 0 -1 0 0
43 46 0 0 516 -4 -1
43 47 0 84 480 -16 0
43 48 0 91 493 -72 -4
43 49 0 93 513 -98 -7
43 50 0 91 0 0 0
43 51 0 85 0 0 0
43 52 0 76 0 0 0
43 53 0 65 0 0 0
43 54 0 53 0 0 0
43 55 0 41 414 -250 1
43 56 0 31 0 0 0
43 57 0 22 383 -306 0
43 58 0 16 0 0 0
43 59 0 10 343 -364 0
43 60 0 7 0 0 0
43 61 0 4 298 -418 0
43 62 0 3 0 0 0
43 63 0 1 246 -470 0
43 64 0 0 0 0 0
43 65 0 0 186 -519 0
43 66 0 0 0 0 0
43 67 0 0 114 -566 0
43 68 0 0 0 0 0
43 69 0 0 34 -608 0
43 70 0 0 0 0 0
43 71 0 0 -54 -646 -1
43 73 0 0 -157 -680 -1
43 75 0 0 -279 -719 -1
43 76 0 0 -428 -757 4
43 78 0 0 -633 -812 -8
43 80 0 0 -807 -967 16
43 81 0 0 -948 -1196 -18
43 82 0 0 -1309 -1802 -10
43 83 0 0 -1167 -2145 213
43 84 0 0 318 -1557 -8
43 85 0 0 417 -1302 -21
43 86 0 0 497 -919 -21
43 87 0 0 507 -844 -22
43 88 0 0 519 -696 -18
43 89 0 0 518 -664 -19
43 90 0 0 522 -570 -13
43 91 0 0 519 -556 -17
43 92 0 0 524 -474 -10
43 93 0 0 516 -471 -16
43 94 0 0 530 -418 -9
43 95 0 0 529 -437 -15
43 96 0 0 565 -509 3
43 97 0 0 496 -568 -11
44 2 0 0 0 0 0
44 3 0 0 0 0 0
44 4 0 0 0 0 0
44 6 0 0 0 0 0
44 8 0 0 0 0 0
44 10 0 0 0 0 0
44 12 0 0 0 1 0
44 15 0 0 0 1 0
44 17 0 0 0 1 0
44 19 0 0 0 1 0
44 21 0 0 0 1 0
44 23 0 0 0 1 0
44 25 0 0 0 0 0
44 26 0 0 0 0 0
44 27 0 0 0 0 0
44 28 0 0 0 0 0
44 46 0 0 560 -1 1
44 47 0 62 542 -27 0
44 48 0 66 524 -56 -4
44 49 0 68 535 -74 -11
44 50 0 66 0 0 0
44 51 0 61 0 0 0
44 52 0 54 0 0 0
44 53 0 46 0 0 0
44 54 0 37 0 0 0
44 55 0 28 0 0 0
44 56 0 21 0 0 0
44 57 0 15 0 0 0
44 58 0 10 0 0 0
44 59 0 7 0 0 0
44 60 0 4 0 0 0
44 61 0 2 0 0 0
44 62 0 1 0 0 0
44 63 0 0 0 0 0
44 64 0 0 0 0 0
44 65 0 0 0 0 0
44 66 0 0 0 0 0
44 67 0 0 0 0 0
44 68 0 0 0 0 0
44 69 0 0 0 0 0
44 70 0 0 0 0 0
44 80 0 0 -622 -1082 -7
44 81 0 0 -710 -1290 -46
44 82 0 0 -762 -1535 -36
44 83 0 0 -529 -1793 -25
44 84 0 0 -80 -1765 -7
44 85 0 0 127 -1641 10
44 86 0 0 290 -1480 17
44 87 0 0 345 -1384 18
44 88 0 0 395 -1233 15
44 89 0 0 427 -1148 17
44 90 0 0 425 -1047 18
44 91 0 0 452 -980 20
44 92 0 0 432 -871 13
44 93 0 0 473 -820 22
44 94 0 0 459 -744 20
44 95 0 0 537 -743 35
44 96 0 0 496 -694 8
44 97 0 0 86 -494 -7
45 2 0 0 0 0 0
45 3 0 0 0 0 0
45 26 0 0 0 0 0
45 27 0 0 0 0 0
45 28 0 0 0 0 0
45 46 0 0 580 -5 -1
45 47 0 43 541 -19 0
45 48 0 45 554 -81 -5
45 49 0 46 578 -107 -9
45 50 0 44 0 0 0
45 51 0 41 518 -155 -2
45 52 0 36 0 0 0
45 53 0 30 505 -212 -2
45 54 0 24 0 0 0
45 55 0 18 476 -280 1
45 56 0 13 0 0 0
45 57 0 9 443 -343 0
45 58 0 6 0 0 0
45 59 0 4 403 -407 0
45 60 0 2 0 0 0
45 61 0 1 355 -469 0
45 62 0 1 0 0 0
45 63 0 0 301 -529 0
45 64 0 0 0 0 0
45 65 0 0 239 -586 0
45 66 0 0 0 0 0
45 67 0 0 165 -642 0
45 68 0 0 0 0 0
45 69 0 0 81 -694 0
45 70 0 0 0 0 0
45 71 0 0 -9 -742 0
45 73 0 0 -109 -789 0
45 75 0 0 -223 -848 2
45 76 0 0 -346 -915 5
45 78 0 0 -469 -1012 -5
45 80 0 0 -493 -1184 -9
45 81 0 0 -490 -1307 -33
45 82 0 0 -483 -1472 -32
45 83 0 0 -348 -1632 0
45 84 0 0 -175 -1654 8
45 85 0 0 -25 -1558 19
45 86 0 0 85 -1455 10
45 87 0 0 155 -1380 12
45 88 0 0 170 -1287 12
45 89 0 0 245 -1184 13
45 90 0 0 255 -1113 19
45 91 0 0 277 -1025 14
45 92 0 0 258 -956 15
45 93 0 0 327 -847 19
45 94 0 0 346 -787 30
45 95 0 0 416 -720 36
45 96 0 0 397 -672 19
45 97 0 0 53 -481 -4
46 2 0 0 0 0 0
46 3 0 0 0 0 0
46 4 0 0 0 0 0
46 5 0 0 0 0 0
46 6 0 0 0 0 0
46 7 0 0 0 0 0
46 8 0 0 0 0 0
46 9 0 0 0 0 0
46 10 0 0 0 0 0
46 11 0 0 0 1 0
46 12 0 0 0 1 0
46 13 0 0 0 1 0
46 14 0 0 0 1 0
46 15 0 0 0 1 0
46 16 0 0 0 1 0
46 17 0 0 0 1 0
46 18 0 0 0 1 0
46 19 0 0 0 1 0
46 20 0 0 0 1 0
46 21 0 0 0 1 0
46 22 0 0 0 1 0
46 23 0 0 0 1 0
46 24 0 0 0 0 0
46 25 0 0 0 0 0
46 26 0 0 0 0 0
46 27 0 0 0 0 0
46 28 0 0 0 0 0
46 46 0 0 633 -1 0
46 47 0 29 611 -29 0
46 48 0 31 589 -65 -4
46 49 0 31 602 -83 -12
46 50 0 30 0 0 0
46 51 0 27 0 0 0
46 52 0 24 0 0 0
46 53 0 20 0 0 0
46 54 0 15 0 0 0
46 55 0 11 0 0 0
46 56 0 8 0 0 0
46 57 0 5 0 0 0
46 58 0 3 0 0 0
46 59 0 2 0 0 0
46 60 0 1 0 0 0
46 61 0 0 0 0 0
46 62 0 0 0 0 0
46 63 0 0 0 0 0
46 64 0 0 0 0 0
46 96 0 0 298 -603 26
46 97 0 0 34 -488 -13
47 2 0 0 0 0 0
47 3 0 0 0 0 0
47 4 0 0 0 0 0
47 5 0 0 0 0 0
47 6 0 0 0 0 0
47 7 0 0 0 0 0
47 8 0 0 0 0 0
47 9 0 0 0 0 0
47 10 0 0 0 0 0
47 11 0 0 0 0 0
47 12 0 0 0 1 0
47 13 0 0 0 1 0
47 14 0 0 0 1 0
47 15 0 0 0 1 0
47 16 0 0 0 1 0
47 17 0 0 0 1 0
47 18 0 0 0 1 0
47 19 0 0 0 1 0
47 20 0 0 0 1 0
47 21 0 0 0 1 0
47 22 0 0 0 1 0
47 23 0 0 0 1 0
47 24 0 0 0 0 0
47 25 0 0 0 0 0
47 26 0 0 0 0 0
47 27 0 0 0 0 0
47 28 0 0 0 0 0
47 46 0 0 627 -23 -17
47 47 0 19 638 -32 -15
47 48 0 20 623 -90 -5
47 49 0 20 649 -118 -9
47 50 0 19 0 0 0
47 51 0 17 585 -174 -2
47 52 0 15 0 0 0
47 53 0 12 573 -235 -2
47 54 0 10 0 0 0
47 55 0 7 544 -311 1
47 56 0 5 0 0 0
47 57 0 3 511 -380 0
47 58 0 2 0 0 0
47 59 0 1 469 -452 0
47 60 0 0 0 0 0
47 61 0 0 421 -522 0
47 62 0 0 0 0 0
47 63 0 0 363 -591 0
47 64 0 0 0 0 0
47 65 0 0 299 -657 0
47 67 0 0 224 -721 0
47 69 0 0 135 -782 0
47 71 0 0 41 -839 0
47 73 0 0 -54 -891 0
47 75 0 0 -157 -949 0
47 76 0 0 -261 -1012 4
47 78 0 0 -356 -1109 4
47 80 0 0 -387 -1218 -2
47 82 0 0 -346 -1369 -8
47 85 0 0 -149 -1412 -12
47 87 0 0 19 -1303 -10
47 89 0 0 113 -1152 -12
47 91 0 0 188 -1017 -16
47 93 0 0 206 -837 -2
47 95 0 0 287 -738 -3
47 96 0 0 204 -569 22
47 97 0 0 164 -537 -64
48 46 0 0 692 -10 1
48 47 0 11 689 -27 -1
48 48 0 12 661 -73 -5
48 49 0 12 677 -94 -13
48 50 0 12 0 0 0
48 51 0 10 0 0 0
48 52 0 9 0 0 0
48 53 0 7 0 0 0
48 54 0 6 0 0 0
48 55 0 4 0 0 0
48 56 0 3 0 0 0
48 57 0 2 0 0 0
48 58 0 1 0 0 0
48 59 0 0 0 0 0
48 60 0 0 0 0 0
48 61 0 0 0 0 0
48 62 0 0 0 0 0
48 63 0 0 0 0 0
48 64 0 0 0 0 0
48 96 0 0 169 -581 34
48 97 0 0 10 -464 1
49 46 0 0 733 -5 -1
49 47 0 6 685 -25 0
49 48 0 7 698 -98 -6
49 49 0 7 727 -129 -11
49 50 0 7 0 0 0
49 51 0 6 662 -192 -2
49 52 0 5 0 0 0
49 53 0 4 648 -259 -3
49 54 0 3 0 0 0
49 55 0 2 619 -343 1
49 56 0 1 0 0 0
49 57 0 1 586 -418 0
49 58 0 0 0 0 0
49 59 0 0 544 -498 0
49 60 0 0 0 0 0
49 61 0 0 495 -576 0
49 62 0 0 0 0 0
49 63 0 0 436 -654 0
49 64 0 0 0 0 0
49 65 0 0 369 -730 0
49 67 0 0 292 -803 0
49 69 0 0 200 -872 -1
49 71 0 0 100 -933 0
49 73 0 0 1 -986 0
49 75 0 0 -99 -1041 0
49 76 0 0 -188 -1091 2
49 78 0 0 -261 -1160 0
49 80 0 0 -295 -1220 -3
49 82 0 0 -282 -1281 -4
49 85 0 0 -157 -1279 0
49 87 0 0 -64 -1200 0
49 89 0 0 -5 -1084 0
49 91 0 0 42 -973 2
49 93 0 0 83 -809 28
49 95 0 0 132 -728 20
49 96 0 0 48 -578 24
49 97 0 0 -1 -463 26
50 46 0 0 802 -1 -2
50 47 0 3 771 -34 -2
50 48 0 3 739 -82 -6
50 49 0 3 760 -106 -14
50 50 0 3 0 0 0
50 51 0 3 0 0 0
50 52 0 2 0 0 0
50 53 0 2 0 0 0
50 54 0 1 0 0 0
50 55 0 1 0 0 0
50 56 0 0 0 0 0
50 57 0 0 0 0 0
50 58 0 0 0 0 0
50 59 0 0 0 0 0
50 60 0 0 0 0 0
50 61 0 0 0 0 0
50 62 0 0 0 0 0
50 85 0 0 -229 -1224 0
50 87 0 0 -173 -1149 -4
50 89 0 0 -122 -1030 -4
50 91 0 0 -85 -943 -9
50 93 0 0 -67 -778 21
50 95 0 0 -42 -688 29
50 96 0 0 24 -580 28
50 97 0 0 12 -464 11
51 46 0 0 821 -5 -1
51 47 0 1 770 -28 0
51 48 0 2 780 -106 -7
51 49 0 2 813 -140 -12
51 50 0 1 0 0 0
51 51 0 1 744 -211 -2
51 52 0 1 0 0 0
51 53 0 1 731 -283 -3
51 54 0 0 0 0 0
51 55 0 0 701 -374 1
51 56 0 0 0 0 0
51 57 0 0 668 -456 0
51 58 0 0 0 0 0
51 59 0 0 626 -544 0
51 60 0 0 0 0 0
51 61 0 0 577 -630 0
51 62 0 0 0 0 0
51 63 0 0 518 -719 0
51 65 0 0 448 -806 0
51 67 0 0 366 -890 0
51 69 0 0 269 -968 -1
51 71 0 0 157 -1035 0
51 73 0 0 54 -1087 0
51 75 0 0 -50 -1136 0
51 77 0 0 -146 -1177 0
51 78 0 0 -218 -1215 0
51 81 0 0 -262 -1241 0
51 83 0 0 -275 -1257 0
51 96 0 0 -86 -572 35
51 97 0 0 7 -472 -11
52 46 0 0 897 -1 -3
52 47 0 1 862 -37 -4
52 48 0 1 825 -92 -6
52 49 0 1 851 -120 -16
52 50 0 1 0 0 0
52 51 0 0 0 0 0
52 52 0 0 0 0 0
52 53 0 0 0 0 0
52 54 0 0 0 0 0
52 55 0 0 0 0 0
52 56 0 0 0 0 0
52 57 0 0 0 0 0
52 58 0 0 0 0 0
52 59 0 0 0 0 0
52 60 0 0 0 0 0
52 61 0 0 0 0 0
52 62 0 0 0 0 0
52 87 0 0 -255 -1102 -4
52 89 0 0 -218 -988 -7
52 91 0 0 -199 -878 -5
52 93 0 0 -182 -735 5
52 95 0 0 -164 -680 4
52 96 0 0 -102 -556 29
52 97 0 0 3 -466 0
53 46 0 0 919 -5 0
53 47 0 0 865 -32 0
53 48 0 0 869 -115 -7
53 49 0 0 908 -153 -14
53 51 0 0 834 -230 -3
53 53 0 0 819 -309 -3
53 55 0 0 790 -405 2
53 57 0 0 757 -493 0
53 59 0 0 718 -589 0
53 61 0 0 671 -685 0
53 63 0 0 613 -786 0
53 65 0 0 541 -887 0
53 67 0 0 456 -985 0
53 69 0 0 349 -1074 -1
53 71 0 0 219 -1141 0
53 73 0 0 104 -1189 0
53 75 0 0 -7 -1230 -1
53 77 0 0 -112 -1259 -1
53 79 0 0 -196 -1280 0
53 81 0 0 -257 -1276 0
53 83 0 0 -297 -1249 0
53 85 0 0 -282 -1187 -2
53 96 0 0 -208 -574 32
53 97 0 0 -3 -480 -15
54 46 0 0 1000 -1 -4
54 47 0 0 962 -41 -5
54 48 0 0 918 -103 -7
54 49 0 0 952 -135 -16
54 96 0 0 -228 -555 21
54 97 0 0 -7 -473 -1
55 46 0 0 1027 -5 0
55 47 0 0 970 -36 -1
55 48 0 0 966 -125 -8
55 49 0 0 1009 -168 -14
55 51 0 0 929 -254 -2
55 53 0 0 915 -335 -4
55 55 0 0 883 -436 2
55 57 0 0 853 -528 0
55 59 0 0 817 -630 0
55 61 0 0 775 -736 0
55 63 0 0 721 -851 0
55 65 0 0 649 -970 0
55 67 0 0 555 -1090 -1
55 69 0 0 430 -1197 0
55 71 0 0 272 -1268 0
55 73 0 0 146 -1311 0
55 75 0 0 21 -1344 -1
55 77 0 0 -93 -1364 -1
55 78 0 0 -200 -1371 0
55 80 0 0 -295 -1348 1
55 82 0 0 -363 -1283 0
55 85 0 0 -377 -1185 -2
55 87 0 0 -368 -1087 -6
55 89 0 0 -342 -957 -7
55 91 0 0 -314 -865 -2
55 93 0 0 -287 -741 25
55 95 0 0 -283 -658 20
55 96 0 0 -316 -590 26
55 97 0 0 -14 -483 -15
56 46 0 0 1113 -2 -3
56 47 0 0 1073 -46 -6
56 48 0 0 1018 -116 -8
56 49 0 0 1061 -155 -16
56 96 0 0 -339 -546 20
56 97 0 0 -18 -476 -2
57 46 0 0 1148 -4 1
57 47 0 0 1087 -41 -3
57 48 0 0 1071 -140 -9
57 49 0 0 1118 -191 -15
57 51 0 0 1031 -281 -3
57 53 0 0 1012 -363 -4
57 55 0 0 980 -467 2
57 57 0 0 953 -559 0
57 59 0 0 924 -666 0
57 61 0 0 892 -781 0
57 63 0 0 847 -914 0
57 65 0 0 781 -1060 -1
57 67 0 0 687 -1214 0
57 69 0 0 530 -1347 0
57 71 0 0 334 -1411 0
57 73 0 0 183 -1439 1
57 75 0 0 50 -1465 0
57 76 0 0 -78 -1470 0
57 78 0 0 -211 -1487 2
57 80 0 0 -347 -1451 3
57 82 0 0 -463 -1334 2
57 85 0 0 -484 -1192 -2
57 87 0 0 -478 -1070 -5
57 89 0 0 -450 -937 -9
57 91 0 0 -419 -827 -4
57 93 0 0 -399 -699 8
57 95 0 0 -390 -647 13
57 96 0 0 -417 -577 24
57 97 0 0 -22 -480 -14
58 46 0 0 1240 -4 -2
58 47 0 0 1200 -54 -7
58 48 0 0 1128 -134 -9
58 49 0 0 1178 -181 -14
58 62 0 0 1001 -962 1
58 64 0 0 953 -1141 0
58 66 0 0 849 -1353 -3
58 83 0 0 -630 -1422 -4
58 85 0 0 -644 -1196 -5
58 87 0 0 -619 -1052 -5
58 96 0 0 -435 -535 18
58 97 0 0 -27 -476 -2
59 46 0 0 1289 -4 2
59 47 0 0 1222 -49 -5
59 48 0 0 1184 -161 -10
59 49 0 0 1235 -220 -14
59 51 0 0 1136 -319 -2
59 53 0 0 1111 -396 -6
59 55 0 0 1076 -495 3
59 57 0 0 1056 -584 0
59 59 0 0 1038 -690 0
59 61 0 0 1024 -812 0
59 68 0 0 630 -1535 4
59 71 0 0 362 -1598 1
59 73 0 0 199 -1600 -1
59 75 0 0 55 -1604 -5
59 76 0 0 -77 -1611 -6
59 78 0 0 -214 -1634 -9
59 81 0 0 -471 -1601 1
59 89 0 0 -580 -897 -8
59 91 0 0 -530 -795 -4
59 93 0 0 -494 -675 10
59 95 0 0 -479 -634 17
59 96 0 0 -504 -573 22
59 97 0 0 -29 -479 -13
60 46 0 0 1392 -7 -2
60 47 0 0 1352 -72 -8
60 48 0 0 1256 -166 -13
60 49 0 0 1307 -228 -14
60 62 0 0 1175 -983 -2
60 64 0 0 1167 -1207 -18
60 66 0 0 1089 -1497 -35
60 69 0 0 755 -1779 -30
60 81 0 0 -538 -1848 -14
60 83 0 0 -865 -1446 -8
60 85 0 0 -842 -1172 -15
60 87 0 0 -769 -1007 -2
60 96 0 0 -517 -525 18
60 97 0 0 -35 -477 -3
61 46 0 0 1468 -6 0
61 47 0 0 1388 -70 -8
61 48 0 0 1314 -204 -11
61 49 0 0 1357 -289 -14
61 51 0 0 1240 -372 -5
61 53 0 0 1200 -434 -5
61 55 0 0 1165 -522 2
61 57 0 0 1150 -597 0
61 59 0 0 1150 -696 0
61 61 0 0 1163 -815 -1
61 71 0 0 397 -1809 -15
61 73 0 0 197 -1745 0
61 75 0 0 72 -1735 3
61 76 0 0 -26 -1737 6
61 78 0 0 -193 -1889 9
61 89 0 0 -707 -862 -6
61 91 0 0 -631 -764 -1
61 93 0 0 -583 -657 18
61 95 0 0 -562 -623 10
61 96 0 0 -578 -567 21
61 97 0 0 -37 -479 -13
62 46 0 0 1608 -14 -2
62 47 0 0 1565 -118 -13
62 48 0 0 1420 -243 -23
62 49 0 0 1433 -312 -13
62 62 0 0 1403 -931 1
62 64 0 0 1479 -1168 -15
62 66 0 0 1325 -1519 -83
62 67 0 0 1267 -1732 -83
62 68 0 0 1037 -2085 -39
62 69 0 0 609 -2093 -21
62 70 0 0 425 -2044 -6
62 71 0 0 236 -1989 -8
62 72 0 0 180 -1908 -4
62 73 0 0 85 -1880 -5
62 74 0 0 80 -1839 -6
62 75 0 0 32 -1826 -9
62 76 0 0 36 -1819 -14
62 77 0 0 -5 -1825 -19
62 78 0 0 -61 -1952 -39
62 79 0 0 -203 -2257 -39
62 80 0 0 -557 -2494 14
62 81 0 0 -1159 -2048 -42
62 82 0 0 -1153 -1508 -48
62 83 0 0 -1169 -1266 -46
62 85 0 0 -1084 -1065 -25
62 87 0 0 -931 -912 -4
62 96 0 0 -584 -513 17
62 97 0 0 -42 -478 -4
63 46 0 0 1755 -18 1
63 47 0 0 1639 -140 -19
63 48 0 0 1480 -312 -20
63 49 0 0 1467 -403 -10
63 51 0 0 1333 -455 -3
63 53 0 0 1275 -484 -8
63 55 0 0 1236 -544 3
63 57 0 0 1233 -599 0
63 59 0 0 1256 -675 1
63 61 0 0 1313 -777 1
63 66 0 0 1687 -1403 -92
63 67 0 0 1565 -1824 -28
63 68 0 0 874 -2533 23
63 69 0 0 659 -2459 -2
63 70 0 0 258 -2195 -6
63 71 0 0 239 -2106 -12
63 72 0 0 97 -1956 -3
63 73 0 0 107 -1926 -4
63 74 0 0 45 -1855 -7
63 75 0 0 52 -1841 -10
63 76 0 0 49 -1820 -19
63 77 0 0 87 -1830 -20
63 78 0 0 302 -2002 -70
63 79 0 0 222 -2177 -82
63 80 0 0 -1134 -2590 -64
63 81 0 0 -1118 -2552 -72
63 82 0 0 -1446 -1391 -23
63 83 0 0 -1317 -1156 -52
63 89 0 0 -826 -793 -2
63 91 0 0 -727 -723 -3
63 93 0 0 -665 -630 17
63 95 0 0 -632 -605 6
63 96 0 0 -637 -562 20
63 97 0 0 -45 -478 -12
64 46 0 0 2116 -56 -3
64 47 0 0 1965 -359 -36
64 48 0 0 1616 -456 -42
64 49 0 0 1526 -475 -8
64 62 0 0 1566 -736 2
64 64 0 0 1879 -832 -33
64 66 0 0 2198 -1306 -107
64 67 0 0 2914 -1178 -176
64 68 0 0 2394 -3850 929
64 69 0 0 113 -3076 77
64 70 0 0 42 -2451 22
64 71 0 0 21 -2288 9
64 72 0 0 13 -2139 8
64 73 0 0 4 -2077 8
64 74 0 0 6 -2019 9
64 75 0 0 2 -1996 10
64 76 0 0 0 -1953 0
64 77 0 0 13 -1854 -8
64 78 0 0 200 -1253 14
64 79 0 0 398 -276 11
64 80 0 0 409 1591 -257
64 81 0 0 -3513 -517 54
64 82 0 0 -1740 -778 10
64 83 0 0 -1506 -950 -33
64 85 0 0 -1249 -766 -32
64 87 0 0 -1033 -712 0
64 96 0 0 -634 -499 16
64 97 0 0 -48 -478 -4
65 2 0 0 1 -2 0
65 3 0 0 3 -11 1
65 4 0 0 0 -13 2
65 37 0 0 -10 -596 -160
65 38 0 0 104 -798 13
65 39 0 0 79 -867 12
65 40 0 0 66 -975 0
65 41 0 0 66 -1029 -21
65 42 0 0 9 -1024 -18
65 43 0 0 -43 -944 1
65 44 0 0 -390 -113 12
65 45 0 0 -568 925 25
65 46 0 0 2675 -243 -15
65 47 0 0 2118 -501 -41
65 48 0 0 1654 -685 -39
65 49 0 0 1549 -614 -15
65 51 0 0 1365 -586 -18
65 53 0 0 1305 -543 -6
65 55 0 0 1275 -567 2
65 57 0 0 1283 -579 -1
65 59 0 0 1327 -617 0
65 61 0 0 1418 -662 0
65 66 0 0 2516 -422 -101
65 67 0 0 2932 -414 -249
65 68 0 0 -1274 479 147
65 81 0 0 -2125 -76 -5
65 82 0 0 -1706 -631 -6
65 83 0 0 -1464 -620 -25
65 88 0 0 -897 -672 -1
65 91 0 0 -790 -646 -5
65 93 0 0 -724 -580 15
65 95 0 0 -685 -581 3
65 96 0 0 -676 -550 20
65 97 0 0 -52 -477 -12
66 2 0 0 8 0 0
66 3 0 0 9 -9 0
66 4 0 0 0 -27 0
66 5 0 0 4 -36 0
66 6 0 0 5 -45 1
66 7 0 0 3 -61 0
66 8 0 0 5 -70 1
66 9 0 0 4 -84 0
66 10 0 0 5 -96 1
66 11 0 0 4 -108 0
66 12 0 0 5 -121 1
66 13 0 0 5 -134 0
66 14 0 0 5 -147 1
66 15 0 0 5 -162 0
66 16 0 0 6 -175 1
66 17 0 0 5 -190 0
66 18 0 0 6 -205 1
66 19 0 0 6 -222 0
66 20 0 0 7 -237 1
66 21 0 0 6 -256 0
66 22 0 0 8 -273 1
66 23 0 0 7 -294 0
66 24 0 0 9 -313 2
66 25 0 0 8 -337 0
66 26 0 0 10 -358 2
66 27 0 0 9 -384 0
66 28 0 0 12 -411 3
66 29 0 0 11 -441 0
66 30 0 0 14 -468 2
66 31 0 0 13 -503 0
66 32 0 0 16 -536 3
66 33 0 0 14 -571 0
66 34 0 0 21 -601 0
66 35 0 0 44 -636 -5
66 36 0 0 120 -690 -24
66 37 0 0 120 -739 -42
66 38 0 0 48 -777 -26
66 39 0 0 35 -784 1
66 40 0 0 24 -835 10
66 41 0 0 19 -883 10
66 42 0 0 -30 -947 15
66 43 0 0 -153 -993 -8
66 44 0 0 -50 -1714 -89
66 45 0 0 322 -2013 -109
66 46 0 0 1743 -1668 -86
66 47 0 0 1649 -1110 -96
66 48 0 0 1545 -819 -76
66 49 0 0 1492 -722 -14
66 64 0 0 1820 -425 -15
66 66 0 0 2164 -129 -88
66 67 0 0 2010 206 -145
66 68 0 0 509 342 15
66 81 0 0 -1655 -27 1
66 82 0 0 -1505 -267 -8
66 83 0 0 -1372 -489 -11
66 85 0 0 -1179 -485 -22
66 96 0 0 -662 -488 15
66 97 0 0 -52 -479 -5
67 2 0 0 12 -2 1
67 3 0 0 21 -16 0
67 4 0 0 16 -21 0
67 5 0 0 17 -43 2
67 6 0 0 15 -44 3
67 7 0 0 18 -64 2
67 8 0 0 11 -69 2
67 9 0 0 18 -86 1
67 10 0 0 15 -92 3
67 11 0 0 19 -111 2
67 12 0 0 16 -118 3
67 13 0 0 20 -138 2
67 14 0 0 16 -146 3
67 15 0 0 21 -165 2
67 16 0 0 17 -174 4
67 17 0 0 23 -194 2
67 18 0 0 18 -204 4
67 19 0 0 24 -226 2
67 20 0 0 19 -237 5
67 21 0 0 26 -260 2
67 22 0 0 21 -273 5
67 23 0 0 29 -297 2
67 24 0 0 24 -313 6
67 25 0 0 31 -338 3
67 26 0 0 27 -356 6
67 27 0 0 36 -385 4
67 28 0 0 31 -406 8
67 29 0 0 39 -436 4
67 30 0 0 35 -459 7
67 31 0 0 48 -495 4
67 32 0 0 45 -520 7
67 33 0 0 50 -551 2
67 34 0 0 43 -586 3
67 35 0 0 51 -628 2
67 36 0 0 55 -662 23
67 37 0 0 46 -658 27
67 38 0 0 70 -696 9
67 39 0 0 100 -755 6
67 40 0 0 123 -831 0
67 41 0 0 126 -901 0
67 42 0 0 136 -1002 0
67 43 0 0 182 -1113 5
67 44 0 0 320 -1453 -11
67 45 0 0 657 -1825 3
67 46 0 0 1210 -1610 -46
67 47 0 0 1299 -1080 -16
67 48 0 0 1318 -928 -52
67 49 0 0 1387 -724 -15
67 51 0 0 1303 -684 -8
67 53 0 0 1272 -590 -3
67 55 0 0 1268 -569 2
67 57 0 0 1286 -545 -1
67 59 0 0 1339 -535 0
67 61 0 0 1428 -525 -1
67 63 0 0 1565 -472 -2
67 66 0 0 1854 -48 -40
67 67 0 0 1796 186 -104
67 68 0 0 1194 129 36
67 81 0 0 -1477 -20 0
67 82 0 0 -1424 -263 -14
67 83 0 0 -1286 -299 -13
67 87 0 0 -1027 -532 0
67 88 0 0 -901 -550 0
67 91 0 0 -813 -563 -5
67 93 0 0 -751 -530 13
67 95 0 0 -712 -554 2
67 96 0 0 -694 -540 19
67 97 0 0 -57 -477 -11
68 2 0 0 31 -8 0
68 3 0 0 25 -12 0
68 5 0 0 33 -29 0
68 7 0 0 35 -48 1
68 8 0 0 35 -69 1
68 10 0 0 37 -90 1
68 12 0 0 39 -113 1
68 14 0 0 41 -136 1
68 16 0 0 44 -161 1
68 19 0 0 48 -188 1
68 21 0 0 52 -218 1
68 23 0 0 57 -249 1
68 25 0 0 64 -284 1
68 27 0 0 72 -323 1
68 29 0 0 81 -366 1
68 31 0 0 93 -414 1
68 33 0 0 110 -466 -1
68 35 0 0 134 -530 -1
68 36 0 0 163 -614 -1
68 38 0 0 194 -706 2
68 41 0 0 247 -822 7
68 42 0 0 337 -967 11
68 66 0 0 1670 -39 -23
68 67 0 0 1629 31 -12
68 68 0 0 1500 9 3
68 81 0 0 -1305 -9 0
68 82 0 0 -1257 -123 -7
68 83 0 0 -1182 -289 -6
68 96 0 0 -672 -478 14
68 97 0 0 -54 -479 -5
69 2 0 0 32 -9 -2
69 3 0 0 43 -20 -2
69 44 0 0 576 -1237 17
69 47 0 0 1020 -1113 -3
69 49 0 0 1168 -816 -3
69 51 0 0 1195 -708 -5
69 53 0 0 1202 -602 -2
69 55 0 0 1225 -554 0
69 57 0 0 1255 -508 -1
69 59 0 0 1308 -473 -1
69 61 0 0 1374 -429 -3
69 63 0 0 1464 -354 -1
69 64 0 0 1531 -243 -1
69 66 0 0 1593 -49 -12
69 67 0 0 1613 3 -8
69 68 0 0 1539 0 5
69 81 0 0 -1221 -9 -2
69 82 0 0 -1208 -139 -10
69 83 0 0 -1117 -173 -13
69 85 0 0 -1061 -333 -9
69 86 0 0 -968 -421 0
69 88 0 0 -873 -455 0
69 91 0 0 -805 -500 -5
69 93 0 0 -753 -485 12
69 95 0 0 -719 -532 1
69 96 0 0 -695 -531 18
69 97 0 0 -58 -477 -11
70 2 0 0 50 -4 0
70 3 0 0 47 -8 -1
70 5 0 0 52 -30 0
70 7 0 0 53 -48 0
70 8 0 0 54 -68 1
70 10 0 0 57 -89 1
70 12 0 0 60 -111 1
70 14 0 0 63 -135 1
70 16 0 0 68 -159 1
70 18 0 0 73 -186 1
70 21 0 0 79 -214 1
70 23 0 0 87 -246 1
70 25 0 0 96 -279 1
70 27 0 0 107 -317 2
70 29 0 0 120 -358 2
70 31 0 0 137 -405 3
70 33 0 0 157 -457 3
70 35 0 0 182 -516 5
70 36 0 0 218 -582 1
70 38 0 0 269 -652 2
70 40 0 0 341 -741 1
70 42 0 0 451 -825 4
70 44 0 0 613 -931 9
70 57 0 0 1210 -464 -1
70 66 0 0 1522 -84 -15
70 67 0 0 1560 -36 5
70 68 0 0 1515 -4 3
70 81 0 0 -1102 -5 0
70 82 0 0 -1074 -70 -2
70 83 0 0 -1032 -208 -11
70 96 0 0 -664 -469 14
70 97 0 0 -54 -479 -5
71 2 0 0 53 -10 -4
71 3 0 0 62 -24 -2
71 47 0 0 891 -895 6
71 49 0 0 1030 -745 0
71 51 0 0 1095 -656 1
71 53 0 0 1128 -570 0
71 55 0 0 1172 -516 0
71 59 0 0 1262 -415 -1
71 61 0 0 1316 -360 -3
71 63 0 0 1380 -279 -3
71 64 0 0 1424 -189 1
71 66 0 0 1473 -83 -4
71 67 0 0 1537 -45 3
71 68 0 0 1489 -3 4
71 81 0 0 -1055 -4 -6
71 82 0 0 -1050 -88 -5
71 83 0 0 -966 -114 -17
71 85 0 0 -958 -251 -6
71 86 0 0 -898 -339 -2
71 88 0 0 -830 -388 0
71 91 0 0 -778 -447 -6
71 93 0 0 -736 -449 11
71 95 0 0 -707 -512 0
71 96 0 0 -680 -525 18
71 97 0 0 -57 -478 -11
72 2 0 0 71 0 3
72 3 0 0 69 -4 0
72 5 0 0 72 -28 -1
72 7 0 0 74 -46 0
72 8 0 0 77 -66 0
72 10 0 0 80 -86 0
72 12 0 0 84 -107 0
72 14 0 0 89 -130 0
72 16 0 0 95 -153 0
72 18 0 0 102 -178 0
72 20 0 0 111 -206 0
72 23 0 0 121 -235 0
72 25 0 0 134 -266 0
72 27 0 0 149 -301 0
72 29 0 0 167 -339 0
72 31 0 0 189 -380 0
72 33 0 0 217 -426 -1
72 34 0 0 251 -475 -1
72 36 0 0 295 -532 -2
72 38 0 0 349 -589 -1
72 40 0 0 421 -655 -1
72 42 0 0 522 -707 -1
72 44 0 0 648 -760 2
72 46 0 0 827 -745 0
72 49 0 0 941 -659 2
72 51 0 0 1018 -592 0
72 53 0 0 1067 -524 0
72 55 0 0 1118 -472 0
72 57 0 0 1160 -418 -1
72 65 0 0 1324 -163 0
72 66 0 0 1425 -96 -5
72 67 0 0 1469 -38 6
72 68 0 0 1438 -5 1
72 81 0 0 -959 -4 0
72 82 0 0 -936 -46 -1
72 83 0 0 -901 -160 -10
72 84 0 0 -854 -198 -3
72 96 0 0 -644 -462 13
72 97 0 0 -53 -479 -4
73 2 0 0 71 -10 -4
73 3 0 0 83 -25 -2
73 59 0 0 1208 -367 -1
73 61 0 0 1252 -309 -2
73 63 0 0 1300 -237 -1
73 66 0 0 1389 -76 1
73 67 0 0 1444 -45 1
73 68 0 0 1408 -2 3
73 81 0 0 -931 -3 -5
73 82 0 0 -926 -61 -1
73 83 0 0 -836 -83 -13
73 86 0 0 -823 -289 -3
73 88 0 0 -774 -338 0
73 91 0 0 -738 -409 -7
73 93 0 0 -705 -421 11
73 95 0 0 -682 -497 0
73 96 0 0 -653 -520 18
73 97 0 0 -55 -478 -11
74 2 0 0 91 1 3
74 3 0 0 90 -1 -2
74 5 0 0 91 -27 0
74 7 0 0 93 -44 0
74 8 0 0 96 -63 0
74 10 0 0 99 -82 0
74 12 0 0 104 -102 0
74 14 0 0 111 -123 0
74 16 0 0 118 -146 0
74 18 0 0 127 -170 0
74 20 0 0 138 -195 0
74 23 0 0 150 -222 0
74 25 0 0 165 -252 0
74 27 0 0 182 -284 0
74 29 0 0 203 -318 0
74 31 0 0 228 -355 0
74 33 0 0 258 -395 0
74 34 0 0 294 -438 0
74 36 0 0 340 -483 0
74 38 0 0 396 -527 0
74 40 0 0 466 -574 0
74 42 0 0 556 -607 0
74 45 0 0 656 -635 0
74 47 0 0 787 -624 0
74 49 0 0 879 -573 0
74 51 0 0 957 -523 0
74 53 0 0 1012 -470 0
74 55 0 0 1066 -422 0
74 57 0 0 1109 -372 0
74 65 0 0 1249 -141 0
74 66 0 0 1346 -91 0
74 67 0 0 1323 -41 -14
74 68 0 0 1365 -4 2
74 81 0 0 -848 -4 -1
74 82 0 0 -837 -100 -24
74 83 0 0 -795 -137 -10
74 84 0 0 -769 -165 -2
74 96 0 0 -613 -457 13
74 97 0 0 -50 -479 -4
75 2 0 0 88 -4 -3
75 3 0 0 102 -26 -2
75 59 0 0 1155 -322 0
75 61 0 0 1194 -268 -1
75 63 0 0 1232 -203 0
75 66 0 0 1315 -65 3
75 67 0 0 1329 -28 0
75 68 0 0 1339 -2 3
75 81 0 0 -825 -2 -3
75 82 0 0 -771 -42 23
75 83 0 0 -732 -67 -10
75 86 0 0 -749 -253 -3
75 88 0 0 -716 -303 0
75 90 0 0 -690 -380 -7
75 93 0 0 -665 -401 10
75 95 0 0 -646 -485 0
75 96 0 0 -618 -517 18
75 97 0 0 -51 -479 -11
76 2 0 0 127 1 0
76 3 0 0 110 1 -1
76 5 0 0 108 -25 0
76 7 0 0 112 -41 0
76 8 0 0 115 -59 0
76 10 0 0 119 -77 0
76 12 0 0 125 -96 0
76 14 0 0 132 -116 0
76 16 0 0 141 -137 0
76 18 0 0 151 -159 0
76 20 0 0 163 -182 0
76 22 0 0 178 -207 0
76 25 0 0 195 -234 0
76 27 0 0 215 -262 0
76 29 0 0 238 -293 0
76 31 0 0 265 -325 0
76 33 0 0 298 -359 0
76 35 0 0 337 -394 0
76 37 0 0 383 -431 0
76 39 0 0 438 -465 0
76 41 0 0 502 -499 0
76 43 0 0 581 -521 0
76 45 0 0 664 -536 0
76 47 0 0 763 -527 0
76 49 0 0 841 -495 0
76 51 0 0 912 -458 0
76 53 0 0 967 -416 0
76 55 0 0 1019 -374 0
76 57 0 0 1062 -329 0
76 65 0 0 1184 -121 0
76 66 0 0 1274 -83 1
76 67 0 0 1319 -39 8
76 68 0 0 1303 -3 2
76 81 0 0 -757 -6 -3
76 82 0 0 -730 -34 -1
76 83 0 0 -696 -119 -13
76 84 0 0 -688 -144 -1
76 96 0 0 -575 -454 13
76 97 0 0 -51 -489 -12
77 2 0 0 105 -2 -3
77 3 0 0 120 -27 -2
77 59 0 0 1104 -282 0
77 61 0 0 1139 -232 -1
77 63 0 0 1171 -175 1
77 66 0 0 1248 -53 2
77 67 0 0 1296 -43 0
77 68 0 0 1275 -1 4
77 81 0 0 -731 -2 -2
77 82 0 0 -731 -37 2
77 83 0 0 -653 -56 -8
77 86 0 0 -677 -230 -3
77 88 0 0 -654 -279 0
77 90 0 0 -636 -360 -7
77 93 0 0 -617 -386 10
77 95 0 0 -602 -476 0
77 96 0 0 -577 -514 18
77 97 0 0 -47 -479 -12
78 2 0 0 126 5 4
78 3 0 0 129 4 -1
78 5 0 0 125 -23 0
78 7 0 0 128 -38 0
78 8 0 0 132 -55 0
78 10 0 0 137 -72 0
78 12 0 0 144 -89 0
78 14 0 0 152 -108 0
78 16 0 0 161 -127 0
78 18 0 0 173 -147 0
78 20 0 0 186 -168 0
78 22 0 0 202 -191 0
78 24 0 0 221 -215 0
78 27 0 0 242 -240 0
78 29 0 0 267 -267 0
78 31 0 0 295 -295 0
78 33 0 0 329 -324 0
78 35 0 0 367 -353 0
78 37 0 0 413 -382 0
78 39 0 0 465 -408 0
78 41 0 0 524 -432 0
78 43 0 0 593 -447 0
78 45 0 0 663 -455 0
78 47 0 0 744 -447 0
78 49 0 0 812 -425 0
78 51 0 0 876 -397 0
78 53 0 0 929 -362 0
78 55 0 0 978 -326 0
78 66 0 0 1209 -75 0
78 67 0 0 1256 -36 7
78 68 0 0 1243 -2 1
78 81 0 0 -666 -5 -1
78 82 0 0 -643 -29 -1
78 83 0 0 -620 -111 -13
78 96 0 0 -532 -452 13
78 97 0 0 -43 -479 -4
79 2 0 0 121 -1 -3
79 3 0 0 137 -27 -2
79 57 0 0 1020 -287 0
79 59 0 0 1058 -245 0
79 61 0 0 1090 -200 -1
79 63 0 0 1117 -150 1
79 65 0 0 1128 -104 -1
79 66 0 0 1186 -42 0
79 67 0 0 1235 -38 -1
79 68 0 0 1217 -1 4
79 81 0 0 -644 -2 -1
79 82 0 0 -646 -30 3
79 83 0 0 -580 -49 -7
79 84 0 0 -613 -132 0
79 86 0 0 -608 -214 -3
79 88 0 0 -592 -263 0
79 90 0 0 -580 -346 -7
79 93 0 0 -564 -376 10
79 95 0 0 -554 -469 0
79 96 0 0 -531 -513 18
79 97 0 0 -42 -480 -12
80 2 0 0 143 6 5
80 3 0 0 147 7 0
80 5 0 0 140 -21 0
80 7 0 0 144 -35 0
80 8 0 0 148 -50 0
80 10 0 0 154 -66 0
80 12 0 0 161 -82 0
80 14 0 0 170 -98 0
80 16 0 0 180 -116 0
80 18 0 0 193 -134 0
80 20 0 0 207 -153 0
80 22 0 0 224 -173 0
80 24 0 0 244 -194 0
80 27 0 0 266 -216 0
80 29 0 0 292 -239 0
80 31 0 0 322 -263 0
80 33 0 0 355 -287 0
80 35 0 0 394 -311 0
80 37 0 0 438 -334 0
80 39 0 0 487 -354 0
80 41 0 0 541 -371 0
80 43 0 0 602 -382 0
80 45 0 0 664 -386 0
80 47 0 0 731 -380 0
80 49 0 0 790 -363 0
80 66 0 0 1153 -67 1
80 67 0 0 1202 -32 6
80 68 0 0 1192 -2 1
80 81 0 0 -586 -5 -1
80 82 0 0 -563 -27 -2
80 83 0 0 -549 -107 -12
80 96 0 0 -486 -452 13
80 97 0 0 -38 -479 -4
81 2 0 0 136 0 -3
81 3 0 0 152 -28 -2
81 51 0 0 848 -341 0
81 53 0 0 897 -313 0
81 55 0 0 943 -282 0
81 57 0 0 982 -248 0
81 59 0 0 1018 -212 0
81 61 0 0 1046 -172 -1
81 63 0 0 1071 -129 1
81 65 0 0 1079 -89 -1
81 66 0 0 1129 -30 1
81 67 0 0 1182 -34 -3
81 68 0 0 1166 0 3
81 81 0 0 -563 -1 0
81 82 0 0 -568 -27 3
81 83 0 0 -512 -45 -7
81 84 0 0 -542 -124 0
81 86 0 0 -541 -203 -3
81 88 0 0 -529 -252 0
81 90 0 0 -522 -336 -7
81 93 0 0 -508 -369 9
81 95 0 0 -501 -464 0
81 96 0 0 -480 -510 19
81 97 0 0 -37 -481 -13
82 2 0 0 158 7 5
82 3 0 0 162 9 0
82 5 0 0 154 -19 0
82 7 0 0 158 -32 0
82 8 0 0 163 -45 0
82 10 0 0 169 -59 0
82 12 0 0 176 -73 0
82 14 0 0 186 -88 0
82 16 0 0 197 -104 0
82 18 0 0 210 -120 0
82 20 0 0 226 -137 0
82 22 0 0 243 -154 0
82 24 0 0 264 -173 0
82 27 0 0 287 -192 0
82 29 0 0 314 -211 0
82 31 0 0 343 -231 0
82 33 0 0 377 -251 0
82 35 0 0 414 -271 0
82 37 0 0 456 -289 0
82 39 0 0 503 -304 0
82 41 0 0 552 -317 0
82 43 0 0 607 -324 0
82 66 0 0 1104 -60 1
82 67 0 0 1155 -30 6
82 68 0 0 1147 -2 1
82 81 0 0 -511 -5 -1
82 82 0 0 -488 -25 -2
82 83 0 0 -482 -104 -11
82 96 0 0 -436 -454 14
82 97 0 0 -33 -479 -4
83 2 0 0 149 0 -3
83 3 0 0 167 -28 -3
83 45 0 0 662 -326 0
83 47 0 0 720 -321 0
83 49 0 0 774 -308 0
83 51 0 0 825 -290 0
83 53 0 0 871 -267 0
83 55 0 0 913 -241 0
83 57 0 0 950 -212 0
83 59 0 0 983 -181 0
83 61 0 0 1009 -147 0
83 63 0 0 1031 -109 1
83 65 0 0 1038 -76 -1
83 66 0 0 1080 -20 2
83 67 0 0 1137 -31 -4
83 68 0 0 1122 0 3
83 81 0 0 -485 -1 0
83 82 0 0 -492 -25 3
83 83 0 0 -446 -42 -6
83 84 0 0 -474 -118 0
83 86 0 0 -475 -196 -2
83 88 0 0 -466 -244 0
83 90 0 0 -462 -329 -7
83 93 0 0 -450 -364 9
83 95 0 0 -445 -459 1
83 96 0 0 -427 -508 19
83 97 0 0 -31 -482 -13
84 2 0 0 171 8 6
84 3 0 0 175 11 0
84 66 0 0 1063 -55 2
84 67 0 0 1115 -30 5
84 68 0 0 1108 -1 1
84 81 0 0 -438 -5 0
84 82 0 0 -415 -26 -3
84 83 0 0 -417 -102 -10
84 96 0 0 -384 -458 14
84 97 0 0 -28 -479 -4
85 2 0 0 161 0 -3
85 3 0 0 179 -27 -2
85 5 0 0 166 -17 0
85 7 0 0 171 -28 0
85 8 0 0 175 -40 0
85 10 0 0 182 -52 0
85 12 0 0 190 -65 0
85 14 0 0 200 -78 0
85 16 0 0 211 -91 0
85 18 0 0 225 -105 0
85 20 0 0 241 -120 0
85 22 0 0 260 -135 0
85 24 0 0 281 -150 0
85 27 0 0 305 -167 0
85 29 0 0 331 -183 0
85 31 0 0 361 -200 0
85 33 0 0 394 -216 0
85 35 0 0 431 -231 0
85 37 0 0 470 -246 0
85 39 0 0 514 -258 0
85 41 0 0 560 -267 0
85 43 0 0 610 -272 0
85 45 0 0 660 -273 0
85 47 0 0 711 -268 0
85 49 0 0 759 -258 0
85 51 0 0 806 -244 0
85 53 0 0 848 -225 0
85 55 0 0 887 -203 0
85 57 0 0 921 -179 0
85 59 0 0 952 -152 0
85 61 0 0 976 -124 0
85 63 0 0 997 -92 1
85 65 0 0 1001 -64 0
85 66 0 0 1040 -13 3
85 67 0 0 1097 -29 -3
85 68 0 0 1084 0 3
85 81 0 0 -410 -2 0
85 82 0 0 -419 -27 3
85 83 0 0 -381 -42 -5
85 84 0 0 -408 -115 0
85 86 0 0 -410 -191 -2
85 88 0 0 -403 -239 1
85 90 0 0 -402 -323 -6
85 93 0 0 -390 -362 9
85 95 0 0 -388 -455 2
85 96 0 0 -372 -504 20
85 97 0 0 -26 -484 -14
86 2 0 0 184 8 6
86 3 0 0 186 11 1
86 66 0 0 1029 -48 3
86 67 0 0 1081 -29 5
86 68 0 0 1075 -1 1
86 81 0 0 -369 -4 0
86 82 0 0 -346 -28 -4
86 83 0 0 -353 -100 -10
86 96 0 0 -329 -464 15
86 97 0 0 -23 -478 -3
87 2 0 0 172 0 -3
87 3 0 0 190 -27 -2
87 5 0 0 177 -14 0
87 7 0 0 182 -24 0
87 8 0 0 187 -34 0
87 10 0 0 194 -45 0
87 12 0 0 202 -55 0
87 14 0 0 212 -66 0
87 16 0 0 224 -78 0
87 18 0 0 239 -90 0
87 20 0 0 255 -102 0
87 22 0 0 274 -115 0
87 24 0 0 296 -128 0
87 27 0 0 320 -142 0
87 29 0 0 347 -155 0
87 31 0 0 376 -169 0
87 33 0 0 409 -182 0
87 35 0 0 444 -194 0
87 37 0 0 483 -205 0
87 39 0 0 524 -214 0
87 41 0 0 567 -221 0
87 43 0 0 613 -225 0
87 45 0 0 659 -225 0
87 47 0 0 705 -221 0
87 49 0 0 749 -213 0
87 51 0 0 792 -201 0
87 53 0 0 831 -186 0
87 55 0 0 867 -169 0
87 57 0 0 899 -148 0
87 59 0 0 927 -126 0
87 61 0 0 950 -101 0
87 63 0 0 968 -77 2
87 65 0 0 973 -52 -1
87 66 0 0 1008 -6 3
87 67 0 0 1062 -27 -2
87 68 0 0 1051 0 3
87 81 0 0 -338 -2 0
87 82 0 0 -349 -29 2
87 83 0 0 -317 -42 -6
87 84 0 0 -344 -113 0
87 86 0 0 -346 -187 -2
87 88 0 0 -340 -237 1
87 90 0 0 -341 -320 -6
87 93 0 0 -329 -360 9
87 95 0 0 -330 -452 1
87 96 0 0 -315 -498 20
87 97 0 0 -20 -484 -14
88 2 0 0 195 7 6
88 3 0 0 196 13 1
88 66 0 0 1003 -43 7
88 67 0 0 1053 -28 6
88 68 0 0 1046 -1 1
88 81 0 0 -302 -2 1
88 82 0 0 -277 -28 -3
88 83 0 0 -290 -97 -9
88 96 0 0 -270 -470 15
88 97 0 0 -18 -477 -2
89 2 0 0 181 0 -3
89 3 0 0 198 -26 -2
89 5 0 0 185 -12 0
89 7 0 0 191 -20 0
89 8 0 0 196 -28 0
89 10 0 0 203 -37 0
89 12 0 0 211 -46 0
89 14 0 0 222 -55 0
89 16 0 0 235 -64 0
89 18 0 0 249 -74 0
89 20 0 0 266 -84 0
89 22 0 0 285 -95 0
89 25 0 0 307 -105 0
89 27 0 0 331 -116 0
89 29 0 0 358 -127 0
89 31 0 0 387 -138 0
89 33 0 0 419 -148 0
89 35 0 0 453 -158 0
89 37 0 0 490 -166 0
89 39 0 0 529 -173 0
89 41 0 0 570 -178 0
89 43 0 0 612 -181 0
89 45 0 0 655 -181 0
89 47 0 0 698 -177 0
89 49 0 0 739 -171 0
89 51 0 0 778 -162 0
89 53 0 0 815 -150 0
89 55 0 0 848 -136 0
89 57 0 0 878 -120 0
89 59 0 0 904 -102 1
89 61 0 0 924 -82 0
89 63 0 0 944 -62 2
89 65 0 0 944 -44 0
89 66 0 0 981 -3 3
89 67 0 0 1030 -25 1
89 68 0 0 1022 0 3
89 81 0 0 -267 -2 -2
89 82 0 0 -280 -29 0
89 83 0 0 -254 -45 -5
89 84 0 0 -279 -112 -1
89 86 0 0 -283 -184 -1
89 88 0 0 -277 -236 1
89 90 0 0 -281 -317 -5
89 93 0 0 -268 -362 8
89 95 0 0 -271 -450 1
89 96 0 0 -258 -494 22
89 97 0 0 -15 -486 -15
90 2 0 0 203 6 7
90 3 0 0 203 15 2
90 66 0 0 978 -40 7
90 67 0 0 1027 -27 7
90 68 0 0 1019 -1 1
90 81 0 0 -233 -2 0
90 82 0 0 -210 -32 -4
90 83 0 0 -229 -94 -8
90 96 0 0 -209 -475 17
90 97 0 0 -12 -476 -2
91 2 0 0 187 0 -2
91 3 0 0 203 -25 -1
91 5 0 0 195 -11 0
91 7 0 0 199 -15 0
91 8 0 0 204 -22 0
91 10 0 0 211 -29 0
91 12 0 0 220 -36 0
91 14 0 0 231 -43 0
91 16 0 0 244 -50 0
91 18 0 0 259 -58 0
91 20 0 0 277 -66 0
91 23 0 0 296 -74 0
91 25 0 0 318 -83 0
91 27 0 0 342 -91 0
91 29 0 0 369 -99 0
91 31 0 0 398 -108 0
91 33 0 0 429 -115 0
91 35 0 0 463 -123 0
91 37 0 0 498 -129 0
91 39 0 0 536 -134 0
91 41 0 0 575 -138 0
91 43 0 0 615 -140 0
91 45 0 0 656 -140 0
91 47 0 0 696 -137 0
91 49 0 0 734 -132 0
91 51 0 0 771 -125 1
91 53 0 0 806 -116 1
91 55 0 0 837 -106 1
91 57 0 0 865 -93 1
91 59 0 0 890 -80 1
91 61 0 0 911 -63 0
91 63 0 0 928 -50 3
91 64 0 0 929 -30 -4
91 66 0 0 964 2 0
91 67 0 0 1004 -21 1
91 68 0 0 996 0 3
91 81 0 0 -199 -2 -1
91 82 0 0 -209 -38 0
91 83 0 0 -190 -50 -4
91 85 0 0 -217 -112 -2
91 86 0 0 -220 -183 -2
91 88 0 0 -212 -238 0
91 91 0 0 -218 -315 -6
91 93 0 0 -206 -365 4
91 95 0 0 -216 -445 2
91 96 0 0 -201 -490 24
91 97 0 0 -12 -485 -15
92 2 0 0 207 15 7
92 3 0 0 209 21 2
92 5 0 0 197 -5 0
92 7 0 0 203 -11 -1
92 66 0 0 957 -44 2
92 67 0 0 1006 -19 2
92 68 0 0 997 -1 1
92 81 0 0 -167 -1 0
92 82 0 0 -147 -35 -4
92 83 0 0 -168 -91 -9
92 96 0 0 -147 -475 17
92 97 0 0 -5 -476 -3
93 2 0 0 192 8 0
93 3 0 0 200 -21 1
93 8 0 0 209 -15 -1
93 10 0 0 216 -21 -1
93 12 0 0 225 -25 -1
93 14 0 0 236 -31 -1
93 16 0 0 250 -36 -1
93 18 0 0 265 -42 -1
93 20 0 0 282 -48 -1
93 23 0 0 302 -53 -1
93 25 0 0 324 -59 -1
93 27 0 0 348 -66 -1
93 29 0 0 374 -72 -1
93 31 0 0 403 -78 -1
93 33 0 0 433 -83 -1
93 35 0 0 466 -88 -1
93 37 0 0 501 -93 -1
93 39 0 0 537 -97 -1
93 41 0 0 574 -100 -1
93 43 0 0 612 -101 -1
93 45 0 0 650 -101 -1
93 47 0 0 688 -99 -1
93 49 0 0 725 -96 -1
93 51 0 0 759 -91 -1
93 53 0 0 792 -85 -1
93 55 0 0 822 -77 -1
93 57 0 0 848 -68 -1
93 59 0 0 872 -58 -1
93 61 0 0 890 -47 -2
93 63 0 0 907 -36 1
93 64 0 0 908 -27 -5
93 66 0 0 930 -3 8
93 67 0 0 992 -18 -7
93 68 0 0 979 0 3
93 81 0 0 -135 -2 -3
93 82 0 0 -143 -42 -1
93 83 0 0 -126 -56 -5
93 85 0 0 -151 -113 -1
93 86 0 0 -155 -180 0
93 88 0 0 -147 -236 2
93 91 0 0 -154 -309 -2
93 93 0 0 -143 -361 3
93 95 0 0 -163 -445 0
93 96 0 0 -140 -474 24
93 97 0 0 -6 -486 -17
94 2 0 0 212 0 5
94 3 0 0 218 18 5
94 5 0 0 206 -7 -5
94 7 0 0 213 -4 -7
94 9 0 0 215 -10 -9
94 66 0 0 936 -36 6
94 67 0 0 980 -8 2
94 68 0 0 980 0 2
94 81 0 0 -100 -1 0
94 82 0 0 -90 -36 -4
94 83 0 0 -106 -83 -7
94 96 0 0 -83 -464 16
94 97 0 0 0 -479 -1
95 2 0 0 206 -3 6
95 3 0 0 194 -20 0
95 10 0 0 223 -12 -9
95 12 0 0 232 -15 -9
95 14 0 0 244 -18 -9
95 16 0 0 257 -21 -10
95 19 0 0 272 -25 -10
95 21 0 0 290 -28 -11
95 23 0 0 310 -32 -11
95 25 0 0 332 -36 -12
95 27 0 0 357 -39 -13
95 29 0 0 383 -43 -14
95 31 0 0 412 -47 -15
95 33 0 0 443 -50 -16
95 35 0 0 476 -53 -17
95 37 0 0 510 -56 -18
95 39 0 0 546 -59 -19
95 41 0 0 583 -60 -20
95 43 0 0 621 -61 -21
95 45 0 0 659 -61 -22
95 47 0 0 696 -61 -22
95 49 0 0 731 -59 -24
95 51 0 0 764 -56 -25
95 53 0 0 796 -52 -26
95 55 0 0 824 -48 -27
95 57 0 0 850 -42 -27
95 59 0 0 873 -38 -27
95 61 0 0 892 -26 -30
95 63 0 0 910 -25 -22
95 64 0 0 919 -12 -27
95 66 0 0 910 6 1
95 67 0 0 973 -7 -5
95 68 0 0 971 1 4
95 81 0 0 -71 -2 -4
95 82 0 0 -84 -38 -4
95 83 0 0 -62 -60 -1
95 85 0 0 -94 -111 0
95 86 0 0 -99 -177 0
95 88 0 0 -88 -234 1
95 91 0 0 -102 -302 -4
95 93 0 0 -80 -351 7
95 95 0 0 -114 -440 -5
95 96 0 0 -73 -485 10
95 97 0 0 0 -473 -6
96 2 0 0 190 21 -10
96 3 0 0 219 -6 -5
96 4 0 0 222 -15 -4
96 5 0 0 220 0 -7
96 6 0 0 215 -11 -13
96 7 0 0 216 6 -10
96 8 0 0 220 -12 -14
96 9 0 0 221 4 -14
96 10 0 0 222 -16 -16
96 11 0 0 226 2 -16
96 12 0 0 232 -18 -16
96 13 0 0 235 1 -16
96 14 0 0 243 -20 -17
96 15 0 0 247 0 -17
96 16 0 0 257 -22 -18
96 17 0 0 261 -1 -17
96 18 0 0 273 -25 -18
96 19 0 0 277 -2 -18
96 20 0 0 291 -27 -19
96 21 0 0 295 -4 -19
96 22 0 0 311 -30 -20
96 23 0 0 314 -5 -20
96 24 0 0 333 -33 -21
96 25 0 0 336 -7 -21
96 26 0 0 357 -36 -22
96 27 0 0 361 -8 -22
96 28 0 0 384 -39 -23
96 29 0 0 387 -9 -23
96 30 0 0 413 -42 -24
96 31 0 0 416 -10 -24
96 32 0 0 444 -45 -25
96 33 0 0 446 -11 -25
96 34 0 0 476 -48 -26
96 35 0 0 478 -12 -26
96 36 0 0 511 -51 -27
96 37 0 0 512 -13 -27
96 38 0 0 546 -53 -28
96 39 0 0 548 -13 -28
96 40 0 0 583 -55 -29
96 41 0 0 584 -13 -29
96 42 0 0 620 -56 -30
96 43 0 0 621 -13 -30
96 44 0 0 657 -57 -30
96 45 0 0 657 -12 -31
96 46 0 0 694 -57 -31
96 47 0 0 693 -10 -31
96 48 0 0 729 -57 -32
96 49 0 0 728 -9 -32
96 50 0 0 763 -56 -32
96 51 0 0 761 -7 -32
96 52 0 0 794 -54 -32
96 53 0 0 792 -4 -32
96 54 0 0 823 -51 -32
96 55 0 0 820 -1 -33
96 56 0 0 849 -48 -31
96 57 0 0 846 1 -33
96 58 0 0 870 -44 -31
96 59 0 0 867 4 -32
96 60 0 0 891 -40 -32
96 61 0 0 889 11 -34
96 62 0 0 902 -30 -32
96 63 0 0 902 14 -31
96 64 0 0 920 -17 -33
96 65 0 0 922 21 -32
96 66 0 0 927 7 -21
96 67 0 0 950 -3 0
96 68 0 0 985 4 2
96 81 0 0 -37 0 0
96 82 0 0 -26 -37 -1
96 83 0 0 -46 -74 1
96 84 0 0 -35 -88 0
96 85 0 0 -58 -136 5
96 86 0 0 -29 -157 2
96 87 0 0 -61 -203 7
96 88 0 0 -20 -226 1
96 89 0 0 -60 -262 7
96 90 0 0 -17 -289 1
96 91 0 0 -58 -329 9
96 92 0 0 -3 -355 3
96 93 0 0 -59 -391 13
96 94 0 0 -21 -424 9
96 95 0 0 -79 -475 30
96 96 0 0 -13 -514 5
96 97 0 0 2 -475 -42
97 2 0 0 196 -5 -2
97 3 0 0 204 2 0
97 4 0 0 199 9 -12
97 5 0 0 200 -8 -12
97 6 0 0 203 7 -13
97 7 0 0 204 -16 -11
97 8 0 0 223 -3 -1
97 9 0 0 192 0 5
97 10 0 0 198 -3 2
97 11 0 0 200 0 1
97 12 0 0 207 -3 2
97 13 0 0 209 0 1
97 14 0 0 218 -4 2
97 15 0 0 220 0 1
97 16 0 0 230 -4 2
97 17 0 0 233 0 1
97 18 0 0 245 -5 2
97 19 0 0 248 0 2
97 20 0 0 261 -6 2
97 21 0 0 265 0 2
97 22 0 0 280 -6 2
97 23 0 0 285 -1 2
97 24 0 0 301 -7 2
97 25 0 0 306 -2 2
97 26 0 0 324 -9 2
97 27 0 0 329 -2 2
97 28 0 0 349 -10 3
97 29 0 0 355 -3 2
97 30 0 0 377 -12 3
97 31 0 0 383 -4 2
97 32 0 0 406 -14 3
97 33 0 0 413 -5 2
97 34 0 0 438 -16 3
97 35 0 0 445 -5 2
97 36 0 0 471 -18 3
97 37 0 0 478 -6 2
97 38 0 0 506 -20 3
97 39 0 0 513 -7 2
97 40 0 0 542 -22 2
97 41 0 0 548 -7 2
97 42 0 0 578 -24 1
97 43 0 0 584 -7 3
97 44 0 0 615 -26 0
97 45 0 0 620 -7 3
97 46 0 0 652 -28 0
97 47 0 0 655 -6 4
97 48 0 0 689 -30 0
97 49 0 0 690 -6 4
97 50 0 0 724 -31 -1
97 51 0 0 725 -5 3
97 52 0 0 757 -31 -2
97 53 0 0 757 -5 2
97 54 0 0 787 -31 -3
97 55 0 0 787 -3 0
97 56 0 0 814 -31 -3
97 57 0 0 817 0 0
97 58 0 0 837 -29 -3
97 59 0 0 843 3 -2
97 60 0 0 856 -26 -2
97 61 0 0 861 7 -3
97 62 0 0 873 -22 -4
97 63 0 0 872 8 -2
97 64 0 0 894 -17 -4
97 65 0 0 879 0 5
97 66 0 0 907 -11 7
97 67 0 0 959 19 5
97 68 0 0 940 -1 6
97 81 0 0 -3 -2 0
97 82 0 0 -3 -39 1
97 83 0 0 -7 -59 -1
97 84 0 0 -6 -96 18
97 85 0 0 -11 -122 5
97 86 0 0 -7 -169 23
97 87 0 0 -6 -193 -2
97 88 0 0 -7 -239 24
97 89 0 0 -5 -262 0
97 90 0 0 -6 -305 23
97 91 0 0 -4 -328 3
97 92 0 0 -5 -368 15
97 93 0 0 -5 -392 10
97 94 0 0 0 -423 12
97 95 0 0 -8 -468 15
97 96 0 0 33 -430 33
97 97 0 0 20 -489 -9
