env_min(m) 0.0000 0.0000 0.0000
env_max(m) 10.0000 10.0000 3.0000
NumCells_XYZ 100 100 30
CellSizes_XYZ[m] 0.1000 0.1000 0.1000
GasSourceLocation_XYZ[m] 6.5000 3.2143 0.5000
GasType ethanol
Cell_x	 Cell_y	 Cell_z	 Gas_conc[10^⁻3ppm]	 Wind_u[10^⁻3m/s]	 Wind_v[10^⁻3m/s]	 Wind_w[10^⁻3m/s]
2 2 0 0 0 0 0
2 3 0 0 0 1 0
2 4 0 0 0 3 0
2 5 0 0 0 4 0
2 6 0 0 0 6 -1
2 7 0 0 0 7 1
2 8 0 0 0 9 -2
2 9 0 0 0 10 2
2 10 0 0 0 12 -3
2 11 0 0 0 14 3
2 12 0 0 0 15 -4
2 13 0 0 0 17 3
2 14 0 0 0 18 -4
2 15 0 0 0 20 4
2 16 0 0 0 22 -5
2 17 0 0 0 24 5
2 18 0 0 0 25 -6
2 19 0 0 0 27 6
2 20 0 0 0 29 -6
2 21 0 0 0 31 7
2 22 0 0 0 32 -7
2 23 0 0 0 35 8
2 24 0 0 0 36 -8
2 25 0 0 0 39 8
2 26 0 0 0 40 -9
2 27 0 0 0 43 9
2 28 0 0 0 44 -9
2 29 0 0 0 47 10
2 30 0 0 0 49 -10
2 31 0 0 0 52 11
2 32 0 0 0 53 -10
2 33 0 0 0 56 12
2 34 0 0 0 58 -11
2 35 0 0 0 61 13
2 36 0 0 0 63 -12
2 37 0 0 0 66 14
2 38 0 0 0 68 -12
2 39 0 0 0 72 15
2 40 0 0 0 73 -13
2 41 0 0 1 77 16
2 42 0 0 0 78 -13
2 43 0 0 1 83 16
2 44 0 0 0 84 -14
2 45 0 0 -11 99 0
2 46 0 0 0 90 -14
2 47 0 0 5 103 0
2 48 0 0 0 96 -15
2 49 0 0 1 102 19
2 50 0 0 0 103 -15
2 51 0 0 2 109 20
2 52 0 0 0 110 -15
2 53 0 0 2 116 21
2 54 0 0 0 118 -15
2 55 0 0 2 125 22
2 56 0 0 0 126 -15
2 57 0 0 2 133 23
2 58 0 0 0 135 -15
2 59 0 0 2 143 23
2 60 0 0 0 144 -15
2 61 0 0 3 153 24
2 62 0 0 0 155 -15
2 63 0 0 3 164 25
2 64 0 0 0 166 -15
2 65 0 0 3 175 26
2 66 0 0 0 177 -15
2 67 0 0 3 187 27
2 68 0 0 0 188 -15
2 69 0 0 3 198 27
2 70 0 0 0 199 -15
2 71 0 0 4 209 28
2 72 0 0 0 208 -15
2 73 0 0 4 218 28
2 74 0 0 0 216 -15
2 75 0 0 4 224 28
2 76 0 0 0 220 -15
2 77 0 0 4 228 28
2 78 0 0 0 222 -15
2 79 0 0 5 229 28
2 80 0 0 0 222 -15
2 81 0 0 5 227 28
2 82 0 0 0 219 -15
2 83 0 0 5 224 27
2 84 0 0 0 214 -15
2 85 0 0 5 219 27
2 86 0 0 0 208 -15
2 87 0 0 5 213 26
2 88 0 0 0 203 -14
2 89 0 0 5 207 27
2 90 0 0 0 198 -14
2 91 0 0 5 202 26
2 92 0 0 0 192 -10
2 93 0 0 4 195 25
2 94 0 0 2 188 -4
2 95 0 0 6 190 23
2 96 0 0 4 184 -4
2 97 0 0 0 175 -3
3 2 0 0 -1 0 0
3 3 0 0 -2 2 0
3 4 0 0 -1 2 0
3 5 0 0 -2 5 0
3 6 0 0 -1 6 0
3 7 0 0 -3 8 0
3 8 0 0 0 9 0
3 9 0 0 -3 11 0
3 10 0 0 0 12 0
3 11 0 0 -3 14 0
3 12 0 0 0 15 0
3 13 0 0 -4 17 0
3 14 0 0 0 18 0
3 15 0 0 -4 20 0
3 16 0 0 0 21 0
3 17 0 0 -5 24 0
3 18 0 0 1 25 0
3 19 0 0 -6 27 0
3 20 0 0 1 28 0
3 21 0 0 -6 31 -1
3 22 0 0 1 32 0
3 23 0 0 -7 35 -1
3 24 0 0 2 36 0
3 25 0 0 -7 38 -1
3 26 0 0 2 40 0
3 27 0 0 -8 42 -1
3 28 0 0 3 44 0
3 29 0 0 -8 47 -1
3 30 0 0 3 49 0
3 31 0 0 -9 51 -1
3 32 0 0 4 53 0
3 33 0 0 -10 56 -1
3 34 0 0 4 58 0
3 35 0 0 -10 60 -1
3 36 0 0 5 63 0
3 37 0 0 -11 65 -2
3 38 0 0 5 68 0
3 39 0 0 -12 70 -2
3 40 0 0 6 73 0
3 41 0 0 -12 76 -2
3 42 0 0 6 78 0
3 43 0 0 -13 81 -2
3 44 0 0 7 84 1
3 45 0 0 -14 87 -2
3 46 0 0 7 90 1
3 47 0 0 -15 93 -2
3 48 0 0 8 96 1
3 49 0 0 -15 99 -2
3 50 0 0 8 103 1
3 51 0 0 -16 106 -2
3 52 0 0 9 110 1
3 53 0 0 -17 113 -3
3 54 0 0 9 118 1
3 55 0 0 -18 121 -3
3 56 0 0 9 126 1
3 57 0 0 -19 129 -3
3 58 0 0 10 134 1
3 59 0 0 -21 138 -3
3 60 0 0 10 144 1
3 61 0 0 -22 147 -3
3 62 0 0 11 154 1
3 63 0 0 -23 157 -4
3 64 0 0 11 164 1
3 65 0 0 -24 168 -4
3 66 0 0 12 175 1
3 67 0 0 -25 179 -4
3 68 0 0 12 184 2
3 69 0 0 -25 189 -4
3 70 0 0 12 194 2
3 71 0 0 -25 199 -4
3 72 0 0 14 203 3
3 73 0 0 -24 207 -4
3 74 0 0 16 210 3
3 75 0 0 -23 213 -4
3 76 0 0 18 215 3
3 77 0 0 -21 216 -4
3 78 0 0 19 217 3
3 79 0 0 -19 217 -3
3 80 0 0 21 217 4
3 81 0 0 -18 215 -3
3 82 0 0 22 215 4
3 83 0 0 -16 212 -3
3 84 0 0 22 210 4
3 85 0 0 -15 207 -3
3 86 0 0 22 205 4
3 87 0 0 -15 201 -3
3 88 0 0 23 200 3
3 89 0 0 -15 196 -3
3 90 0 0 22 196 3
3 91 0 0 -15 192 -3
3 92 0 0 23 195 3
3 93 0 0 -14 186 -3
3 94 0 0 21 195 4
3 95 0 0 -16 177 -5
3 96 0 0 -1 197 -6
3 97 0 0 1 175 7
4 2 0 0 -3 0 0
4 3 0 0 -3 1 0
4 4 0 0 -4 4 0
4 6 0 0 -4 6 0
4 8 0 0 -4 9 0
4 10 0 0 -4 12 0
4 12 0 0 -4 16 0
4 14 0 0 -4 19 0
4 16 0 0 -5 22 0
4 19 0 0 -5 25 0
4 21 0 0 -5 29 0
4 23 0 0 -5 33 0
4 25 0 0 -5 36 0
4 27 0 0 -6 40 0
4 29 0 0 -6 44 0
4 31 0 0 -6 49 0
4 33 0 0 -6 53 0
4 35 0 0 -7 58 0
4 37 0 0 -7 62 0
4 39 0 0 -7 67 0
4 41 0 0 -7 72 0
4 43 0 0 -8 78 0
4 45 0 0 -8 83 0
4 47 0 0 -9 89 0
4 49 0 0 -9 95 0
4 51 0 0 -10 102 0
4 53 0 0 -10 109 0
4 55 0 0 -11 116 0
4 57 0 0 -12 124 0
4 59 0 0 -13 133 0
4 61 0 0 -14 142 0
4 63 0 0 -15 152 0
4 65 0 0 -15 163 0
4 67 0 0 -16 174 0
4 69 0 0 -15 186 0
4 71 0 0 -14 196 0
4 73 0 0 -10 205 0
4 75 0 0 -7 211 0
4 77 0 0 -3 215 0
4 79 0 0 0 216 0
4 81 0 0 2 215 0
4 83 0 0 6 211 0
4 85 0 0 7 206 0
4 87 0 0 7 201 0
4 89 0 0 7 194 0
4 91 0 0 5 191 0
4 93 0 0 4 187 0
4 95 0 0 2 187 -6
4 96 0 0 -8 190 -11
4 97 0 0 0 167 2
5 2 0 0 -4 0 0
5 3 0 0 -5 2 0
5 96 0 0 6 186 -12
5 97 0 0 2 167 3
6 2 0 0 -6 0 1
6 3 0 0 -6 1 0
6 4 0 0 -6 4 0
6 6 0 0 -7 6 0
6 8 0 0 -7 9 0
6 10 0 0 -7 12 0
6 12 0 0 -7 15 0
6 14 0 0 -7 19 0
6 16 0 0 -8 22 0
6 18 0 0 -8 25 0
6 21 0 0 -8 29 0
6 23 0 0 -9 33 0
6 25 0 0 -9 36 0
6 27 0 0 -9 40 0
6 29 0 0 -10 45 0
6 31 0 0 -10 49 0
6 33 0 0 -11 53 0
6 35 0 0 -11 58 0
6 37 0 0 -11 63 0
6 39 0 0 -12 68 0
6 41 0 0 -12 73 0
6 43 0 0 -13 78 0
6 45 0 0 -14 84 0
6 47 0 0 -14 89 0
6 49 0 0 -15 96 0
6 51 0 0 -16 102 0
6 53 0 0 -17 109 0
6 55 0 0 -18 116 0
6 57 0 0 -20 124 0
6 59 0 0 -22 133 0
6 61 0 0 -23 142 0
6 63 0 0 -25 153 0
6 65 0 0 -26 164 0
6 67 0 0 -27 176 0
6 69 0 0 -26 189 0
6 71 0 0 -23 201 0
6 72 0 0 -18 212 0
6 75 0 0 -11 218 0
6 77 0 0 -5 222 0
6 79 0 0 0 222 0
6 81 0 0 5 221 0
6 83 0 0 10 216 0
6 85 0 0 13 209 0
6 87 0 0 13 202 0
6 89 0 0 12 195 0
6 91 0 0 10 191 0
6 93 0 0 7 185 0
6 95 0 0 4 185 -6
6 96 0 0 -6 185 -14
6 97 0 0 0 162 1
7 2 0 0 -7 0 -1
7 3 0 0 -8 3 0
7 96 0 0 10 181 -13
7 97 0 0 2 161 2
8 2 0 0 -9 0 2
8 3 0 0 -9 0 0
8 4 0 0 -9 4 0
8 6 0 0 -10 6 0
8 8 0 0 -10 9 0
8 10 0 0 -10 12 0
8 12 0 0 -10 15 0
8 14 0 0 -11 18 0
8 16 0 0 -11 22 0
8 18 0 0 -12 25 0
8 20 0 0 -12 28 0
8 23 0 0 -12 32 0
8 25 0 0 -13 36 0
8 27 0 0 -14 40 0
8 29 0 0 -14 44 0
8 31 0 0 -15 48 0
8 33 0 0 -15 53 0
8 35 0 0 -16 57 0
8 37 0 0 -16 62 0
8 39 0 0 -17 67 0
8 41 0 0 -18 72 0
8 43 0 0 -18 77 0
8 45 0 0 -19 83 0
8 47 0 0 -20 89 0
8 49 0 0 -21 94 0
8 51 0 0 -23 101 0
8 53 0 0 -24 107 0
8 55 0 0 -26 115 0
8 57 0 0 -28 122 0
8 59 0 0 -31 131 0
8 61 0 0 -33 140 0
8 63 0 0 -36 151 0
8 65 0 0 -38 163 0
8 67 0 0 -40 177 0
8 69 0 0 -39 191 0
8 70 0 0 -37 206 0
8 72 0 0 -28 219 0
8 74 0 0 -17 226 0
8 77 0 0 -8 230 0
8 79 0 0 1 229 0
8 81 0 0 8 227 0
8 83 0 0 18 220 0
8 85 0 0 21 211 0
8 87 0 0 21 202 0
8 89 0 0 18 193 0
8 91 0 0 15 188 0
8 93 0 0 11 182 -1
8 95 0 0 6 182 -8
8 96 0 0 -4 181 -13
8 97 0 0 -1 159 0
9 2 0 0 -10 0 -2
9 3 0 0 -11 3 0
9 96 0 0 12 180 -13
9 97 0 0 2 157 2
10 2 0 0 -12 0 3
10 3 0 0 -11 0 0
10 4 0 0 -12 4 0
10 6 0 0 -12 6 0
10 8 0 0 -13 9 0
10 10 0 0 -13 12 0
10 12 0 0 -13 15 0
10 14 0 0 -14 18 0
10 16 0 0 -14 21 0
10 18 0 0 -15 24 0
10 20 0 0 -16 28 0
10 22 0 0 -16 32 0
10 25 0 0 -17 35 0
10 27 0 0 -18 39 0
10 29 0 0 -18 43 0
10 31 0 0 -19 48 0
10 33 0 0 -20 52 0
10 35 0 0 -20 57 0
10 37 0 0 -21 61 0
10 39 0 0 -22 66 0
10 41 0 0 -23 71 0
10 43 0 0 -24 76 0
10 45 0 0 -25 82 0
10 47 0 0 -26 87 0
10 49 0 0 -27 93 0
10 51 0 0 -29 99 0
10 53 0 0 -31 105 0
10 55 0 0 -33 112 0
10 57 0 0 -36 120 0
10 59 0 0 -40 128 0
10 61 0 0 -43 137 0
10 63 0 0 -47 148 0
10 65 0 0 -51 160 0
10 67 0 0 -54 175 0
10 68 0 0 -55 192 0
10 70 0 0 -51 212 0
10 85 0 0 31 211 0
10 87 0 0 31 199 0
10 89 0 0 26 189 0
10 91 0 0 21 183 0
10 93 0 0 14 177 0
10 95 0 0 8 176 -7
10 96 0 0 -3 176 -13
10 97 0 0 -1 154 0
11 2 0 0 -13 0 -2
11 3 0 0 -13 3 0
11 72 0 0 -36 231 0
11 74 0 0 -21 238 0
11 77 0 0 -8 241 0
11 79 0 0 3 239 0
11 81 0 0 14 236 0
11 83 0 0 27 225 0
11 96 0 0 13 174 -13
11 97 0 0 2 153 2
12 2 0 0 -14 0 4
12 3 0 0 -14 0 0
12 4 0 0 -15 3 0
12 6 0 0 -15 6 0
12 8 0 0 -15 9 0
12 10 0 0 -16 11 0
12 12 0 0 -16 14 0
12 14 0 0 -17 17 0
12 16 0 0 -18 20 0
12 18 0 0 -18 24 0
12 20 0 0 -19 27 0
12 22 0 0 -20 31 0
12 25 0 0 -21 35 0
12 27 0 0 -22 39 0
12 29 0 0 -22 43 0
12 31 0 0 -23 47 0
12 33 0 0 -24 51 0
12 35 0 0 -25 56 0
12 37 0 0 -26 61 0
12 39 0 0 -27 65 0
12 41 0 0 -28 70 0
12 43 0 0 -29 75 0
12 45 0 0 -30 81 0
12 47 0 0 -31 86 0
12 49 0 0 -33 91 0
12 51 0 0 -35 97 0
12 53 0 0 -37 103 0
12 55 0 0 -40 109 0
12 57 0 0 -44 116 0
12 59 0 0 -48 124 0
12 61 0 0 -54 133 0
12 63 0 0 -59 143 0
12 65 0 0 -66 156 0
12 66 0 0 -73 173 0
12 68 0 0 -77 194 0
12 70 0 0 -78 226 0
12 85 0 0 46 214 0
12 87 0 0 44 196 0
12 89 0 0 34 182 0
12 91 0 0 27 176 0
12 93 0 0 18 169 0
12 95 0 0 11 170 -7
12 96 0 0 -2 170 -12
12 97 0 0 -1 148 0
13 2 0 0 -16 0 -3
13 3 0 0 -16 4 0
13 72 0 0 -54 247 0
13 74 0 0 -27 253 0
13 76 0 0 -11 255 0
13 79 0 0 5 253 0
13 81 0 0 20 252 0
13 83 0 0 43 237 0
13 96 0 0 13 167 -12
13 97 0 0 2 147 2
14 2 0 0 -17 0 4
14 3 0 0 -17 0 0
14 4 0 0 -17 3 0
14 6 0 0 -18 6 0
14 8 0 0 -18 8 0
14 10 0 0 -19 11 0
14 12 0 0 -19 14 0
14 14 0 0 -20 17 0
14 16 0 0 -21 20 0
14 18 0 0 -22 23 0
14 20 0 0 -23 26 0
14 22 0 0 -24 30 0
14 24 0 0 -25 34 0
14 27 0 0 -26 38 0
14 29 0 0 -27 42 0
14 31 0 0 -28 46 0
14 33 0 0 -29 50 0
14 35 0 0 -30 55 0
14 37 0 0 -31 60 0
14 39 0 0 -32 64 0
14 41 0 0 -33 69 0
14 43 0 0 -34 74 0
14 45 0 0 -35 79 0
14 47 0 0 -37 84 0
14 49 0 0 -38 89 0
14 51 0 0 -41 95 0
14 53 0 0 -43 100 0
14 55 0 0 -47 106 0
14 57 0 0 -51 112 0
14 59 0 0 -56 118 0
14 61 0 0 -63 126 0
14 63 0 0 -70 135 0
14 65 0 0 -81 147 0
14 66 0 0 -91 164 0
14 68 0 0 -106 187 -1
14 70 0 0 -103 231 0
14 83 0 0 64 251 -3
14 85 0 0 71 210 0
14 87 0 0 63 187 1
14 89 0 0 44 172 0
14 91 0 0 33 166 0
14 96 0 0 0 162 -12
14 97 0 0 0 141 0
15 2 0 0 -19 0 -4
15 3 0 0 -19 4 0
15 72 0 0 -61 280 0
15 74 0 0 -26 279 3
15 76 0 0 -7 271 0
15 79 0 0 8 269 0
15 81 0 0 30 270 -2
15 93 0 0 21 160 0
15 95 0 0 12 160 -6
15 96 0 0 14 158 -12
15 97 0 0 2 139 2
16 2 0 0 -20 0 5
16 3 0 0 -19 -1 0
16 6 0 0 -20 5 0
16 8 0 0 -21 8 0
16 10 0 0 -21 10 0
16 12 0 0 -22 13 0
16 14 0 0 -23 16 0
16 16 0 0 -24 19 0
16 18 0 0 -25 22 0
16 20 0 0 -26 25 0
16 22 0 0 -27 29 0
16 24 0 0 -28 33 0
16 27 0 0 -30 37 0
16 29 0 0 -31 41 0
16 31 0 0 -32 45 0
16 33 0 0 -33 49 0
16 35 0 0 -34 54 0
16 37 0 0 -35 59 0
16 39 0 0 -36 63 0
16 41 0 0 -37 68 0
16 43 0 0 -39 73 0
16 45 0 0 -40 78 0
16 47 0 0 -42 83 0
16 49 0 0 -43 87 0
16 51 0 0 -46 92 0
16 53 0 0 -49 97 0
16 55 0 0 -52 102 0
16 57 0 0 -57 107 0
16 59 0 0 -63 112 0
16 61 0 0 -71 118 0
16 66 0 0 -114 146 0
16 68 0 0 -144 172 -2
16 70 0 0 -183 211 -6
16 71 0 0 -130 285 -4
16 72 0 0 -136 353 5
16 73 0 0 -33 330 1
16 74 0 0 -54 296 5
16 75 0 0 9 297 0
16 76 0 0 -30 288 2
16 77 0 0 23 287 -2
16 78 0 0 -20 286 4
16 79 0 0 30 284 -4
16 80 0 0 -2 292 2
16 81 0 0 71 306 -10
16 82 0 0 68 304 1
16 83 0 0 119 272 -7
16 84 0 0 85 225 3
16 85 0 0 114 192 5
16 87 0 0 84 168 2
16 89 0 0 55 152 0
16 96 0 0 0 152 -11
16 97 0 0 0 132 0
17 2 0 0 -21 0 -4
17 3 0 0 -21 4 0
17 4 0 0 -20 3 0
17 63 0 0 -81 125 0
17 65 0 0 -96 135 0
17 70 0 0 -223 175 -5
17 71 0 0 -246 204 -4
17 72 0 0 -25 171 -25
17 73 0 0 52 305 -11
17 74 0 0 0 319 17
17 75 0 0 1 313 25
17 76 0 0 -2 297 3
17 77 0 0 -3 300 24
17 78 0 0 -4 296 5
17 79 0 0 -3 305 22
17 80 0 0 -9 317 13
17 81 0 0 5 341 3
17 82 0 0 51 462 20
17 83 0 0 118 299 -9
17 84 0 0 167 183 1
17 85 0 0 122 151 4
17 91 0 0 39 154 0
17 93 0 0 24 147 0
17 95 0 0 14 151 -6
17 96 0 0 14 148 -11
17 97 0 0 2 130 2
18 2 0 0 -22 0 5
18 3 0 0 -22 -1 0
18 6 0 0 -23 5 0
18 8 0 0 -23 7 0
18 10 0 0 -24 10 0
18 12 0 0 -25 12 0
18 14 0 0 -26 15 0
18 16 0 0 -27 18 0
18 18 0 0 -28 21 0
18 20 0 0 -30 24 0
18 22 0 0 -31 28 0
18 24 0 0 -32 31 0
18 27 0 0 -34 35 0
18 29 0 0 -35 39 0
18 31 0 0 -36 44 0
18 33 0 0 -38 48 0
18 35 0 0 -39 53 0
18 37 0 0 -40 58 0
18 39 0 0 -41 62 0
18 41 0 0 -42 67 0
18 43 0 0 -43 72 0
18 45 0 0 -45 76 0
18 47 0 0 -46 81 0
18 49 0 0 -48 85 0
18 51 0 0 -50 90 0
18 53 0 0 -53 94 0
18 55 0 0 -56 98 0
18 57 0 0 -61 101 0
18 59 0 0 -67 104 0
18 67 0 0 -127 111 0
18 70 0 0 -227 148 -13
18 71 0 0 -260 94 -1
18 72 0 0 -345 18 -2
18 82 0 0 109 2 -30
18 83 0 0 226 1 -1
18 84 0 0 172 117 2
18 85 0 0 139 122 7
18 87 0 0 84 127 3
18 89 0 0 57 125 1
18 96 0 0 0 143 -10
18 97 0 0 0 124 0
19 2 0 0 -23 0 -5
19 3 0 0 -23 4 0
19 4 0 0 -22 3 0
19 61 0 0 -75 108 0
19 63 0 0 -87 110 0
19 65 0 0 -103 112 0
19 68 0 0 -162 115 -4
19 70 0 0 -195 63 -5
19 71 0 0 -237 46 8
19 72 0 0 -248 -9 -4
19 82 0 0 144 -5 -2
19 83 0 0 152 7 -3
19 84 0 0 136 78 4
19 85 0 0 112 91 5
19 91 0 0 37 133 0
19 93 0 0 23 136 -1
19 95 0 0 13 140 -5
19 96 0 0 13 138 -10
19 97 0 0 1 131 0
20 2 0 0 -24 0 6
20 3 0 0 -24 -1 0
20 4 0 0 0 0 0
20 5 0 1 0 0 0
20 6 0 1 0 0 0
20 7 0 2 0 0 0
20 8 0 2 -25 6 0
20 9 0 2 0 0 0
20 10 0 2 -26 9 0
20 11 0 2 0 0 0
20 12 0 2 -27 11 0
20 13 0 1 0 0 0
20 14 0 1 -28 14 0
20 15 0 0 0 0 0
20 16 0 0 -30 16 0
20 17 0 0 0 0 0
20 18 0 0 -31 19 0
20 19 0 0 0 0 0
20 20 0 0 -33 23 0
20 22 0 0 -35 26 0
20 24 0 0 -36 30 0
20 25 0 0 0 0 0
20 26 0 0 0 0 0
20 27 0 0 -38 34 0
20 28 0 0 0 0 0
20 29 0 1 -39 38 0
20 30 0 1 0 0 0
20 31 0 2 -41 42 0
20 32 0 2 0 0 0
20 33 0 2 -42 47 0
20 34 0 3 0 0 0
20 35 0 2 -43 52 0
20 36 0 2 0 0 0
20 37 0 2 -45 56 0
20 38 0 1 0 0 0
20 39 0 1 -46 61 0
20 40 0 1 0 0 0
20 41 0 1 -47 66 0
20 42 0 2 0 0 0
20 43 0 2 -48 70 0
20 44 0 3 0 0 0
20 45 0 3 -49 75 0
20 46 0 3 0 0 0
20 47 0 3 -51 79 0
20 48 0 2 0 0 0
20 49 0 1 -52 83 0
20 50 0 1 0 0 0
20 51 0 0 -54 87 0
20 52 0 0 0 0 0
20 53 0 0 -57 91 0
20 54 0 0 0 0 0
20 55 0 0 -60 94 0
20 57 0 0 -64 96 0
20 59 0 0 -69 98 0
20 70 0 0 -177 73 -7
20 71 0 0 -180 38 -1
20 72 0 0 -197 -11 -5
20 82 0 0 130 20 -17
20 83 0 0 111 9 2
20 84 0 0 109 55 5
20 85 0 0 96 73 3
20 96 0 0 0 134 -10
20 97 0 0 0 116 0
21 2 0 0 -25 -1 0
21 3 0 1 -25 5 0
21 4 0 2 -24 2 0
21 5 0 3 0 0 0
21 6 0 4 -25 4 0
21 7 0 5 0 0 0
21 8 0 6 0 0 0
21 9 0 6 0 0 0
21 10 0 6 0 0 0
21 11 0 5 0 0 0
21 12 0 4 0 0 0
21 13 0 3 0 0 0
21 14 0 2 0 0 0
21 15 0 1 0 0 0
21 16 0 0 0 0 0
21 17 0 0 0 0 0
21 18 0 0 0 0 0
21 19 0 0 0 0 0
21 20 0 0 0 0 0
21 24 0 0 0 0 0
21 25 0 0 0 0 0
21 26 0 0 0 0 0
21 27 0 0 0 0 0
21 28 0 1 0 0 0
21 29 0 2 0 0 0
21 30 0 3 0 0 0
21 31 0 5 0 0 0
21 32 0 6 0 0 0
21 33 0 7 0 0 0
21 34 0 7 0 0 0
21 35 0 6 0 0 0
21 36 0 6 0 0 0
21 37 0 4 0 0 0
21 38 0 3 0 0 0
21 39 0 3 0 0 0
21 40 0 3 0 0 0
21 41 0 4 0 0 0
21 42 0 5 0 0 0
21 43 0 6 0 0 0
21 44 0 8 0 0 0
21 45 0 8 0 0 0
21 46 0 8 0 0 0
21 47 0 7 0 0 0
21 48 0 6 0 0 0
21 49 0 4 0 0 0
21 50 0 2 0 0 0
21 51 0 1 0 0 0
21 52 0 0 0 0 0
21 53 0 0 0 0 0
21 54 0 0 0 0 0
21 55 0 0 0 0 0
21 61 0 0 -76 98 0
21 63 0 0 -86 97 0
21 65 0 0 -99 94 0
21 67 0 0 -117 85 0
21 69 0 0 -141 75 -3
21 70 0 0 -150 25 -1
21 71 0 0 -166 14 10
21 72 0 0 -167 -16 -3
21 82 0 0 88 -5 5
21 83 0 0 89 4 -5
21 84 0 0 84 38 2
21 85 0 0 74 58 5
21 87 0 0 63 98 2
21 89 0 0 45 105 1
21 91 0 0 30 120 0
21 93 0 0 19 123 0
21 95 0 0 10 130 -5
21 96 0 0 11 130 -10
21 97 0 0 1 124 0
22 2 0 0 -26 0 6
22 3 0 2 -26 -2 0
22 4 0 4 0 0 0
22 5 0 6 0 0 0
22 6 0 9 0 0 0
22 7 0 11 0 0 0
22 8 0 13 -27 6 0
22 9 0 14 0 0 0
22 10 0 13 -28 8 0
22 11 0 12 0 0 0
22 12 0 9 -30 10 0
22 13 0 7 0 0 0
22 14 0 5 -31 12 0
22 15 0 3 0 0 0
22 16 0 1 -33 15 0
22 17 0 1 0 0 0
22 18 0 0 -34 18 0
22 19 0 0 0 0 0
22 20 0 1 -36 21 0
22 21 0 1 0 0 0
22 22 0 1 -38 24 0
22 23 0 2 0 0 0
22 24 0 3 -40 28 0
22 25 0 3 0 0 0
22 26 0 3 0 0 0
22 27 0 4 -42 32 0
22 28 0 5 0 0 0
22 29 0 6 -44 36 0
22 30 0 8 0 0 0
22 31 0 11 -45 41 0
22 32 0 13 0 0 0
22 33 0 15 -47 46 0
22 34 0 16 0 0 0
22 35 0 15 -48 50 0
22 36 0 13 0 0 0
22 37 0 11 -49 55 0
22 38 0 9 0 0 0
22 39 0 8 -51 60 0
22 40 0 9 0 0 0
22 41 0 11 -52 65 0
22 42 0 14 0 0 0
22 43 0 18 -53 69 0
22 44 0 21 0 0 0
22 45 0 23 -54 74 0
22 46 0 22 0 0 0
22 47 0 20 -55 78 0
22 48 0 16 0 0 0
22 49 0 12 -56 82 0
22 50 0 9 0 0 0
22 51 0 6 -57 85 0
22 52 0 5 0 0 0
22 53 0 3 -59 88 0
22 54 0 2 0 0 0
22 55 0 2 -62 90 0
22 56 0 1 0 0 0
22 57 0 0 -65 92 0
22 58 0 0 0 0 0
22 59 0 0 -69 92 0
22 60 0 0 0 0 0
22 61 0 0 0 0 0
22 62 0 0 0 0 0
22 63 0 0 0 0 0
22 70 0 0 -138 47 -5
22 71 0 0 -131 24 -1
22 72 0 0 -140 -13 -7
22 82 0 0 73 14 -14
22 83 0 0 60 6 1
22 84 0 0 67 35 3
22 85 0 0 65 54 3
22 96 0 0 -1 127 -9
22 97 0 0 0 110 0
23 2 0 0 -27 0 -6
23 3 0 5 -27 5 0
23 4 0 8 -26 2 0
23 5 0 13 0 0 0
23 6 0 18 -27 4 0
23 7 0 23 0 0 0
23 8 0 26 0 0 0
23 9 0 28 0 0 0
23 10 0 27 0 0 0
23 11 0 24 0 0 0
23 12 0 19 0 0 0
23 13 0 14 0 0 0
23 14 0 9 0 0 0
23 15 0 6 0 0 0
23 16 0 3 0 0 0
23 17 0 2 0 0 0
23 18 0 1 0 0 0
23 19 0 1 0 0 0
23 20 0 2 0 0 0
23 21 0 3 0 0 0
23 22 0 4 0 0 0
23 23 0 5 0 0 0
23 24 0 7 0 0 0
23 25 0 7 0 0 0
23 26 0 8 0 0 0
23 27 0 9 0 0 0
23 28 0 11 0 0 0
23 29 0 13 0 0 0
23 30 0 17 0 0 0
23 31 0 22 0 0 0
23 32 0 27 0 0 0
23 33 0 30 0 0 0
23 34 0 31 0 0 0
23 35 0 29 0 0 0
23 36 0 26 0 0 0
23 37 0 22 0 0 0
23 38 0 18 0 0 0
23 39 0 17 0 0 0
23 40 0 18 0 0 0
23 41 0 23 0 0 0
23 42 0 31 0 0 0
23 43 0 39 0 0 0
23 44 0 46 0 0 0
23 45 0 50 0 0 0
23 46 0 49 0 0 0
23 47 0 45 0 0 0
23 48 0 38 0 0 0
23 49 0 30 0 0 0
23 50 0 22 0 0 0
23 51 0 17 0 0 0
23 52 0 12 0 0 0
23 53 0 9 0 0 0
23 54 0 7 0 0 0
23 55 0 5 0 0 0
23 56 0 4 0 0 0
23 57 0 3 0 0 0
23 58 0 2 0 0 0
23 59 0 2 0 0 0
23 60 0 2 0 0 0
23 61 0 2 -75 91 0
23 62 0 2 0 0 0
23 63 0 2 -82 87 0
23 64 0 2 0 0 0
23 65 0 1 -91 81 0
23 66 0 1 0 0 0
23 67 0 1 -104 68 0
23 68 0 0 0 0 0
23 69 0 0 -117 53 -1
23 70 0 0 -117 14 0
23 71 0 0 -124 17 -1
23 72 0 0 -115 6 21
23 82 0 0 46 -5 6
23 83 0 0 52 8 0
23 84 0 0 44 26 2
23 85 0 0 40 45 4
23 87 0 0 40 77 2
23 89 0 0 29 91 1
23 91 0 0 19 108 0
23 93 0 0 12 116 0
23 95 0 0 6 124 -5
23 96 0 0 8 125 -9
23 97 0 0 1 110 1
24 2 0 0 -28 0 7
24 3 0 9 -28 -2 0
24 4 0 15 0 0 0
24 5 0 23 0 0 0
24 6 0 32 -28 3 0
24 7 0 41 0 0 0
24 8 0 47 -29 5 0
24 9 0 50 0 0 0
24 10 0 48 -30 7 0
24 11 0 43 0 0 0
24 12 0 34 -32 8 0
24 13 0 25 0 0 0
24 14 0 17 -33 11 0
24 15 0 11 0 0 0
24 16 0 6 -35 13 0
24 17 0 4 0 0 0
24 18 0 3 -37 16 0
24 19 0 4 0 0 0
24 20 0 6 -39 19 0
24 21 0 10 0 0 0
24 22 0 14 -42 22 0
24 23 0 18 0 0 0
24 24 0 22 -44 26 0
24 25 0 24 0 0 0
24 26 0 26 0 0 0
24 27 0 28 -46 30 0
24 28 0 30 0 0 0
24 29 0 33 -48 35 0
24 30 0 39 0 0 0
24 31 0 47 -50 39 0
24 32 0 55 0 0 0
24 33 0 60 -52 44 0
24 34 0 61 0 0 0
24 35 0 58 -53 49 0
24 36 0 51 0 0 0
24 37 0 44 -54 54 0
24 38 0 38 0 0 0
24 39 0 36 -55 59 0
24 40 0 41 0 0 0
24 41 0 51 -56 64 0
24 42 0 67 0 0 0
24 43 0 83 -57 68 0
24 44 0 97 0 0 0
24 45 0 104 -58 73 0
24 46 0 103 0 0 0
24 47 0 94 -59 77 0
24 48 0 80 0 0 0
24 49 0 64 -59 81 0
24 50 0 50 0 0 0
24 51 0 38 -61 84 0
24 52 0 29 0 0 0
24 53 0 22 -62 86 0
24 54 0 17 0 0 0
24 55 0 12 -63 88 0
24 56 0 9 0 0 0
24 57 0 7 -65 89 0
24 58 0 6 0 0 0
24 59 0 5 -68 88 0
24 60 0 6 0 0 0
24 61 0 6 -71 86 0
24 62 0 6 0 0 0
24 63 0 6 0 0 0
24 64 0 5 0 0 0
24 65 0 4 0 0 0
24 66 0 3 0 0 0
24 67 0 2 0 0 0
24 68 0 1 0 0 0
24 69 0 0 0 0 0
24 70 0 0 -108 36 -4
24 71 0 0 -100 19 -1
24 72 0 0 -106 -11 -8
24 82 0 0 34 8 -9
24 83 0 0 25 5 0
24 84 0 0 33 27 2
24 85 0 0 34 44 3
24 89 0 0 11 83 1
24 96 0 0 -3 123 -9
24 97 0 0 -1 107 1
25 2 0 0 -28 0 -6
25 3 0 15 -29 5 0
25 4 0 26 -28 2 0
25 5 0 39 0 0 0
25 6 0 53 0 0 0
25 7 0 67 0 0 0
25 8 0 78 0 0 0
25 9 0 82 0 0 0
25 10 0 79 0 0 0
25 11 0 70 0 0 0
25 12 0 57 0 0 0
25 13 0 43 0 0 0
25 14 0 30 0 0 0
25 15 0 21 0 0 0
25 16 0 15 0 0 0
25 17 0 12 0 0 0
25 18 0 13 0 0 0
25 19 0 16 0 0 0
25 20 0 22 0 0 0
25 21 0 29 0 0 0
25 22 0 38 0 0 0
25 23 0 47 0 0 0
25 24 0 55 0 0 0
25 25 0 60 0 0 0
25 26 0 63 0 0 0
25 27 0 64 0 0 0
25 28 0 67 0 0 0
25 29 0 72 0 0 0
25 30 0 81 0 0 0
25 31 0 94 0 0 0
25 32 0 106 0 0 0
25 33 0 115 0 0 0
25 34 0 118 0 0 0
25 35 0 111 0 0 0
25 36 0 100 0 0 0
25 37 0 85 0 0 0
25 38 0 74 0 0 0
25 39 0 71 0 0 0
25 40 0 78 0 0 0
25 41 0 95 0 0 0
25 42 0 121 0 0 0
25 43 0 149 0 0 0
25 44 0 173 0 0 0
25 45 0 185 0 0 0
25 46 0 183 0 0 0
25 47 0 168 0 0 0
25 48 0 145 0 0 0
25 49 0 118 0 0 0
25 50 0 93 0 0 0
25 51 0 72 0 0 0
25 52 0 56 0 0 0
25 53 0 44 0 0 0
25 54 0 33 0 0 0
25 55 0 25 0 0 0
25 56 0 18 0 0 0
25 57 0 14 0 0 0
25 58 0 12 0 0 0
25 59 0 12 0 0 0
25 60 0 12 0 0 0
25 61 0 13 0 0 0
25 62 0 13 0 0 0
25 63 0 13 -76 80 0
25 64 0 11 0 0 0
25 65 0 9 -81 72 0
25 66 0 7 0 0 0
25 67 0 4 -88 58 0
25 68 0 3 0 0 0
25 69 0 1 -95 42 0
25 70 0 0 -91 10 0
25 71 0 0 -95 13 -1
25 72 0 0 -87 8 19
25 82 0 0 19 -1 0
25 83 0 0 20 6 0
25 84 0 0 11 24 1
25 85 0 0 8 41 3
25 87 0 0 15 69 1
25 91 0 0 6 102 0
25 93 0 0 3 111 0
25 95 0 0 1 120 -5
25 96 0 0 5 122 -9
25 97 0 0 2 107 0
26 2 0 0 -29 0 7
26 3 0 23 -29 -3 0
26 4 0 39 0 0 0
26 5 0 58 0 0 0
26 6 0 80 0 0 0
26 7 0 101 0 0 0
26 8 0 117 -31 4 0
26 9 0 123 0 0 0
26 10 0 119 -32 5 0
26 11 0 106 0 0 0
26 12 0 87 -34 7 0
26 13 0 66 0 0 0
26 14 0 48 -36 9 0
26 15 0 35 0 0 0
26 16 0 27 -38 11 0
26 17 0 26 0 0 0
26 18 0 29 -40 13 0
26 19 0 37 0 0 0
26 20 0 49 -43 16 0
26 21 0 65 0 0 0
26 22 0 83 -45 20 0
26 23 0 101 0 0 0
26 24 0 116 -48 24 0
26 25 0 126 0 0 0
26 26 0 131 -51 28 0
26 27 0 132 0 0 0
26 28 0 133 0 0 0
26 29 0 138 -53 32 0
26 30 0 150 0 0 0
26 31 0 167 -55 37 0
26 32 0 187 0 0 0
26 33 0 201 -57 43 0
26 34 0 205 0 0 0
26 35 0 197 -58 48 0
26 36 0 180 0 0 0
26 37 0 158 -59 53 0
26 38 0 140 0 0 0
26 39 0 135 -60 58 0
26 40 0 146 0 0 0
26 41 0 174 -61 63 0
26 42 0 215 0 0 0
26 43 0 259 -62 68 0
26 44 0 295 0 0 0
26 45 0 314 -62 72 0
26 46 0 310 0 0 0
26 47 0 286 -62 76 0
26 48 0 248 0 0 0
26 49 0 204 -63 80 0
26 50 0 164 0 0 0
26 51 0 129 -63 83 0
26 52 0 102 0 0 0
26 53 0 79 -64 85 0
26 54 0 61 0 0 0
26 55 0 46 -64 87 0
26 56 0 34 0 0 0
26 57 0 27 -65 87 0
26 58 0 23 0 0 0
26 59 0 23 -66 86 0
26 60 0 24 0 0 0
26 61 0 26 -67 83 0
26 62 0 26 0 0 0
26 63 0 25 0 0 0
26 64 0 22 0 0 0
26 65 0 18 0 0 0
26 66 0 14 0 0 0
26 67 0 9 0 0 0
26 68 0 6 0 0 0
26 69 0 3 0 0 0
26 70 0 1 -84 30 -3
26 71 0 0 -76 16 -1
26 72 0 0 -79 -10 -8
26 82 0 0 0 1 0
26 83 0 0 -5 7 0
26 84 0 0 3 24 1
26 85 0 0 4 40 3
26 96 0 0 -6 122 -9
26 97 0 0 -1 108 1
27 2 0 0 -30 0 -6
27 3 0 32 -30 5 0
27 4 0 53 -29 1 0
27 5 0 80 0 0 0
27 6 0 111 -30 2 0
27 7 0 140 0 0 0
27 8 0 161 0 0 0
27 9 0 171 0 0 0
27 10 0 166 0 0 0
27 11 0 149 0 0 0
27 12 0 124 0 0 0
27 13 0 96 0 0 0
27 14 0 73 0 0 0
27 15 0 57 0 0 0
27 16 0 50 0 0 0
27 17 0 52 0 0 0
27 18 0 61 0 0 0
27 19 0 78 0 0 0
27 20 0 103 0 0 0
27 21 0 133 0 0 0
27 22 0 167 0 0 0
27 23 0 200 0 0 0
27 24 0 228 0 0 0
27 25 0 245 0 0 0
27 26 0 251 0 0 0
27 27 0 248 0 0 0
27 28 0 245 0 0 0
27 29 0 247 0 0 0
27 30 0 259 0 0 0
27 31 0 282 0 0 0
27 32 0 309 0 0 0
27 33 0 330 0 0 0
27 34 0 337 0 0 0
27 35 0 325 0 0 0
27 36 0 300 0 0 0
27 37 0 268 0 0 0
27 38 0 242 0 0 0
27 39 0 234 0 0 0
27 40 0 251 0 0 0
27 41 0 292 0 0 0
27 42 0 352 0 0 0
27 43 0 416 0 0 0
27 44 0 468 0 0 0
27 45 0 492 0 0 0
27 46 0 486 0 0 0
27 47 0 449 0 0 0
27 48 0 392 0 0 0
27 49 0 327 0 0 0
27 50 0 266 0 0 0
27 51 0 213 0 0 0
27 52 0 169 0 0 0
27 53 0 133 0 0 0
27 54 0 103 0 0 0
27 55 0 77 0 0 0
27 56 0 58 0 0 0
27 57 0 46 0 0 0
27 58 0 40 0 0 0
27 59 0 40 0 0 0
27 60 0 43 0 0 0
27 61 0 46 0 0 0
27 62 0 47 0 0 0
27 63 0 46 -68 77 0
27 64 0 40 0 0 0
27 65 0 33 -70 68 0
27 66 0 25 0 0 0
27 67 0 17 -73 54 0
27 68 0 10 0 0 0
27 69 0 6 -74 37 0
27 70 0 3 -68 10 0
27 71 0 1 -71 12 -1
27 72 0 0 -64 8 18
27 82 0 0 -18 -1 0
27 83 0 0 -8 5 0
27 84 0 0 -18 26 2
27 85 0 0 -20 40 3
27 87 0 0 -7 66 1
27 89 0 0 -7 82 1
27 91 0 0 -7 102 0
27 93 0 0 -5 111 0
27 95 0 0 -3 121 -5
27 96 0 0 2 124 -9
27 97 0 0 1 108 0
28 2 0 0 -30 0 7
28 3 0 41 -30 -3 0
28 4 0 67 0 0 0
28 5 0 101 0 0 0
28 6 0 140 0 0 0
28 7 0 176 0 0 0
28 8 0 204 -32 3 0
28 9 0 217 0 0 0
28 10 0 212 -33 4 0
28 11 0 192 0 0 0
28 12 0 163 -35 5 0
28 13 0 132 0 0 0
28 14 0 106 -37 7 0
28 15 0 91 0 0 0
28 16 0 88 -40 8 0
28 17 0 97 0 0 0
28 18 0 118 -43 11 0
28 19 0 150 0 0 0
28 20 0 193 -46 14 0
28 21 0 246 0 0 0
28 22 0 304 -49 17 0
28 23 0 360 0 0 0
28 24 0 407 -52 21 0
28 25 0 434 0 0 0
28 26 0 442 -55 25 0
28 27 0 435 0 0 0
28 28 0 424 0 0 0
28 29 0 420 -58 30 0
28 30 0 431 0 0 0
28 31 0 460 -60 35 0
28 32 0 496 0 0 0
28 33 0 527 -62 41 0
28 34 0 540 0 0 0
28 35 0 527 -64 47 0
28 36 0 495 0 0 0
28 37 0 452 -65 52 0
28 38 0 417 0 0 0
28 39 0 405 0 0 0
28 40 0 426 0 0 0
28 41 0 480 0 0 0
28 42 0 558 0 0 0
28 43 0 641 0 0 0
28 44 0 706 0 0 0
28 45 0 735 0 0 0
28 46 0 721 0 0 0
28 47 0 667 0 0 0
28 48 0 586 0 0 0
28 49 0 495 0 0 0
28 50 0 407 0 0 0
28 51 0 329 -66 83 0
28 52 0 263 0 0 0
28 53 0 207 -66 85 0
28 54 0 159 0 0 0
28 55 0 120 -65 87 0
28 56 0 90 0 0 0
28 57 0 72 -64 87 0
28 58 0 64 0 0 0
28 59 0 64 -63 86 0
28 60 0 70 0 0 0
28 61 0 75 0 0 0
28 62 0 78 0 0 0
28 63 0 75 0 0 0
28 64 0 66 0 0 0
28 65 0 54 0 0 0
28 66 0 41 0 0 0
28 67 0 28 0 0 0
28 68 0 17 0 0 0
28 69 0 10 0 0 0
28 70 0 5 -62 27 -3
28 71 0 2 -53 15 -1
28 72 0 0 -56 -8 -8
28 82 0 0 -27 -3 5
28 83 0 0 -33 7 0
28 84 0 0 -27 21 1
28 85 0 0 -25 38 4
28 96 0 0 -9 126 -9
28 97 0 0 -2 111 1
29 2 0 0 -31 0 -6
29 3 0 47 -31 5 0
29 4 0 78 -30 1 0
29 5 0 117 0 0 0
29 6 0 162 -31 2 0
29 7 0 205 0 0 0
29 8 0 238 0 0 0
29 9 0 255 0 0 0
29 10 0 252 0 0 0
29 11 0 233 0 0 0
29 12 0 204 0 0 0
29 13 0 174 0 0 0
29 14 0 151 0 0 0
29 15 0 144 0 0 0
29 16 0 152 0 0 0
29 17 0 174 0 0 0
29 18 0 214 0 0 0
29 19 0 269 0 0 0
29 20 0 340 0 0 0
29 21 0 425 0 0 0
29 22 0 517 0 0 0
29 23 0 605 0 0 0
29 24 0 677 0 0 0
29 25 0 718 0 0 0
29 26 0 727 0 0 0
29 27 0 712 0 0 0
29 28 0 689 0 0 0
29 29 0 674 0 0 0
29 30 0 683 0 0 0
29 31 0 717 0 0 0
29 32 0 766 0 0 0
29 33 0 810 0 0 0
29 34 0 832 0 0 0
29 35 0 822 0 0 0
29 36 0 785 0 0 0
29 37 0 732 0 0 0
29 38 0 687 0 0 0
29 39 0 671 -65 57 0
29 40 0 695 0 0 0
29 41 0 761 -66 63 0
29 42 0 857 0 0 0
29 43 0 956 -66 67 0
29 44 0 1031 0 0 0
29 45 0 1058 -66 72 0
29 46 0 1029 0 0 0
29 47 0 948 -66 76 0
29 48 0 835 0 0 0
29 49 0 709 -66 80 0
29 50 0 586 0 0 0
29 51 0 476 0 0 0
29 52 0 382 0 0 0
29 53 0 300 0 0 0
29 54 0 231 0 0 0
29 55 0 174 0 0 0
29 56 0 132 0 0 0
29 57 0 107 0 0 0
29 58 0 97 0 0 0
29 59 0 98 0 0 0
29 60 0 106 0 0 0
29 61 0 114 -62 83 0
29 62 0 118 0 0 0
29 63 0 113 -60 77 0
29 64 0 100 0 0 0
29 65 0 82 -59 68 0
29 66 0 61 0 0 0
29 67 0 42 -57 54 0
29 68 0 26 0 0 0
29 69 0 15 -54 37 0
29 70 0 8 -46 14 0
29 71 0 4 -49 13 -1
29 72 0 0 -43 7 14
29 82 0 0 -47 11 -11
29 83 0 0 -37 4 0
29 84 0 0 -47 28 2
29 85 0 0 -51 44 4
29 87 0 0 -32 67 1
29 89 0 0 -28 85 1
29 91 0 0 -21 105 0
29 93 0 0 -16 115 0
29 95 0 0 -8 125 -5
29 96 0 0 0 130 -9
29 97 0 0 0 113 0
30 2 0 0 -31 0 7
30 3 0 50 -31 -3 0
30 4 0 82 0 0 0
30 5 0 124 0 0 0
30 6 0 172 0 0 0
30 7 0 219 0 0 0
30 8 0 256 0 0 0
30 9 0 278 0 0 0
30 10 0 282 0 0 0
30 11 0 269 0 0 0
30 12 0 249 -37 3 0
30 13 0 229 0 0 0
30 14 0 219 -39 4 0
30 15 0 227 0 0 0
30 16 0 253 -42 6 0
30 17 0 298 0 0 0
30 18 0 365 -45 8 0
30 19 0 451 0 0 0
30 20 0 560 -49 10 0
30 21 0 686 0 0 0
30 22 0 821 -53 13 0
30 23 0 947 0 0 0
30 24 0 1050 -56 17 0
30 25 0 1106 0 0 0
30 26 0 1117 -60 22 0
30 27 0 1091 0 0 0
30 28 0 1050 0 0 0
30 29 0 1022 -63 27 0
30 30 0 1025 0 0 0
30 31 0 1066 -66 33 0
30 32 0 1131 0 0 0
30 33 0 1194 0 0 0
30 34 0 1234 0 0 0
30 35 0 1233 0 0 0
30 36 0 1197 0 0 0
30 37 0 1137 0 0 0
30 38 0 1085 0 0 0
30 39 0 1063 0 0 0
30 40 0 1088 0 0 0
30 41 0 1162 0 0 0
30 42 0 1269 0 0 0
30 43 0 1378 0 0 0
30 44 0 1453 0 0 0
30 45 0 1466 0 0 0
30 46 0 1409 0 0 0
30 47 0 1291 0 0 0
30 48 0 1134 0 0 0
30 49 0 962 0 0 0
30 50 0 797 0 0 0
30 51 0 648 0 0 0
30 52 0 518 0 0 0
30 53 0 406 0 0 0
30 54 0 312 0 0 0
30 55 0 236 0 0 0
30 56 0 182 0 0 0
30 57 0 150 0 0 0
30 58 0 139 0 0 0
30 59 0 142 0 0 0
30 60 0 153 0 0 0
30 61 0 164 0 0 0
30 62 0 168 0 0 0
30 63 0 160 0 0 0
30 64 0 141 0 0 0
30 65 0 115 0 0 0
30 66 0 86 0 0 0
30 67 0 59 0 0 0
30 68 0 37 0 0 0
30 69 0 21 0 0 0
30 70 0 11 -40 26 -3
30 71 0 5 -30 15 -1
30 72 0 0 -33 -5 -8
30 82 0 0 -56 -6 5
30 83 0 0 -63 8 0
30 84 0 0 -59 23 1
30 85 0 0 -57 40 4
30 96 0 0 -13 133 -10
30 97 0 0 -2 118 1
31 2 0 0 -31 0 -7
31 3 0 49 -31 4 0
31 4 0 82 -31 0 0
31 5 0 123 0 0 0
31 6 0 171 -32 1 0
31 7 0 220 0 0 0
31 8 0 260 -33 1 0
31 9 0 289 0 0 0
31 10 0 303 -34 2 0
31 11 0 305 0 0 0
31 12 0 303 0 0 0
31 13 0 305 0 0 0
31 14 0 317 0 0 0
31 15 0 352 0 0 0
31 16 0 406 0 0 0
31 17 0 482 0 0 0
31 18 0 585 0 0 0
31 19 0 711 0 0 0
31 20 0 862 0 0 0
31 21 0 1034 0 0 0
31 22 0 1214 0 0 0
31 23 0 1380 0 0 0
31 24 0 1512 0 0 0
31 25 0 1583 0 0 0
31 26 0 1592 0 0 0
31 27 0 1552 0 0 0
31 28 0 1494 0 0 0
31 29 0 1452 0 0 0
31 30 0 1451 0 0 0
31 31 0 1504 0 0 0
31 32 0 1592 0 0 0
31 33 0 1685 -68 39 0
31 34 0 1754 0 0 0
31 35 0 1775 -69 45 0
31 36 0 1753 0 0 0
31 37 0 1697 -70 51 0
31 38 0 1645 0 0 0
31 39 0 1622 -71 57 0
31 40 0 1647 0 0 0
31 41 0 1724 -71 62 0
31 42 0 1836 0 0 0
31 43 0 1945 -71 67 0
31 44 0 2009 0 0 0
31 45 0 1995 -71 72 0
31 46 0 1895 0 0 0
31 47 0 1720 -70 76 0
31 48 0 1500 0 0 0
31 49 0 1266 -70 80 0
31 50 0 1043 0 0 0
31 51 0 842 -69 84 0
31 52 0 668 0 0 0
31 53 0 520 -68 86 0
31 54 0 399 0 0 0
31 55 0 305 -66 88 0
31 56 0 239 0 0 0
31 57 0 202 -64 89 0
31 58 0 189 0 0 0
31 59 0 193 -61 88 0
31 60 0 207 0 0 0
31 61 0 218 -58 86 0
31 62 0 220 0 0 0
31 63 0 208 -53 80 0
31 64 0 182 0 0 0
31 65 0 147 -48 72 0
31 66 0 110 0 0 0
31 67 0 75 -41 58 0
31 68 0 47 0 0 0
31 69 0 27 -35 41 -1
31 70 0 14 -22 19 -1
31 71 0 7 -25 13 -1
31 72 0 0 -20 4 8
31 82 0 0 -82 17 -15
31 83 0 0 -70 4 1
31 84 0 0 -78 33 3
31 85 0 0 -83 50 3
31 87 0 0 -57 76 1
31 89 0 0 -48 92 1
31 91 0 0 -36 114 0
31 93 0 0 -25 122 0
31 95 0 0 -14 132 -5
31 96 0 0 -3 138 -10
31 97 0 0 0 120 0
32 2 0 0 -32 0 7
32 3 0 45 -31 -4 0
32 4 0 75 0 0 0
32 5 0 114 0 0 0
32 6 0 160 0 0 0
32 7 0 208 0 0 0
32 8 0 252 0 0 0
32 9 0 292 0 0 0
32 10 0 323 0 0 0
32 11 0 350 0 0 0
32 12 0 380 0 0 0
32 13 0 415 0 0 0
32 14 0 464 -40 1 0
32 15 0 535 0 0 0
32 16 0 627 -44 2 0
32 17 0 743 0 0 0
32 18 0 888 -47 4 0
32 19 0 1057 0 0 0
32 20 0 1253 -52 6 0
32 21 0 1468 0 0 0
32 22 0 1687 -56 9 0
32 23 0 1887 0 0 0
32 24 0 2043 -61 13 0
32 25 0 2123 0 0 0
32 26 0 2129 -65 18 0
32 27 0 2076 0 0 0
32 28 0 2002 0 0 0
32 29 0 1948 0 0 0
32 30 0 1948 0 0 0
32 31 0 2019 0 0 0
32 32 0 2137 0 0 0
32 33 0 2269 0 0 0
32 34 0 2377 0 0 0
32 35 0 2435 0 0 0
32 36 0 2443 0 0 0
32 37 0 2409 0 0 0
32 38 0 2372 0 0 0
32 39 0 2359 0 0 0
32 40 0 2389 0 0 0
32 41 0 2468 0 0 0
32 42 0 2578 0 0 0
32 43 0 2677 0 0 0
32 44 0 2717 0 0 0
32 45 0 2659 0 0 0
32 46 0 2493 0 0 0
32 47 0 2237 0 0 0
32 48 0 1929 0 0 0
32 49 0 1609 0 0 0
32 50 0 1311 0 0 0
32 51 0 1046 0 0 0
32 52 0 821 0 0 0
32 53 0 634 0 0 0
32 54 0 487 0 0 0
32 55 0 376 0 0 0
32 56 0 302 0 0 0
32 57 0 262 0 0 0
32 58 0 249 0 0 0
32 59 0 253 0 0 0
32 60 0 266 0 0 0
32 61 0 275 0 0 0
32 62 0 272 0 0 0
32 63 0 253 0 0 0
32 64 0 219 0 0 0
32 65 0 176 0 0 0
32 66 0 130 0 0 0
32 67 0 88 0 0 0
32 68 0 55 0 0 0
32 69 0 32 0 0 0
32 70 0 16 -14 30 -3
32 71 0 8 -2 17 -1
32 72 0 0 -8 0 0
32 82 0 0 -91 -7 4
32 83 0 0 -100 10 0
32 84 0 0 -95 29 2
32 85 0 0 -92 47 5
32 96 0 0 -16 145 -11
32 97 0 0 -2 129 1
33 2 0 0 -31 0 -7
33 3 0 40 -31 4 0
33 4 0 67 -31 0 0
33 5 0 102 0 0 0
33 6 0 145 -32 0 0
33 7 0 193 0 0 0
33 8 0 243 -33 0 0
33 9 0 298 0 0 0
33 10 0 354 -35 0 0
33 11 0 418 0 0 0
33 12 0 492 -37 0 0
33 13 0 576 0 0 0
33 14 0 672 0 0 0
33 15 0 790 0 0 0
33 16 0 928 0 0 0
33 17 0 1090 0 0 0
33 18 0 1280 0 0 0
33 19 0 1494 0 0 0
33 20 0 1727 0 0 0
33 21 0 1974 0 0 0
33 22 0 2218 0 0 0
33 23 0 2437 0 0 0
33 24 0 2604 0 0 0
33 25 0 2690 0 0 0
33 26 0 2694 0 0 0
33 27 0 2633 0 0 0
33 28 0 2552 0 0 0
33 29 0 2496 -69 24 0
33 30 0 2504 0 0 0
33 31 0 2596 -72 31 0
33 32 0 2749 0 0 0
33 33 0 2923 -74 37 0
33 34 0 3079 0 0 0
33 35 0 3186 -75 44 0
33 36 0 3242 0 0 0
33 37 0 3251 -76 51 0
33 38 0 3252 0 0 0
33 39 0 3267 -76 57 0
33 40 0 3314 0 0 0
33 41 0 3396 -76 62 0
33 42 0 3497 0 0 0
33 43 0 3574 -76 68 0
33 44 0 3576 0 0 0
33 45 0 3457 -75 72 0
33 46 0 3203 0 0 0
33 47 0 2841 -75 77 0
33 48 0 2421 0 0 0
33 49 0 1994 -74 81 0
33 50 0 1603 0 0 0
33 51 0 1262 -72 85 0
33 52 0 978 0 0 0
33 53 0 750 -70 88 0
33 54 0 579 0 0 0
33 55 0 458 -68 91 0
33 56 0 381 0 0 0
33 57 0 341 -64 93 0
33 58 0 328 0 0 0
33 59 0 329 -60 93 0
33 60 0 336 0 0 0
33 61 0 336 -54 91 0
33 62 0 323 0 0 0
33 63 0 293 -46 87 0
33 64 0 248 0 0 0
33 65 0 196 -36 80 0
33 66 0 144 0 0 0
33 67 0 97 -24 66 0
33 68 0 60 0 0 0
33 69 0 34 -13 50 -1
33 70 0 18 7 29 -2
33 71 0 8 2 14 -1
33 72 0 0 10 0 0
33 82 0 0 -131 21 -15
33 83 0 0 -112 6 2
33 84 0 0 -119 43 4
33 85 0 0 -120 66 3
33 87 0 0 -86 91 2
33 89 0 0 -69 107 2
33 91 0 0 -51 126 0
33 93 0 0 -35 137 0
33 95 0 0 -20 145 -6
33 96 0 0 -5 151 -11
33 97 0 0 0 132 0
34 2 0 0 -32 0 7
34 3 0 36 -31 -4 0
34 4 0 62 0 0 0
34 5 0 94 0 0 0
34 6 0 135 0 0 0
34 7 0 186 0 0 0
34 8 0 245 0 0 0
34 9 0 320 0 0 0
34 10 0 411 0 0 0
34 11 0 522 0 0 0
34 12 0 653 0 0 0
34 13 0 797 0 0 0
34 14 0 953 0 0 0
34 15 0 1125 0 0 0
34 16 0 1315 -45 -1 0
34 17 0 1527 0 0 0
34 18 0 1766 -49 0 0
34 19 0 2022 0 0 0
34 20 0 2287 -54 1 0
34 21 0 2554 0 0 0
34 22 0 2806 -60 4 0
34 23 0 3027 0 0 0
34 24 0 3193 -65 9 0
34 25 0 3278 0 0 0
34 26 0 3279 0 0 0
34 27 0 3214 0 0 0
34 28 0 3133 0 0 0
34 29 0 3080 0 0 0
34 30 0 3100 0 0 0
34 31 0 3214 0 0 0
34 32 0 3399 0 0 0
34 33 0 3615 0 0 0
34 34 0 3821 0 0 0
34 35 0 3987 0 0 0
34 36 0 4109 0 0 0
34 37 0 4185 0 0 0
34 38 0 4250 0 0 0
34 39 0 4318 0 0 0
34 40 0 4395 0 0 0
34 41 0 4482 0 0 0
34 42 0 4565 0 0 0
34 43 0 4606 0 0 0
34 44 0 4552 0 0 0
34 45 0 4356 0 0 0
34 46 0 4001 0 0 0
34 47 0 3519 0 0 0
34 48 0 2972 0 0 0
34 49 0 2423 0 0 0
34 50 0 1926 0 0 0
34 51 0 1500 0 0 0
34 52 0 1152 0 0 0
34 53 0 882 0 0 0
34 54 0 690 0 0 0
34 55 0 562 0 0 0
34 56 0 487 0 0 0
34 57 0 450 0 0 0
34 58 0 436 0 0 0
34 59 0 430 0 0 0
34 60 0 423 0 0 0
34 61 0 405 0 0 0
34 62 0 374 0 0 0
34 63 0 328 0 0 0
34 64 0 270 0 0 0
34 65 0 208 0 0 0
34 66 0 149 0 0 0
34 67 0 99 0 0 0
34 68 0 61 0 0 0
34 69 0 34 0 0 0
34 70 0 18 17 35 -4
34 71 0 8 33 26 -3
34 72 0 0 32 -3 0
34 82 0 0 -142 -5 1
34 83 0 0 -152 15 0
34 84 0 0 -144 46 3
34 85 0 0 -131 64 6
34 96 0 0 -20 160 -12
34 97 0 0 -3 143 2
35 2 0 0 -31 0 -7
35 3 0 37 -31 3 0
35 4 0 63 -31 0 0
35 5 0 95 0 0 0
35 6 0 138 -32 -1 0
35 7 0 193 0 0 0
35 8 0 265 -33 -1 0
35 9 0 364 0 0 0
35 10 0 494 -35 -1 0
35 11 0 660 0 0 0
35 12 0 857 -38 -1 0
35 13 0 1071 0 0 0
35 14 0 1293 -41 -1 0
35 15 0 1527 0 0 0
35 16 0 1776 0 0 0
35 17 0 2046 0 0 0
35 18 0 2339 0 0 0
35 19 0 2641 0 0 0
35 20 0 2936 0 0 0
35 21 0 3215 0 0 0
35 22 0 3463 0 0 0
35 23 0 3673 0 0 0
35 24 0 3827 0 0 0
35 25 0 3903 0 0 0
35 26 0 3902 -71 14 0
35 27 0 3837 0 0 0
35 28 0 3762 -75 21 0
35 29 0 3718 0 0 0
35 30 0 3749 0 0 0
35 31 0 3878 -79 28 0
35 32 0 4083 0 0 0
35 33 0 4328 -81 36 0
35 34 0 4573 0 0 0
35 35 0 4794 -83 43 0
35 36 0 4987 0 0 0
35 37 0 5146 -83 50 0
35 38 0 5299 0 0 0
35 39 0 5441 -83 57 0
35 40 0 5564 0 0 0
35 41 0 5660 -82 63 0
35 42 0 5715 0 0 0
35 43 0 5701 -81 68 0
35 44 0 5572 0 0 0
35 45 0 5288 -80 73 0
35 46 0 4830 0 0 0
35 47 0 4233 -79 78 0
35 48 0 3564 0 0 0
35 49 0 2895 -78 82 0
35 50 0 2290 0 0 0
35 51 0 1772 -76 87 0
35 52 0 1355 0 0 0
35 53 0 1040 -74 91 0
35 54 0 827 0 0 0
35 55 0 697 -71 94 0
35 56 0 628 0 0 0
35 57 0 596 -66 97 0
35 58 0 580 0 0 0
35 59 0 562 -60 99 0
35 60 0 534 0 0 0
35 61 0 490 -52 100 0
35 62 0 431 0 0 0
35 63 0 362 -41 97 0
35 64 0 287 0 0 0
35 65 0 214 -28 93 0
35 66 0 149 0 0 0
35 67 0 97 -9 82 0
35 68 0 58 0 0 0
35 69 0 32 9 67 -2
35 70 0 16 45 47 -4
35 71 0 7 41 25 -2
35 72 0 0 54 -4 -12
35 82 0 0 -203 22 -13
35 83 0 0 -174 11 3
35 84 0 0 -174 64 6
35 85 0 0 -158 92 4
35 87 0 0 -114 117 2
35 89 0 0 -89 129 2
35 91 0 0 -64 148 0
35 93 0 0 -43 152 0
35 95 0 0 -24 161 -6
35 96 0 0 -7 166 -12
35 97 0 0 0 146 0
36 2 0 0 -31 0 7
36 3 0 43 -31 -4 0
36 4 0 72 0 0 0
36 5 0 107 0 0 0
36 6 0 155 0 0 0
36 7 0 219 0 0 0
36 8 0 304 0 0 0
36 9 0 429 0 0 0
36 10 0 599 0 0 0
36 11 0 821 0 0 0
36 12 0 1085 0 0 0
36 13 0 1370 0 0 0
36 14 0 1664 0 0 0
36 15 0 1965 0 0 0
36 16 0 2284 -45 -5 0
36 17 0 2625 0 0 0
36 18 0 2987 -50 -5 0
36 19 0 3348 0 0 0
36 20 0 3683 -56 -3 0
36 21 0 3976 0 0 0
36 22 0 4218 -63 -1 0
36 23 0 4409 0 0 0
36 24 0 4543 -70 2 0
36 25 0 4608 0 0 0
36 26 0 4603 0 0 0
36 27 0 4543 0 0 0
36 28 0 4480 0 0 0
36 29 0 4451 0 0 0
36 30 0 4490 0 0 0
36 31 0 4622 0 0 0
36 32 0 4826 0 0 0
36 33 0 5076 0 0 0
36 34 0 5344 0 0 0
36 35 0 5612 0 0 0
36 36 0 5880 0 0 0
36 37 0 6131 0 0 0
36 38 0 6386 0 0 0
36 39 0 6619 0 0 0
36 40 0 6801 0 0 0
36 41 0 6905 0 0 0
36 42 0 6917 0 0 0
36 43 0 6818 0 0 0
36 44 0 6588 0 0 0
36 45 0 6201 0 0 0
36 46 0 5647 0 0 0
36 47 0 4954 0 0 0
36 48 0 4186 0 0 0
36 49 0 3411 0 0 0
36 50 0 2701 0 0 0
36 51 0 2089 0 0 0
36 52 0 1596 0 0 0
36 53 0 1233 0 0 0
36 54 0 997 0 0 0
36 55 0 865 0 0 0
36 56 0 803 0 0 0
36 57 0 777 0 0 0
36 58 0 758 0 0 0
36 59 0 723 0 0 0
36 60 0 667 0 0 0
36 61 0 589 0 0 0
36 62 0 496 0 0 0
36 63 0 398 0 0 0
36 64 0 302 0 0 0
36 65 0 216 0 0 0
36 66 0 145 0 0 0
36 67 0 91 0 0 0
36 68 0 53 0 0 0
36 69 0 29 0 0 0
36 70 0 14 56 62 -6
36 71 0 6 91 53 -4
36 72 0 0 98 8 15
36 82 0 0 -222 0 -2
36 83 0 0 -247 20 4
36 84 0 0 -218 93 4
36 85 0 0 -183 107 6
36 96 0 0 -22 179 -14
36 97 0 0 -3 159 2
37 2 0 0 -30 0 -7
37 3 0 54 -30 3 0
37 4 0 89 -30 -1 0
37 5 0 130 0 0 0
37 6 0 186 -31 -2 0
37 7 0 260 0 0 0
37 8 0 360 -33 -3 0
37 9 0 507 0 0 0
37 10 0 714 -35 -4 0
37 11 0 986 0 0 0
37 12 0 1311 -37 -4 0
37 13 0 1665 0 0 0
37 14 0 2031 -41 -5 0
37 15 0 2407 0 0 0
37 16 0 2807 0 0 0
37 17 0 3236 0 0 0
37 18 0 3685 0 0 0
37 19 0 4127 0 0 0
37 20 0 4519 0 0 0
37 21 0 4844 0 0 0
37 22 0 5091 0 0 0
37 23 0 5273 0 0 0
37 24 0 5390 0 0 0
37 25 0 5443 0 0 0
37 26 0 5434 -77 9 0
37 27 0 5384 0 0 0
37 28 0 5346 -83 16 0
37 29 0 5340 0 0 0
37 30 0 5388 0 0 0
37 31 0 5505 -87 25 0
37 32 0 5676 0 0 0
37 33 0 5895 -89 34 0
37 34 0 6156 0 0 0
37 35 0 6452 -90 42 0
37 36 0 6785 0 0 0
37 37 0 7129 -90 51 0
37 38 0 7493 0 0 0
37 39 0 7828 -89 58 0
37 40 0 8076 0 0 0
37 41 0 8187 -87 64 0
37 42 0 8135 0 0 0
37 43 0 7922 -86 69 0
37 44 0 7559 0 0 0
37 45 0 7056 -84 74 0
37 46 0 6418 0 0 0
37 47 0 5661 -84 79 0
37 48 0 4829 0 0 0
37 49 0 3973 -82 84 0
37 50 0 3168 0 0 0
37 51 0 2459 -81 89 0
37 52 0 1882 0 0 0
37 53 0 1460 -78 94 0
37 54 0 1194 0 0 0
37 55 0 1053 -74 99 0
37 56 0 995 0 0 0
37 57 0 973 -69 103 0
37 58 0 948 0 0 0
37 59 0 895 -62 107 0
37 60 0 808 0 0 0
37 61 0 693 -52 109 0
37 62 0 564 0 0 0
37 63 0 435 -39 110 0
37 64 0 317 0 0 0
37 65 0 218 -22 110 0
37 66 0 140 0 0 0
37 67 0 84 3 104 -1
37 68 0 47 0 0 0
37 69 0 25 35 101 -4
37 70 0 12 98 103 -8
37 71 0 5 110 56 -2
37 72 0 0 160 6 -11
37 82 0 0 -201 1 -61
37 83 0 0 -308 7 13
37 84 0 0 -262 124 6
37 85 0 0 -219 148 9
37 87 0 0 -146 158 4
37 89 0 0 -105 159 2
37 91 0 0 -73 171 0
37 93 0 0 -50 175 -1
37 95 0 0 -28 181 -7
37 96 0 0 -7 185 -13
37 97 0 0 0 163 0
38 2 0 0 -30 0 7
38 3 0 69 -30 -4 0
38 4 0 110 0 0 0
38 5 0 160 0 0 0
38 6 0 225 0 0 0
38 7 0 308 0 0 0
38 8 0 421 0 0 0
38 9 0 585 0 0 0
38 10 0 821 0 0 0
38 11 0 1136 0 0 0
38 12 0 1514 0 0 0
38 13 0 1933 0 0 0
38 14 0 2372 0 0 0
38 15 0 2828 0 0 0
38 16 0 3320 0 0 0
38 17 0 3850 0 0 0
38 18 0 4401 0 0 0
38 19 0 4936 0 0 0
38 20 0 5403 0 0 0
38 21 0 5778 0 0 0
38 22 0 6051 0 0 0
38 23 0 6240 0 0 0
38 24 0 6351 0 0 0
38 25 0 6401 0 0 0
38 26 0 6398 0 0 0
38 27 0 6371 0 0 0
38 28 0 6375 0 0 0
38 29 0 6408 0 0 0
38 30 0 6466 0 0 0
38 31 0 6551 0 0 0
38 32 0 6659 0 0 0
38 33 0 6818 0 0 0
38 34 0 7054 0 0 0
38 35 0 7376 0 0 0
38 36 0 7780 0 0 0
38 37 0 8226 0 0 0
38 38 0 8702 0 0 0
38 39 0 9138 0 0 0
38 40 0 9447 0 0 0
38 41 0 9549 0 0 0
38 42 0 9407 0 0 0
38 43 0 9042 0 0 0
38 44 0 8515 0 0 0
38 45 0 7888 0 0 0
38 46 0 7179 0 0 0
38 47 0 6389 0 0 0
38 48 0 5520 0 0 0
38 49 0 4599 0 0 0
38 50 0 3696 0 0 0
38 51 0 2878 0 0 0
38 52 0 2203 0 0 0
38 53 0 1707 0 0 0
38 54 0 1395 0 0 0
38 55 0 1233 0 0 0
38 56 0 1169 0 0 0
38 57 0 1144 0 0 0
38 58 0 1112 0 0 0
38 59 0 1041 0 0 0
38 60 0 928 0 0 0
38 61 0 782 0 0 0
38 62 0 621 0 0 0
38 63 0 466 -42 127 0
38 64 0 328 0 0 0
38 65 0 217 0 0 0
38 66 0 135 0 0 0
38 67 0 77 0 0 0
38 68 0 42 0 0 0
38 69 0 21 0 0 0
38 70 0 10 93 145 -9
38 71 0 4 162 210 -16
38 72 0 0 456 79 14
38 73 0 0 -8 336 9
38 74 0 0 -3 353 0
38 75 0 0 4 343 18
38 76 0 0 19 360 -8
38 77 0 0 20 344 0
38 78 0 0 25 383 -15
38 79 0 0 22 378 -16
38 80 0 0 -10 398 -2
38 81 0 0 -5 455 -2
38 82 0 0 -598 704 -33
38 83 0 0 -361 504 -16
38 84 0 0 -273 231 5
38 85 0 0 -208 192 10
38 96 0 0 -24 199 -15
38 97 0 0 -4 178 2
39 2 0 0 -29 0 -7
39 3 0 83 -29 2 0
39 4 0 131 -29 -2 0
39 5 0 189 0 0 0
39 6 0 262 -30 -3 0
39 7 0 353 0 0 0
39 8 0 475 -31 -4 0
39 9 0 654 0 0 0
39 10 0 913 -34 -6 0
39 11 0 1263 0 0 0
39 12 0 1689 -36 -8 0
39 13 0 2170 0 0 0
39 14 0 2683 -40 -9 0
39 15 0 3224 0 0 0
39 16 0 3809 -45 -10 0
39 17 0 4437 0 0 0
39 18 0 5084 -51 -11 0
39 19 0 5710 0 0 0
39 20 0 6261 -58 -11 0
39 21 0 6708 0 0 0
39 22 0 7041 -67 -8 0
39 23 0 7276 0 0 0
39 24 0 7412 -76 -4 0
39 25 0 7475 0 0 0
39 26 0 7485 -85 2 0
39 27 0 7492 0 0 0
39 28 0 7554 -91 11 0
39 29 0 7644 0 0 0
39 30 0 7713 -96 21 0
39 31 0 7747 0 0 0
39 32 0 7764 0 0 0
39 33 0 7844 -99 32 0
39 34 0 8058 0 0 0
39 35 0 8428 -100 42 0
39 36 0 8935 0 0 0
39 37 0 9508 -99 52 0
39 38 0 10109 0 0 0
39 39 0 10640 -96 60 0
39 40 0 10987 0 0 0
39 41 0 11046 -93 66 0
39 42 0 10775 0 0 0
39 43 0 10224 -91 71 0
39 44 0 9510 0 0 0
39 45 0 8751 -90 75 0
39 46 0 7982 0 0 0
39 47 0 7173 -89 79 0
39 48 0 6277 0 0 0
39 49 0 5285 -88 85 0
39 50 0 4273 0 0 0
39 51 0 3329 -87 91 0
39 52 0 2537 0 0 0
39 53 0 1949 -84 97 0
39 54 0 1573 0 0 0
39 55 0 1371 -80 104 0
39 56 0 1285 0 0 0
39 57 0 1249 -74 110 0
39 58 0 1207 0 0 0
39 59 0 1124 -66 116 0
39 60 0 995 0 0 0
39 61 0 829 -56 122 0
39 62 0 649 0 0 0
39 63 0 478 0 0 0
39 64 0 329 0 0 0
39 65 0 212 -24 136 0
39 66 0 128 2 140 -1
39 67 0 71 0 0 0
39 68 0 37 32 162 -6
39 69 0 18 0 0 0
39 70 0 8 91 197 -5
39 71 0 3 113 192 -15
39 72 0 0 44 349 -6
39 73 0 0 26 309 -3
39 74 0 0 2 290 12
39 75 0 0 -30 340 -1
39 76 0 0 14 316 19
39 77 0 0 -19 315 -19
39 78 0 0 4 371 -2
39 79 0 0 -31 303 -2
39 80 0 0 -30 399 0
39 81 0 0 -37 404 0
39 82 0 0 -195 495 -5
39 83 0 0 -188 442 -3
39 84 0 0 -201 292 1
39 85 0 0 -211 242 21
39 87 0 0 -148 217 4
39 89 0 0 -107 201 2
39 91 0 0 -77 204 0
39 93 0 0 -51 199 0
39 95 0 0 -29 203 -9
39 96 0 0 -6 206 -14
39 97 0 0 0 182 0
40 2 0 0 -28 0 7
40 3 0 93 -28 -5 0
40 4 0 145 0 0 0
40 5 0 209 0 0 0
40 6 0 288 0 0 0
40 7 0 383 0 0 0
40 8 0 512 0 0 0
40 9 0 702 0 0 0
40 10 0 983 0 0 0
40 11 0 1368 0 0 0
40 12 0 1842 0 0 0
40 13 0 2389 0 0 0
40 14 0 2978 0 0 0
40 15 0 3600 0 0 0
40 16 0 4264 0 0 0
40 17 0 4967 0 0 0
40 18 0 5682 0 0 0
40 19 0 6379 0 0 0
40 20 0 7010 0 0 0
40 21 0 7554 0 0 0
40 22 0 7996 0 0 0
40 23 0 8335 0 0 0
40 24 0 8545 0 0 0
40 25 0 8644 0 0 0
40 26 0 8671 0 0 0
40 27 0 8718 0 0 0
40 28 0 8854 0 0 0
40 29 0 9016 0 0 0
40 30 0 9096 0 0 0
40 31 0 9058 0 0 0
40 32 0 8959 0 0 0
40 33 0 8955 0 0 0
40 34 0 9176 0 0 0
40 35 0 9652 0 0 0
40 36 0 10330 0 0 0
40 37 0 11085 0 0 0
40 38 0 11830 0 0 0
40 39 0 12439 0 0 0
40 40 0 12778 0 0 0
40 41 0 12735 0 0 0
40 42 0 12282 0 0 0
40 43 0 11506 0 0 0
40 44 0 10584 0 0 0
40 45 0 9683 0 0 0
40 46 0 8847 0 0 0
40 47 0 8010 0 0 0
40 48 0 7072 0 0 0
40 49 0 5994 0 0 0
40 50 0 4855 0 0 0
40 51 0 3773 0 0 0
40 52 0 2852 0 0 0
40 53 0 2157 0 0 0
40 54 0 1699 0 0 0
40 55 0 1438 0 0 0
40 56 0 1315 0 0 0
40 57 0 1258 0 0 0
40 58 0 1205 0 0 0
40 59 0 1116 0 0 0
40 60 0 983 0 0 0
40 61 0 815 0 0 0
40 62 0 633 0 0 0
40 63 0 461 -52 142 0
40 64 0 314 0 0 0
40 65 0 199 0 0 0
40 66 0 117 0 0 0
40 67 0 63 0 0 0
40 68 0 32 0 0 0
40 69 0 15 0 0 0
40 70 0 6 49 192 -11
40 71 0 2 34 237 -7
40 72 0 0 36 276 0
40 73 0 0 -1 299 -4
40 74 0 0 3 300 4
40 75 0 0 -12 277 7
40 76 0 0 -31 351 -2
40 78 0 0 -19 317 -11
40 79 0 0 -52 343 -15
40 80 0 0 -37 366 -4
40 81 0 0 -85 359 -3
40 82 0 0 -115 391 -7
40 83 0 0 -168 350 -9
40 84 0 0 -156 303 -5
40 85 0 0 -157 241 9
40 93 0 0 -49 221 -1
40 96 0 0 -25 219 -16
40 97 0 0 -4 196 2
41 2 0 0 -27 0 -6
41 3 0 95 -27 2 0
41 4 0 148 -27 -2 0
41 5 0 213 0 0 0
41 6 0 294 -28 -4 0
41 7 0 391 0 0 0
41 8 0 525 -30 -6 0
41 9 0 727 0 0 0
41 10 0 1031 -32 -9 0
41 11 0 1453 0 0 0
41 12 0 1982 -34 -11 0
41 13 0 2598 0 0 0
41 14 0 3265 -38 -13 0
41 15 0 3959 0 0 0
41 16 0 4679 -43 -16 0
41 17 0 5420 0 0 0
41 18 0 6164 -50 -18 0
41 19 0 6902 0 0 0
41 20 0 7613 -58 -20 0
41 21 0 8296 0 0 0
41 22 0 8925 -69 -18 0
41 23 0 9463 0 0 0
41 24 0 9815 -81 -14 0
41 25 0 9960 0 0 0
41 26 0 9972 -93 -5 0
41 27 0 10021 0 0 0
41 28 0 10210 -101 5 0
41 29 0 10437 0 0 0
41 30 0 10515 -106 17 0
41 31 0 10382 0 0 0
41 32 0 10151 0 0 0
41 33 0 10072 -110 31 0
41 34 0 10342 0 0 0
41 35 0 10993 -110 42 0
41 36 0 11923 0 0 0
41 37 0 12936 -107 54 0
41 38 0 13876 0 0 0
41 39 0 14566 -102 64 0
41 40 0 14861 0 0 0
41 41 0 14658 -97 69 0
41 42 0 13968 0 0 0
41 43 0 12925 -94 72 0
41 44 0 11756 -92 76 0
41 45 0 10673 0 0 0
41 46 0 9726 -93 80 0
41 47 0 8815 0 0 0
41 48 0 7801 -94 86 0
41 49 0 6621 0 0 0
41 50 0 5358 -93 93 0
41 51 0 4145 0 0 0
41 52 0 3105 0 0 0
41 53 0 2303 -91 101 0
41 54 0 1755 0 0 0
41 55 0 1424 -87 109 0
41 56 0 1252 0 0 0
41 57 0 1166 -81 117 0
41 58 0 1101 0 0 0
41 59 0 1013 -74 125 0
41 60 0 890 0 0 0
41 61 0 737 -63 134 0
41 62 0 571 0 0 0
41 63 0 414 0 0 0
41 64 0 280 0 0 0
41 65 0 175 -36 154 0
41 66 0 102 -18 163 -1
41 67 0 54 0 0 0
41 68 0 27 3 198 -3
41 69 0 12 0 0 0
41 70 0 5 42 205 -10
41 71 0 1 1 248 -8
41 72 0 0 17 289 1
41 73 0 0 -18 302 0
41 74 0 0 5 302 4
41 75 0 0 -40 281 13
41 78 0 0 -10 311 -15
41 79 0 0 -59 350 -17
41 80 0 0 -50 356 -5
41 81 0 0 -89 358 -8
41 82 0 0 -85 365 -4
41 83 0 0 -137 353 -9
41 84 0 0 -99 311 -4
41 85 0 0 -140 274 4
41 87 0 0 -119 258 1
41 89 0 0 -94 230 3
41 91 0 0 -71 227 0
41 95 0 0 -28 223 -8
41 96 0 0 -6 225 -16
41 97 0 0 0 200 0
42 2 0 0 -26 0 6
42 3 0 89 -26 -5 0
42 4 0 138 0 0 0
42 5 0 201 0 0 0
42 6 0 278 0 0 0
42 7 0 373 0 0 0
42 8 0 511 0 0 0
42 9 0 725 0 0 0
42 10 0 1052 0 0 0
42 11 0 1514 0 0 0
42 12 0 2102 0 0 0
42 13 0 2794 0 0 0
42 14 0 3543 -35 -18 0
42 15 0 4305 0 0 0
42 16 0 5061 -40 -22 0
42 17 0 5814 0 0 0
42 18 0 6557 -48 -26 0
42 19 0 7317 0 0 0
42 20 0 8110 -58 -30 0
42 21 0 8969 0 0 0
42 22 0 9870 -73 -31 0
42 23 0 10713 0 0 0
42 24 0 11284 0 0 0
42 25 0 11471 -89 -27 0
42 26 0 11395 0 0 0
42 27 0 11351 -106 -17 0
42 28 0 11516 0 0 0
42 29 0 11756 -114 -2 0
42 30 0 11804 0 0 0
42 31 0 11574 -122 12 0
42 32 0 11232 0 0 0
42 33 0 11113 0 0 0
42 34 0 11475 0 0 0
42 35 0 12349 0 0 0
42 36 0 13587 0 0 0
42 37 0 14916 0 0 0
42 38 0 16091 0 0 0
42 39 0 16884 0 0 0
42 40 0 17141 0 0 0
42 41 0 16785 0 0 0
42 42 0 15858 0 0 0
42 43 0 14517 0 0 0
42 44 0 13035 0 0 0
42 45 0 11675 0 0 0
42 46 0 10515 0 0 0
42 47 0 9448 0 0 0
42 48 0 8311 0 0 0
42 49 0 7026 0 0 0
42 50 0 5669 0 0 0
42 51 0 4370 0 0 0
42 52 0 3247 0 0 0
42 53 0 2361 0 0 0
42 54 0 1734 0 0 0
42 55 0 1335 0 0 0
42 56 0 1111 0 0 0
42 57 0 995 0 0 0
42 58 0 920 0 0 0
42 59 0 839 0 0 0
42 60 0 735 0 0 0
42 61 0 609 -74 145 0
42 62 0 472 0 0 0
42 63 0 342 -63 156 0
42 64 0 231 0 0 0
42 65 0 144 0 0 0
42 66 0 83 0 0 0
42 67 0 44 0 0 0
42 68 0 21 0 0 0
42 69 0 10 0 0 0
42 70 0 4 0 0 0
42 71 0 1 0 0 0
42 72 0 0 0 0 0
42 73 0 0 0 0 0
42 75 0 0 -31 294 6
42 78 0 0 -58 319 -4
42 93 0 0 -46 243 -1
42 96 0 0 -26 241 -17
42 97 0 0 -4 214 2
43 2 0 0 -24 0 -6
43 3 0 76 -25 1 0
43 4 0 118 -25 -3 0
43 5 0 174 0 0 0
43 6 0 245 -26 -5 0
43 7 0 336 0 0 0
43 8 0 474 -27 -8 0
43 9 0 696 0 0 0
43 10 0 1043 -29 -11 0
43 11 0 1542 0 0 0
43 12 0 2188 -32 -14 0
43 13 0 2956 0 0 0
43 14 0 3790 0 0 0
43 15 0 4625 0 0 0
43 16 0 5427 0 0 0
43 17 0 6205 0 0 0
43 18 0 6961 0 0 0
43 19 0 7754 0 0 0
43 20 0 8629 0 0 0
43 21 0 9667 0 0 0
43 22 0 10858 0 0 0
43 23 0 12039 0 0 0
43 24 0 12843 0 0 0
43 25 0 13038 0 0 0
43 26 0 12793 0 0 0
43 27 0 12556 0 0 0
43 28 0 12601 0 0 0
43 29 0 12783 0 0 0
43 30 0 12784 0 0 0
43 31 0 12500 0 0 0
43 32 0 12128 -125 30 0
43 33 0 12034 0 0 0
43 34 0 12516 -123 44 0
43 35 0 13613 0 0 0
43 36 0 15152 -121 60 0
43 37 0 16794 0 0 0
43 38 0 18215 0 0 0
43 39 0 19153 -112 70 0
43 40 0 19469 0 0 0
43 41 0 19091 -102 73 0
43 42 0 18024 0 0 0
43 43 0 16382 -100 75 0
43 44 0 14472 0 0 0
43 45 0 12664 -97 75 0
43 46 0 11128 0 0 0
43 47 0 9789 -100 78 0
43 48 0 8479 0 0 0
43 49 0 7102 -101 85 0
43 50 0 5704 0 0 0
43 51 0 4384 -102 94 0
43 52 0 3236 -100 103 0
43 53 0 2311 0 0 0
43 54 0 1637 0 0 0
43 55 0 1189 -96 113 0
43 56 0 926 0 0 0
43 57 0 786 -90 124 0
43 58 0 704 0 0 0
43 59 0 633 -83 134 0
43 60 0 553 0 0 0
43 61 0 459 0 0 0
43 62 0 357 0 0 0
43 63 0 259 0 0 0
43 64 0 175 0 0 0
43 65 0 109 -49 170 0
43 66 0 63 -38 186 0
43 67 0 33 0 0 0
43 68 0 16 -14 208 -3
43 69 0 7 0 0 0
43 70 0 3 -19 238 -3
43 71 0 0 0 0 0
43 72 0 0 -24 272 -2
43 73 0 0 0 0 0
43 77 0 0 -36 310 0
43 80 0 0 -81 328 -5
43 83 0 0 -105 319 -4
43 85 0 0 -109 296 4
43 87 0 0 -107 277 2
43 89 0 0 -81 258 1
43 91 0 0 -65 251 0
43 95 0 0 -27 244 -11
43 96 0 0 -3 246 -17
43 97 0 0 0 218 1
44 2 0 0 -24 0 5
44 3 0 59 -24 -5 0
44 4 0 93 0 0 0
44 5 0 139 0 0 0
44 6 0 201 0 0 0
44 7 0 285 0 0 0
44 8 0 420 0 0 0
44 9 0 646 0 0 0
44 10 0 1003 0 0 0
44 11 0 1526 0 0 0
44 12 0 2216 0 0 0
44 13 0 3051 0 0 0
44 14 0 3971 -30 -23 0
44 15 0 4901 0 0 0
44 16 0 5797 -35 -28 0
44 17 0 6666 0 0 0
44 18 0 7505 -41 -37 0
44 19 0 8367 0 0 0
44 20 0 9298 -52 -46 1
44 21 0 10428 0 0 0
44 22 0 11777 -71 -50 0
44 23 0 13164 0 0 0
44 24 0 14107 0 0 0
44 25 0 14282 -94 -47 1
44 26 0 13885 0 0 0
44 27 0 13465 -116 -30 0
44 28 0 13374 0 0 0
44 29 0 13484 -131 -10 0
44 30 0 13480 0 0 0
44 31 0 13254 -138 8 0
44 32 0 12984 -141 28 0
44 33 0 12998 0 0 0
44 34 0 13600 -139 46 0
44 35 0 14848 0 0 0
44 36 0 16575 -130 66 1
44 37 0 18413 0 0 0
44 38 0 20002 -113 79 1
44 39 0 21124 0 0 0
44 40 0 21693 0 0 0
44 41 0 21577 -100 82 2
44 42 0 20573 0 0 0
44 43 0 18624 -94 78 2
44 44 0 16104 0 0 0
44 45 0 13610 -94 75 1
44 46 0 11504 0 0 0
44 47 0 9782 -100 79 2
44 48 0 8261 0 0 0
44 49 0 6814 -108 86 0
44 50 0 5431 0 0 0
44 51 0 4160 -110 95 0
44 52 0 3053 0 0 0
44 53 0 2145 0 0 0
44 54 0 1469 0 0 0
44 55 0 1007 0 0 0
44 56 0 728 0 0 0
44 57 0 577 0 0 0
44 58 0 495 0 0 0
44 59 0 437 0 0 0
44 60 0 379 0 0 0
44 61 0 316 0 0 0
44 62 0 246 0 0 0
44 63 0 180 -77 167 0
44 64 0 122 0 0 0
44 65 0 76 -66 183 0
44 66 0 44 0 0 0
44 67 0 23 0 0 0
44 68 0 11 0 0 0
44 69 0 5 0 0 0
44 70 0 2 0 0 0
44 71 0 0 0 0 0
44 72 0 0 -38 267 0
44 73 0 0 0 0 0
44 75 0 0 -46 283 0
44 77 0 0 -54 300 0
44 78 0 0 -60 312 -2
44 80 0 0 -72 317 -1
44 93 0 0 -41 260 -1
44 96 0 0 -25 257 -18
44 97 0 0 -4 230 2
45 2 0 0 -22 0 -5
45 3 0 42 -22 1 0
45 4 0 67 -22 -3 0
45 5 0 103 0 0 0
45 6 0 156 -23 -6 0
45 7 0 231 0 0 0
45 8 0 360 -24 -9 0
45 9 0 581 0 0 0
45 10 0 936 -25 -13 0
45 11 0 1463 0 0 0
45 12 0 2172 -27 -17 0
45 13 0 3051 0 0 0
45 14 0 4048 0 0 0
45 15 0 5092 0 0 0
45 16 0 6141 0 0 0
45 17 0 7196 0 0 0
45 18 0 8211 0 0 0
45 19 0 9183 0 0 0
45 20 0 10121 0 0 0
45 21 0 11180 0 0 0
45 22 0 12434 0 0 0
45 23 0 13752 0 0 0
45 24 0 14659 0 0 0
45 25 0 14822 0 0 0
45 26 0 14423 0 0 0
45 27 0 13997 0 0 0
45 28 0 13900 0 0 0
45 29 0 14045 0 0 0
45 30 0 14169 0 0 0
45 31 0 14176 0 0 0
45 32 0 14173 0 0 0
45 33 0 14372 0 0 0
45 34 0 15052 0 0 0
45 35 0 16302 0 0 0
45 36 0 17985 0 0 0
45 37 0 19751 0 0 0
45 38 0 21292 0 0 0
45 39 0 22566 0 0 0
45 40 0 23589 0 0 0
45 41 0 24049 0 0 0
45 42 0 23313 0 0 0
45 43 0 21031 0 0 0
45 44 0 17717 0 0 0
45 45 0 14347 0 0 0
45 46 0 11557 0 0 0
45 47 0 9410 0 0 0
45 48 0 7684 0 0 0
45 49 0 6203 0 0 0
45 50 0 4883 0 0 0
45 51 0 3715 0 0 0
45 52 0 2708 -110 107 0
45 53 0 1874 0 0 0
45 54 0 1245 -107 118 0
45 55 0 810 0 0 0
45 56 0 541 0 0 0
45 57 0 397 -101 130 0
45 58 0 321 0 0 0
45 59 0 275 -95 142 0
45 60 0 236 0 0 0
45 61 0 197 -86 154 0
45 62 0 154 0 0 0
45 63 0 113 0 0 0
45 64 0 77 0 0 0
45 65 0 48 0 0 0
45 66 0 28 -55 199 0
45 67 0 14 0 0 0
45 68 0 7 -44 219 1
45 69 0 3 0 0 0
45 70 0 1 -36 246 -2
45 71 0 0 0 0 0
45 83 0 0 -83 310 0
45 85 0 0 -88 296 0
45 87 0 0 -84 282 0
45 89 0 0 -71 270 0
45 91 0 0 -58 266 0
45 95 0 0 -25 260 -10
45 96 0 0 -2 262 -18
45 97 0 0 0 233 1
46 2 0 0 -21 0 5
46 3 0 27 -21 -4 0
46 4 0 44 0 0 0
46 5 0 72 0 0 0
46 6 0 116 0 0 0
46 7 0 182 0 0 0
46 8 0 301 0 0 0
46 9 0 510 0 0 0
46 10 0 849 0 0 0
46 11 0 1358 0 0 0
46 12 0 2053 0 0 0
46 13 0 2938 0 0 0
46 14 0 3979 0 0 0
46 15 0 5125 -23 -25 0
46 16 0 6348 -27 -33 0
46 17 0 7628 0 0 0
46 18 0 8859 -30 -44 0
46 19 0 9946 0 0 0
46 20 0 10838 -48 -59 2
46 21 0 11692 0 0 0
46 22 0 12642 -74 -72 1
46 23 0 13681 0 0 0
46 24 0 14456 0 0 0
46 25 0 14691 -112 -71 3
46 26 0 14492 0 0 0
46 27 0 14289 -146 -51 -1
46 28 0 14399 0 0 0
46 29 0 14776 -155 -26 1
46 30 0 15223 0 0 0
46 31 0 15648 -163 2 -1
46 32 0 16042 -164 29 0
46 33 0 16458 0 0 0
46 34 0 17112 -164 58 0
46 35 0 18129 0 0 0
46 36 0 19423 -159 84 -2
46 37 0 20713 0 0 0
46 38 0 21848 -132 99 4
46 39 0 23075 0 0 0
46 40 0 24530 0 0 0
46 41 0 25638 -105 93 4
46 42 0 25228 -100 79 1
46 43 0 22646 0 0 0
46 44 0 18594 0 0 0
46 45 0 14454 -101 67 3
46 46 0 11105 0 0 0
46 47 0 8644 -117 65 1
46 48 0 6797 0 0 0
46 49 0 5340 -118 76 2
46 50 0 4126 0 0 0
46 51 0 3101 -123 92 0
46 52 0 2236 0 0 0
46 53 0 1524 0 0 0
46 54 0 986 0 0 0
46 55 0 613 0 0 0
46 56 0 381 0 0 0
46 57 0 257 0 0 0
46 58 0 194 0 0 0
46 59 0 159 0 0 0
46 60 0 134 0 0 0
46 61 0 113 0 0 0
46 62 0 89 0 0 0
46 63 0 65 -91 177 0
46 64 0 45 0 0 0
46 65 0 28 -81 192 0
46 66 0 16 0 0 0
46 67 0 8 -73 208 0
46 68 0 4 -64 226 0
46 69 0 1 0 0 0
46 70 0 0 -61 245 0
46 71 0 0 0 0 0
46 72 0 0 -60 265 0
46 75 0 0 -62 281 0
46 77 0 0 -65 293 0
46 79 0 0 -71 302 0
46 81 0 0 -77 307 0
46 83 0 0 -83 306 0
46 85 0 0 -82 300 0
46 87 0 0 -77 292 0
46 89 0 0 -65 285 0
46 91 0 0 -53 281 0
46 93 0 0 -38 275 -1
46 96 0 0 -25 275 -18
46 97 0 0 -4 245 2
47 2 0 0 -19 0 -5
47 3 0 16 -19 0 0
47 4 0 27 -20 -4 0
47 5 0 47 0 0 0
47 6 0 84 -20 -7 0
47 7 0 142 0 0 0
47 8 0 249 -20 -10 0
47 9 0 440 0 0 0
47 10 0 750 -21 -14 0
47 11 0 1219 0 0 0
47 12 0 1865 -22 -19 0
47 13 0 2706 0 0 0
47 14 0 3728 0 0 0
47 15 0 4905 0 0 0
47 16 0 6223 0 0 0
47 17 0 7640 0 0 0
47 18 0 8997 0 0 0
47 19 0 10124 0 0 0
47 20 0 10928 0 0 0
47 21 0 11558 0 0 0
47 22 0 12198 0 0 0
47 23 0 12972 0 0 0
47 24 0 13745 0 0 0
47 25 0 14232 0 0 0
47 26 0 14434 0 0 0
47 27 0 14666 0 0 0
47 28 0 15209 0 0 0
47 29 0 16035 0 0 0
47 30 0 16975 0 0 0
47 31 0 17905 0 0 0
47 32 0 18689 0 0 0
47 33 0 19211 0 0 0
47 34 0 19603 0 0 0
47 35 0 20038 0 0 0
47 36 0 20528 0 0 0
47 37 0 20918 0 0 0
47 38 0 21263 0 0 0
47 39 0 22069 0 0 0
47 40 0 23560 0 0 0
47 41 0 24943 0 0 0
47 42 0 24710 0 0 0
47 43 0 22054 0 0 0
47 44 0 17779 0 0 0
47 45 0 13430 0 0 0
47 46 0 9963 0 0 0
47 47 0 7472 0 0 0
47 48 0 5668 0 0 0
47 49 0 4320 0 0 0
47 50 0 3257 0 0 0
47 51 0 2404 0 0 0
47 52 0 1707 -122 107 0
47 53 0 1143 0 0 0
47 54 0 722 -120 122 0
47 55 0 433 0 0 0
47 56 0 252 -114 136 0
47 57 0 157 0 0 0
47 58 0 109 0 0 0
47 59 0 85 -108 149 0
47 60 0 69 0 0 0
47 61 0 59 -99 163 0
47 62 0 46 0 0 0
47 63 0 34 0 0 0
47 64 0 24 0 0 0
47 65 0 15 0 0 0
47 66 0 8 0 0 0
47 67 0 4 0 0 0
47 68 0 2 0 0 0
47 69 0 1 0 0 0
47 70 0 0 0 0 0
47 71 0 0 0 0 0
47 95 0 0 -24 277 -12
47 96 0 0 0 278 -19
47 97 0 0 0 249 1
48 2 0 0 -18 0 4
48 3 0 8 -18 -4 0
48 4 0 16 0 0 0
48 5 0 30 0 0 0
48 6 0 60 0 0 0
48 7 0 110 0 0 0
48 8 0 203 0 0 0
48 9 0 371 0 0 0
48 10 0 642 0 0 0
48 11 0 1052 0 0 0
48 12 0 1619 0 0 0
48 13 0 2364 0 0 0
48 14 0 3287 0 0 0
48 15 0 4376 -16 -27 0
48 16 0 5628 -15 -35 0
48 17 0 6977 0 0 0
48 18 0 8250 -15 -53 1
48 19 0 9268 0 0 0
48 20 0 9944 -18 -61 4
48 21 0 10412 -37 -84 4
48 22 0 10888 -43 -99 3
48 23 0 11601 -75 -119 6
48 24 0 12591 -90 -112 5
48 25 0 13574 -132 -121 9
48 26 0 14422 -138 -79 8
48 27 0 15357 -160 -66 6
48 28 0 16615 0 0 0
48 29 0 18118 -185 -30 2
48 30 0 19639 0 0 0
48 31 0 20986 -192 0 1
48 32 0 21928 -194 27 1
48 33 0 22232 0 0 0
48 34 0 21976 -193 57 1
48 35 0 21426 0 0 0
48 36 0 20774 -176 94 4
48 37 0 20037 -142 105 7
48 38 0 19384 -146 140 8
48 39 0 19388 -99 130 5
48 40 0 20257 -92 121 8
48 41 0 21297 -70 102 6
48 42 0 21019 -73 95 6
48 43 0 18663 -66 67 6
48 44 0 14938 -80 68 9
48 45 0 11166 -81 45 5
48 46 0 8151 -101 58 11
48 47 0 5975 -103 41 10
48 48 0 4404 0 0 0
48 49 0 3258 -136 79 2
48 50 0 2387 0 0 0
48 51 0 1719 -140 90 1
48 52 0 1195 0 0 0
48 53 0 786 0 0 0
48 54 0 486 0 0 0
48 55 0 282 0 0 0
48 56 0 156 0 0 0
48 57 0 90 0 0 0
48 58 0 58 0 0 0
48 59 0 42 0 0 0
48 60 0 33 0 0 0
48 61 0 28 0 0 0
48 62 0 22 0 0 0
48 63 0 16 -106 185 0
48 64 0 11 0 0 0
48 65 0 7 -97 200 0
48 66 0 4 0 0 0
48 67 0 2 -89 216 0
48 68 0 1 0 0 0
48 69 0 0 -82 233 0
48 70 0 0 0 0 0
48 71 0 0 -77 250 0
48 73 0 0 -74 266 0
48 75 0 0 -74 279 0
48 77 0 0 -75 291 0
48 79 0 0 -76 299 0
48 81 0 0 -77 305 0
48 83 0 0 -78 305 0
48 85 0 0 -75 302 0
48 87 0 0 -70 299 0
48 89 0 0 -60 294 0
48 91 0 0 -49 293 0
48 93 0 0 -36 289 -1
48 96 0 0 -24 289 -19
48 97 0 0 -5 259 2
49 2 0 0 -16 0 -4
49 3 0 4 -16 0 0
49 4 0 8 -17 -4 0
49 5 0 19 0 0 0
49 6 0 43 -17 -7 0
49 7 0 85 0 0 0
49 8 0 163 -17 -10 0
49 9 0 303 0 0 0
49 10 0 530 -16 -15 0
49 11 0 869 0 0 0
49 12 0 1335 0 0 0
49 13 0 1947 -16 -19 0
49 14 0 2703 0 0 0
49 15 0 3596 0 0 0
49 16 0 4614 0 0 0
49 17 0 5687 0 0 0
49 18 0 6667 0 0 0
49 19 0 7427 0 0 0
49 20 0 7922 -6 -65 4
49 21 0 8271 -19 -94 1
49 22 0 8699 -31 -119 0
49 23 0 9493 -66 -131 3
49 24 0 10843 -111 -151 3
49 25 0 12534 -161 -130 4
49 26 0 14381 -188 -90 2
49 27 0 16456 -201 -48 -1
49 28 0 18803 0 0 0
49 29 0 21176 0 0 0
49 30 0 23250 0 0 0
49 31 0 24776 0 0 0
49 32 0 25497 0 0 0
49 33 0 25174 0 0 0
49 34 0 23910 0 0 0
49 35 0 22117 0 0 0
49 36 0 20216 -214 76 -3
49 37 0 18393 -182 115 0
49 38 0 16755 -161 157 2
49 39 0 15736 -107 166 3
49 40 0 15483 -80 129 2
49 41 0 15773 -53 110 0
49 42 0 15275 -61 93 3
49 43 0 13520 -55 65 3
49 44 0 10867 -77 52 3
49 45 0 8181 -91 39 3
49 46 0 5988 -127 41 6
49 47 0 4359 -127 54 7
49 48 0 3152 0 0 0
49 49 0 2271 0 0 0
49 50 0 1614 0 0 0
49 51 0 1129 0 0 0
49 52 0 766 -139 112 0
49 53 0 493 0 0 0
49 54 0 298 -135 126 0
49 55 0 169 0 0 0
49 56 0 89 -129 142 0
49 57 0 49 0 0 0
49 58 0 29 -122 156 0
49 59 0 19 0 0 0
49 60 0 14 0 0 0
49 61 0 12 -114 171 0
49 62 0 9 0 0 0
49 63 0 7 0 0 0
49 64 0 5 0 0 0
49 65 0 3 0 0 0
49 66 0 1 0 0 0
49 67 0 1 0 0 0
49 68 0 0 0 0 0
49 69 0 0 0 0 0
49 70 0 0 0 0 0
49 71 0 0 0 0 0
49 95 0 0 -22 291 -12
49 96 0 0 0 292 -19
49 97 0 0 0 262 1
50 2 0 0 -16 1 0
50 3 0 1 -15 -4 0
50 4 0 4 0 0 0
50 5 0 12 0 0 0
50 6 0 31 0 0 0
50 7 0 63 0 0 0
50 8 0 125 0 0 0
50 9 0 237 0 0 0
50 10 0 416 0 0 0
50 11 0 681 0 0 0
50 12 0 1040 0 0 0
50 13 0 1504 0 0 0
50 14 0 2066 0 0 0
50 15 0 2716 -7 -25 0
50 16 0 3428 0 0 0
50 17 0 4139 -1 -32 0
50 18 0 4748 6 -46 2
50 19 0 5194 0 0 0
50 20 0 5470 16 -69 0
50 21 0 5687 22 -73 5
50 22 0 6002 -2 -161 0
50 23 0 6876 -15 -165 0
50 24 0 8618 -142 -291 0
50 25 0 11123 -241 -138 3
50 26 0 14314 -230 -103 -2
50 27 0 17989 -235 -75 -4
50 28 0 21759 0 0 0
50 29 0 25111 -222 -29 -1
50 30 0 27652 0 0 0
50 31 0 29150 -223 -3 0
50 32 0 29390 -224 25 0
50 33 0 28232 0 0 0
50 34 0 25884 -233 49 -2
50 35 0 22876 0 0 0
50 36 0 19767 -251 101 -4
50 37 0 16871 -226 134 -1
50 38 0 14216 -141 325 -3
50 39 0 11555 -47 238 -10
50 40 0 9707 -19 138 1
50 41 0 9938 -27 126 1
50 42 0 9589 -15 73 1
50 43 0 8478 -24 64 2
50 44 0 6892 -33 14 0
50 45 0 5287 -92 -18 -2
50 46 0 3933 -130 12 -20
50 47 0 2875 -143 30 2
50 48 0 2059 0 0 0
50 49 0 1450 -162 68 1
50 50 0 1001 0 0 0
50 51 0 679 -161 91 0
50 52 0 448 0 0 0
50 53 0 281 0 0 0
50 54 0 166 0 0 0
50 55 0 92 0 0 0
50 56 0 46 0 0 0
50 57 0 23 0 0 0
50 58 0 12 0 0 0
50 59 0 7 0 0 0
50 60 0 4 0 0 0
50 61 0 4 0 0 0
50 62 0 3 0 0 0
50 63 0 2 -120 193 0
50 64 0 2 0 0 0
50 65 0 1 -112 208 0
50 66 0 0 0 0 0
50 67 0 0 -105 223 0
50 68 0 0 0 0 0
50 69 0 0 -98 238 0
50 70 0 0 0 0 0
50 71 0 0 -93 253 0
50 73 0 0 -90 268 0
50 75 0 0 -87 280 0
50 77 0 0 -85 291 0
50 79 0 0 -84 299 0
50 81 0 0 -82 305 0
50 83 0 0 -80 308 0
50 85 0 0 -75 308 0
50 87 0 0 -68 308 0
50 89 0 0 -59 305 0
50 91 0 0 -48 305 0
50 93 0 0 -35 302 -1
50 96 0 0 -24 304 -20
50 97 0 0 -5 272 2
51 2 0 0 -16 -2 0
51 3 0 0 -13 0 0
51 4 0 2 -14 -4 0
51 5 0 7 0 0 0
51 6 0 21 -13 -6 0
51 7 0 45 0 0 0
51 8 0 91 -13 -10 0
51 9 0 174 0 0 0
51 10 0 307 -12 -14 0
51 11 0 501 0 0 0
51 12 0 760 0 0 0
51 13 0 1089 -10 -18 0
51 14 0 1477 0 0 0
51 15 0 1908 0 0 0
51 16 0 2352 0 0 0
51 17 0 2759 0 0 0
51 18 0 3068 0 0 0
51 19 0 3258 0 0 0
51 20 0 3332 31 -50 3
51 21 0 3315 67 -91 6
51 22 0 0 4 -182 1
51 23 0 0 -16 -194 8
51 24 0 0 -5 -236 0
51 25 0 9785 -318 -122 13
51 26 0 14394 -276 -75 -7
51 27 0 19813 -258 -37 0
51 28 0 25113 0 0 0
51 29 0 29468 0 0 0
51 30 0 32469 0 0 0
51 31 0 33974 0 0 0
51 32 0 33840 0 0 0
51 33 0 32038 0 0 0
51 34 0 28879 0 0 0
51 35 0 24868 0 0 0
51 36 0 20470 -274 51 0
51 37 0 16155 -298 115 1
51 38 0 0 -427 270 8
51 39 0 0 3 186 -3
51 40 0 0 -12 167 14
51 41 0 0 -3 122 -16
51 42 0 0 -7 105 6
51 43 0 0 -3 43 -8
51 44 0 0 -17 30 4
51 45 0 3054 -218 3 -5
51 46 0 2292 -167 4 0
51 47 0 1716 -180 56 5
51 48 0 1225 0 0 0
51 49 0 849 0 0 0
51 50 0 572 0 0 0
51 51 0 376 0 0 0
51 52 0 241 -157 115 0
51 53 0 148 0 0 0
51 54 0 85 -151 132 0
51 55 0 46 0 0 0
51 56 0 22 -144 149 0
51 57 0 11 0 0 0
51 58 0 5 -136 164 0
51 59 0 2 0 0 0
51 60 0 1 -128 179 0
51 61 0 1 0 0 0
51 62 0 0 0 0 0
51 63 0 0 0 0 0
51 64 0 0 0 0 0
51 65 0 0 0 0 0
51 66 0 0 0 0 0
51 67 0 0 0 0 0
51 68 0 0 0 0 0
51 69 0 0 0 0 0
51 70 0 0 0 0 0
51 71 0 0 0 0 0
51 95 0 0 -21 305 -12
51 96 0 0 1 307 -20
51 97 0 0 1 284 -7
52 2 0 0 -12 0 2
52 3 0 0 -12 -3 0
52 4 0 0 0 0 0
52 5 0 3 0 0 0
52 6 0 13 0 0 0
52 7 0 30 0 0 0
52 8 0 61 0 0 0
52 9 0 118 0 0 0
52 10 0 211 0 0 0
52 11 0 345 0 0 0
52 12 0 523 0 0 0
52 13 0 746 0 0 0
52 14 0 1005 0 0 0
52 15 0 1285 0 0 0
52 16 0 1557 0 0 0
52 17 0 1783 0 0 0
52 18 0 1926 0 0 0
52 19 0 1973 0 0 0
52 20 0 1935 39 -34 3
52 21 0 1569 40 -18 0
52 22 0 0 67 -7 9
52 25 0 8647 -334 -1 -4
52 26 0 14529 -284 -53 -4
52 27 0 21463 -277 -43 -3
52 28 0 28221 0 0 0
52 29 0 33624 -248 -15 0
52 30 0 37205 -248 -1 0
52 31 0 38947 0 0 0
52 32 0 38784 -246 14 0
52 33 0 36721 0 0 0
52 34 0 33059 -262 28 -2
52 35 0 28113 0 0 0
52 36 0 22062 -286 68 -6
52 37 0 15636 -306 26 -3
52 38 0 0 -342 2 0
52 45 0 1272 -230 -1 0
52 46 0 1147 -193 19 3
52 47 0 916 -196 19 -1
52 48 0 660 0 0 0
52 49 0 454 -195 72 0
52 50 0 299 0 0 0
52 51 0 192 0 0 0
52 52 0 119 0 0 0
52 53 0 71 0 0 0
52 54 0 40 0 0 0
52 55 0 21 0 0 0
52 56 0 10 0 0 0
52 57 0 4 0 0 0
52 58 0 2 0 0 0
52 59 0 0 0 0 0
52 60 0 0 -143 187 0
52 61 0 0 0 0 0
52 62 0 0 -135 201 0
52 65 0 0 -127 216 0
52 67 0 0 -120 230 0
52 69 0 0 -113 244 0
52 71 0 0 -107 258 0
52 73 0 0 -102 272 0
52 75 0 0 -98 283 0
52 77 0 0 -94 294 0
52 79 0 0 -90 302 0
52 81 0 0 -86 308 0
52 83 0 0 -82 313 0
52 85 0 0 -75 314 0
52 87 0 0 -68 316 0
52 89 0 0 -58 315 0
52 91 0 0 -47 316 0
52 93 0 0 -34 314 -1
52 96 0 0 -24 317 -20
52 97 0 0 -5 285 2
53 2 0 0 -11 0 -2
53 3 0 0 -11 0 0
53 4 0 0 -11 -3 0
53 5 0 2 0 0 0
53 6 0 8 -10 -6 0
53 7 0 18 0 0 0
53 8 0 38 -9 -8 0
53 9 0 74 0 0 0
53 10 0 135 -8 -12 0
53 11 0 223 0 0 0
53 12 0 341 0 0 0
53 13 0 491 -5 -15 0
53 14 0 667 0 0 0
53 15 0 860 -1 -19 0
53 16 0 1046 0 0 0
53 17 0 1195 4 -22 0
53 18 0 1278 0 0 0
53 19 0 1281 15 -27 1
53 20 0 1201 26 -19 1
53 21 0 943 35 -12 2
53 22 0 0 28 0 -4
53 25 0 7878 -334 -12 -3
53 26 0 14376 -285 -14 2
53 27 0 22437 -289 -7 3
53 28 0 30542 0 0 0
53 29 0 37092 0 0 0
53 30 0 41386 0 0 0
53 31 0 43525 0 0 0
53 32 0 43572 0 0 0
53 33 0 41465 0 0 0
53 34 0 37357 0 0 0
53 35 0 31410 0 0 0
53 36 0 23830 -282 7 -3
53 37 0 15659 -308 23 1
53 38 0 0 -311 2 -1
53 45 0 415 -243 8 0
53 46 0 519 -208 30 6
53 47 0 439 -224 63 7
53 48 0 324 0 0 0
53 49 0 223 0 0 0
53 50 0 145 -188 97 0
53 51 0 91 0 0 0
53 52 0 55 -178 122 0
53 53 0 32 0 0 0
53 54 0 18 -169 139 0
53 55 0 9 0 0 0
53 56 0 4 -160 157 0
53 57 0 2 0 0 0
53 58 0 0 -152 172 0
53 59 0 0 0 0 0
53 95 0 0 -21 319 -13
53 96 0 0 1 320 -21
53 97 0 0 0 289 1
54 2 0 0 -9 0 2
54 3 0 0 -10 -2 0
54 4 0 0 0 0 0
54 5 0 1 0 0 0
54 6 0 4 0 0 0
54 7 0 10 0 0 0
54 8 0 22 0 0 0
54 9 0 42 0 0 0
54 10 0 81 0 0 0
54 11 0 136 0 0 0
54 12 0 214 0 0 0
54 13 0 317 0 0 0
54 14 0 446 0 0 0
54 15 0 594 0 0 0
54 16 0 744 0 0 0
54 17 0 870 0 0 0
54 18 0 944 0 0 0
54 19 0 947 12 -15 0
54 20 0 846 23 -15 0
54 21 0 707 24 -4 0
54 25 0 7256 -285 2 4
54 26 0 13875 -270 -21 -1
54 27 0 22683 -272 -8 3
54 28 0 31985 -257 -3 4
54 29 0 39644 0 0 0
54 30 0 44573 0 0 0
54 31 0 46969 0 0 0
54 32 0 47133 0 0 0
54 33 0 44946 0 0 0
54 34 0 40306 0 0 0
54 35 0 33310 0 0 0
54 36 0 24496 -274 41 -3
54 37 0 15482 -284 5 0
54 38 0 0 -299 1 0
54 45 0 187 -284 4 0
54 46 0 209 -240 27 1
54 47 0 189 -240 30 0
54 48 0 142 0 0 0
54 49 0 97 0 0 0
54 50 0 63 0 0 0
54 51 0 38 0 0 0
54 52 0 22 0 0 0
54 53 0 12 0 0 0
54 54 0 6 0 0 0
54 55 0 3 0 0 0
54 56 0 1 -176 167 0
54 57 0 0 0 0 0
54 58 0 0 -166 181 0
54 59 0 0 0 0 0
54 60 0 0 -158 196 0
54 62 0 0 -149 209 0
54 64 0 0 -141 223 0
54 67 0 0 -134 237 0
54 69 0 0 -127 251 0
54 71 0 0 -120 264 0
54 73 0 0 -114 277 0
54 75 0 0 -109 288 0
54 77 0 0 -104 298 0
54 79 0 0 -98 307 0
54 81 0 0 -93 313 0
54 83 0 0 -86 319 0
54 85 0 0 -78 322 0
54 87 0 0 -69 325 0
54 89 0 0 -59 326 0
54 91 0 0 -47 328 0
54 93 0 0 -35 327 -1
54 96 0 0 -25 331 -21
54 97 0 0 -5 298 2
55 2 0 0 -8 0 -2
55 3 0 0 -8 0 0
55 4 0 0 -9 -3 0
55 5 0 0 0 0 0
55 6 0 2 -8 -5 0
55 7 0 5 0 0 0
55 8 0 11 -7 -7 0
55 9 0 22 0 0 0
55 10 0 46 -5 -10 0
55 11 0 80 0 0 0
55 12 0 132 0 0 0
55 13 0 206 -3 -12 0
55 14 0 306 0 0 0
55 15 0 428 0 -14 0
55 16 0 559 0 0 0
55 17 0 677 6 -15 0
55 18 0 752 0 0 0
55 19 0 765 0 0 0
55 20 0 703 17 -7 0
55 21 0 594 22 -4 0
55 25 0 6639 -265 13 0
55 26 0 13237 -278 6 4
55 27 0 22535 -287 10 4
55 28 0 32755 0 0 0
55 29 0 41332 0 0 0
55 30 0 46708 -252 0 -1
55 31 0 49025 0 0 0
55 32 0 48944 -255 11 0
55 33 0 46583 0 0 0
55 34 0 41635 -261 13 -1
55 35 0 33935 0 0 0
55 36 0 24323 -272 -15 2
55 37 0 14868 -292 5 2
55 38 0 0 -288 2 0
55 45 0 76 -304 9 0
55 46 0 80 -256 43 4
55 47 0 71 -271 81 7
55 48 0 54 -228 85 2
55 49 0 39 0 0 0
55 50 0 25 -214 111 0
55 51 0 15 0 0 0
55 52 0 9 -198 134 0
55 53 0 5 0 0 0
55 54 0 2 -187 150 0
55 55 0 1 0 0 0
55 56 0 0 0 0 0
55 57 0 0 0 0 0
55 58 0 0 0 0 0
55 59 0 0 0 0 0
55 95 0 0 -21 332 -13
55 96 0 0 1 334 -21
55 97 0 0 0 302 1
56 2 0 0 -7 0 1
56 3 0 0 -8 -2 0
56 4 0 0 0 0 0
56 5 0 0 0 0 0
56 6 0 1 0 0 0
56 7 0 2 0 0 0
56 8 0 5 0 0 0
56 9 0 11 0 0 0
56 10 0 25 0 0 0
56 11 0 46 0 0 0
56 12 0 81 0 0 0
56 13 0 135 0 0 0
56 14 0 211 0 0 0
56 15 0 311 0 0 0
56 16 0 423 0 0 0
56 17 0 528 0 0 0
56 18 0 601 0 0 0
56 19 0 619 9 -9 0
56 20 0 581 14 -8 0
56 21 0 496 14 -3 0
56 25 0 6163 -275 10 5
56 26 0 12770 -275 -11 0
56 27 0 22363 -275 -14 2
56 28 0 33190 0 0 0
56 29 0 42509 0 0 0
56 30 0 48290 0 0 0
56 31 0 50266 0 0 0
56 32 0 49435 0 0 0
56 33 0 46663 0 0 0
56 34 0 41744 0 0 0
56 35 0 33986 0 0 0
56 36 0 23997 -272 23 -1
56 37 0 14277 -274 -3 0
56 38 0 0 -293 0 2
56 45 0 27 -357 0 -1
56 46 0 29 -299 54 0
56 47 0 24 -296 64 3
56 48 0 19 0 0 0
56 49 0 14 0 0 0
56 50 0 9 0 0 0
56 51 0 5 0 0 0
56 52 0 3 0 0 0
56 53 0 2 0 0 0
56 54 0 1 -203 162 0
56 55 0 0 0 0 0
56 56 0 0 -191 177 0
56 57 0 0 0 0 0
56 58 0 0 -181 190 0
56 59 0 0 0 0 0
56 60 0 0 -172 204 0
56 62 0 0 -163 218 0
56 64 0 0 -155 231 0
56 67 0 0 -147 245 0
56 69 0 0 -140 258 0
56 71 0 0 -133 271 0
56 73 0 0 -126 283 0
56 75 0 0 -119 294 0
56 77 0 0 -113 304 0
56 79 0 0 -106 313 0
56 81 0 0 -99 320 0
56 83 0 0 -91 327 0
56 85 0 0 -82 331 0
56 87 0 0 -72 335 0
56 89 0 0 -61 337 0
56 91 0 0 -49 340 0
56 93 0 0 -36 340 -1
56 96 0 0 -25 345 -21
56 97 0 0 -6 311 2
57 2 0 0 -6 0 -1
57 3 0 0 -6 0 0
57 4 0 0 -7 -2 0
57 5 0 0 0 0 0
57 6 0 0 -6 -4 0
57 7 0 1 0 0 0
57 8 0 2 -5 -6 0
57 9 0 4 0 0 0
57 10 0 13 0 0 0
57 11 0 26 -3 -7 0
57 12 0 49 0 0 0
57 13 0 86 -1 -9 0
57 14 0 143 0 0 0
57 15 0 219 1 -10 0
57 16 0 308 0 0 0
57 17 0 393 5 -10 0
57 18 0 454 0 0 0
57 19 0 474 0 0 0
57 20 0 449 11 -3 0
57 21 0 386 13 -1 0
57 25 0 5835 -282 17 1
57 26 0 12537 -278 16 6
57 27 0 22335 -289 10 6
57 28 0 33472 -265 0 3
57 29 0 43385 0 0 0
57 30 0 49813 -260 3 1
57 31 0 51686 0 0 0
57 32 0 49849 -261 6 0
57 33 0 46066 0 0 0
57 34 0 40835 -267 6 1
57 35 0 33192 0 0 0
57 36 0 23335 -274 -25 4
57 37 0 13711 -288 -5 4
57 38 0 0 -287 5 9
57 45 0 4 -288 -38 9
57 46 0 4 -324 80 3
57 47 0 4 -347 120 12
57 48 0 3 0 0 0
57 49 0 2 -266 117 3
57 50 0 1 -239 129 1
57 51 0 0 0 0 0
57 52 0 0 -216 149 0
57 53 0 0 0 0 0
57 54 0 0 0 0 0
57 55 0 0 0 0 0
57 95 0 0 -22 346 -14
57 96 0 0 1 348 -22
57 97 0 0 0 315 1
58 2 0 0 -5 0 1
58 3 0 0 -6 -1 0
58 5 0 0 0 0 0
58 6 0 0 0 0 0
58 7 0 0 0 0 0
58 8 0 0 0 0 0
58 9 0 1 0 0 0
58 10 0 6 0 0 0
58 11 0 14 0 0 0
58 12 0 28 0 0 0
58 13 0 53 0 0 0
58 14 0 92 0 0 0
58 15 0 146 0 0 0
58 16 0 209 0 0 0
58 17 0 271 0 0 0
58 18 0 317 0 0 0
58 19 0 334 6 -5 0
58 20 0 318 10 -4 0
58 21 0 275 9 -1 0
58 25 0 5487 -234 -1 -10
58 26 0 12206 -279 -12 -3
58 27 0 21980 -280 -11 -3
58 28 0 33004 0 0 0
58 29 0 43320 0 0 0
58 30 0 51120 0 0 0
58 31 0 54379 0 0 0
58 32 0 52414 0 0 0
58 33 0 46997 0 0 0
58 34 0 40114 0 0 0
58 35 0 31756 0 0 0
58 36 0 21977 -259 14 -3
58 37 0 12790 -249 -61 -3
58 38 0 0 -301 -119 1
58 39 0 0 -10 -67 -5
58 40 0 1411 -1 22 0
58 41 0 0 -4 80 0
58 42 0 0 -3 144 -2
58 43 0 0 -2 208 0
58 44 0 0 -13 334 -4
58 45 0 10 -623 643 2
58 46 0 3 -385 263 18
58 47 0 1 -338 139 3
58 48 0 1 0 0 0
58 49 0 0 0 0 0
58 50 0 0 0 0 0
58 51 0 0 0 0 0
58 52 0 0 0 0 0
58 53 0 0 0 0 0
58 54 0 0 -215 177 0
58 55 0 0 0 0 0
58 56 0 0 -204 189 0
58 58 0 0 -194 200 0
58 60 0 0 -185 213 0
58 62 0 0 -176 226 0
58 64 0 0 -168 239 0
58 67 0 0 -160 252 0
58 69 0 0 -153 265 0
58 71 0 0 -145 278 0
58 73 0 0 -138 290 0
58 75 0 0 -130 301 0
58 77 0 0 -123 311 0
58 79 0 0 -115 321 0
58 81 0 0 -106 329 0
58 83 0 0 -97 336 0
58 85 0 0 -87 341 0
58 87 0 0 -76 347 0
58 89 0 0 -64 349 0
58 91 0 0 -51 353 0
58 96 0 0 -26 360 -22
58 97 0 0 -6 325 2
59 2 0 0 -5 0 -1
59 3 0 0 -5 0 0
59 4 0 0 -5 -2 0
59 6 0 0 -4 -3 0
59 7 0 0 0 0 0
59 8 0 0 -3 -4 0
59 9 0 0 0 0 0
59 10 0 3 0 0 0
59 11 0 7 -2 -6 0
59 12 0 15 0 0 0
59 13 0 30 0 -6 0
59 14 0 55 0 0 0
59 15 0 89 1 -7 0
59 16 0 130 0 0 0
59 17 0 171 4 -6 0
59 18 0 201 0 0 0
59 19 0 214 0 0 0
59 20 0 205 7 -2 0
59 21 0 178 8 -1 0
59 25 0 4878 -286 15 6
59 26 0 11245 -283 20 6
59 27 0 20600 -290 15 7
59 28 0 31213 -265 0 2
59 29 0 41984 0 0 0
59 30 0 52351 -261 4 -1
59 31 0 59480 0 0 0
59 32 0 59374 -260 2 0
59 33 0 52184 0 0 0
59 34 0 42020 -252 3 -1
59 35 0 31408 0 0 0
59 36 0 21021 -248 -32 2
59 37 0 12186 -245 -27 -2
59 38 0 6733 -119 -111 0
59 39 0 3153 -82 -54 -5
59 40 0 1812 -41 46 -5
59 41 0 1170 -30 65 -6
59 42 0 706 -47 156 -3
59 43 0 108 -36 184 -1
59 44 0 40 -91 296 -5
59 45 0 12 -288 361 -1
59 46 0 3 -258 219 -3
59 47 0 0 -301 206 3
59 49 0 0 -272 171 3
59 51 0 0 -247 159 1
59 52 0 0 -229 170 0
59 93 0 0 -37 354 -1
59 95 0 0 -23 360 -14
59 96 0 0 1 362 -23
59 97 0 0 0 329 1
60 2 0 0 -4 0 1
60 3 0 0 -4 -1 0
60 10 0 1 0 0 0
60 11 0 3 0 0 0
60 12 0 8 0 0 0
60 13 0 16 0 0 0
60 14 0 30 0 0 0
60 15 0 50 0 0 0
60 16 0 73 0 0 0
60 17 0 97 0 0 0
60 18 0 115 0 0 0
60 19 0 123 5 -3 0
60 20 0 119 7 -3 0
60 21 0 105 6 -1 0
60 25 0 4026 -277 10 6
60 26 0 9743 -283 -11 -2
60 27 0 18671 -284 -10 -4
60 28 0 29271 -268 5 0
60 29 0 40913 0 0 0
60 30 0 54566 0 0 0
60 31 0 67093 0 0 0
60 32 0 70300 0 0 0
60 33 0 61755 0 0 0
60 34 0 47640 0 0 0
60 35 0 33557 0 0 0
60 36 0 21696 -233 11 -3
60 37 0 12782 -202 4 -13
60 38 0 7070 -180 -7 -7
60 39 0 3768 -155 19 -11
60 40 0 2090 -107 47 -7
60 41 0 1193 -114 103 -9
60 42 0 661 -97 138 -6
60 43 0 328 -127 177 -5
60 44 0 140 -149 225 -5
60 45 0 16 -195 234 -9
60 46 0 4 -237 218 -12
60 47 0 0 -254 168 0
60 54 0 0 -223 187 0
60 56 0 0 -214 198 0
60 58 0 0 -205 209 0
60 60 0 0 -197 222 0
60 62 0 0 -189 234 0
60 64 0 0 -181 247 0
60 67 0 0 -173 260 0
60 69 0 0 -165 273 0
60 71 0 0 -157 286 0
60 73 0 0 -149 298 0
60 75 0 0 -141 309 0
60 77 0 0 -133 320 0
60 79 0 0 -124 330 0
60 81 0 0 -114 338 0
60 83 0 0 -104 346 0
60 85 0 0 -93 352 0
60 87 0 0 -81 359 0
60 89 0 0 -68 362 0
60 96 0 0 -28 375 -22
60 97 0 0 -6 339 2
61 2 0 0 -4 0 0
61 3 0 0 -4 0 0
61 4 0 0 -4 -1 0
61 6 0 0 -3 -2 0
61 8 0 0 -2 -3 0
61 10 0 0 0 0 0
61 11 0 1 -1 -4 0
61 12 0 4 0 0 0
61 13 0 8 0 -5 0
61 14 0 15 0 0 0
61 15 0 25 1 -5 0
61 16 0 38 0 0 0
61 17 0 50 3 -4 0
61 18 0 60 0 0 0
61 19 0 65 0 0 0
61 20 0 63 5 -1 0
61 21 0 56 5 0 0
61 25 0 3216 -296 15 1
61 26 0 8384 -287 20 7
61 27 0 17466 -292 15 8
61 28 0 29176 0 0 0
61 29 0 42458 0 0 0
61 30 0 59460 -262 10 0
61 31 0 77542 0 0 0
61 32 0 84191 -260 9 -2
61 33 0 74148 0 0 0
61 34 0 55855 -243 15 -1
61 35 0 37867 0 0 0
61 36 0 23609 -213 -18 -11
61 37 0 13814 -197 16 -7
61 38 0 7777 -179 2 -10
61 39 0 4201 -161 47 -13
61 40 0 2206 -140 55 -12
61 41 0 1131 -138 110 -11
61 42 0 565 -131 124 -11
61 43 0 261 -152 171 -11
61 44 0 106 -153 184 -10
61 45 0 37 -200 236 -14
61 46 0 10 -202 212 -11
61 47 0 1 -237 207 -4
61 49 0 0 -251 190 -2
61 51 0 0 -242 174 0
61 52 0 0 -233 182 0
61 91 0 0 -54 367 0
61 93 0 0 -39 368 -1
61 95 0 0 -24 375 -15
61 96 0 0 1 377 -23
61 97 0 0 0 344 0
62 2 0 0 -3 0 0
62 3 0 0 -3 -1 0
62 10 0 0 0 0 0
62 11 0 0 0 0 0
62 12 0 2 0 0 0
62 13 0 4 0 0 0
62 14 0 7 0 0 0
62 15 0 12 0 0 0
62 16 0 18 0 0 0
62 17 0 23 0 0 0
62 18 0 28 0 0 0
62 19 0 31 0 0 0
62 20 0 30 4 -2 0
62 21 0 27 4 0 0
62 25 0 2543 -283 10 5
62 26 0 7208 -288 -11 -3
62 27 0 16609 -290 -8 -4
62 28 0 30278 -271 10 0
62 29 0 46403 0 0 0
62 30 0 66834 0 0 0
62 31 0 89962 0 0 0
62 32 0 99873 0 0 0
62 33 0 87170 0 0 0
62 34 0 63317 0 0 0
62 35 0 41384 0 0 0
62 36 0 25158 0 0 0
62 37 0 14522 0 0 0
62 38 0 8171 0 0 0
62 39 0 4375 0 0 0
62 40 0 2165 0 0 0
62 41 0 999 0 0 0
62 42 0 446 0 0 0
62 43 0 188 0 0 0
62 44 0 71 0 0 0
62 45 0 24 0 0 0
62 46 0 6 0 0 0
62 47 0 0 0 0 0
62 54 0 0 -232 197 0
62 56 0 0 -225 207 0
62 58 0 0 -217 218 0
62 71 0 0 -170 294 0
62 73 0 0 -161 306 0
62 75 0 0 -152 318 0
62 77 0 0 -143 329 0
62 79 0 0 -133 339 0
62 81 0 0 -123 349 0
62 83 0 0 -111 357 0
62 96 0 0 -29 390 -23
62 97 0 0 -7 354 2
63 2 0 0 -3 0 0
63 3 0 0 -3 0 0
63 4 0 0 -3 -1 0
63 6 0 0 -2 -2 0
63 8 0 0 -2 -2 0
63 10 0 0 0 0 0
63 11 0 0 -1 -3 0
63 12 0 0 0 0 0
63 13 0 1 0 -3 0
63 14 0 3 0 0 0
63 15 0 5 1 -3 0
63 16 0 7 0 0 0
63 17 0 10 2 -3 0
63 18 0 12 0 0 0
63 19 0 13 3 -2 0
63 20 0 13 3 0 0
63 21 0 12 4 0 0
63 25 0 1862 -299 17 1
63 26 0 5633 -293 20 6
63 27 0 14341 -297 16 7
63 28 0 29431 0 0 0
63 29 0 49195 0 0 0
63 30 0 72097 -266 14 0
63 31 0 97006 0 0 0
63 32 0 109362 -261 19 0
63 33 0 94510 0 0 0
63 34 0 64907 -246 20 -3
63 35 0 39837 0 0 0
63 36 0 23351 -244 32 -1
63 37 0 13311 0 0 0
63 38 0 7499 -216 55 -6
63 39 0 3993 0 0 0
63 40 0 1890 0 0 0
63 41 0 798 -199 94 -3
63 42 0 318 -198 139 -4
63 43 0 122 0 0 0
63 44 0 42 0 0 0
63 45 0 14 -218 174 -6
63 46 0 3 0 0 0
63 47 0 0 -247 188 3
63 49 0 0 -251 188 0
63 51 0 0 -241 184 1
63 52 0 0 -239 190 0
63 60 0 0 -210 230 0
63 62 0 0 -202 242 0
63 64 0 0 -194 255 0
63 67 0 0 -186 268 0
63 69 0 0 -178 281 0
63 85 0 0 -99 364 0
63 87 0 0 -86 372 0
63 89 0 0 -72 376 0
63 91 0 0 -57 382 0
63 93 0 0 -42 383 -1
63 95 0 0 -25 390 -15
63 96 0 0 0 393 -24
63 97 0 0 0 359 0
64 2 0 0 -2 0 0
64 3 0 0 -2 0 0
64 10 0 0 0 0 0
64 11 0 0 0 0 0
64 12 0 0 0 0 0
64 13 0 0 0 0 0
64 14 0 1 0 0 0
64 15 0 2 0 0 0
64 16 0 3 0 0 0
64 17 0 4 0 0 0
64 18 0 4 0 0 0
64 19 0 5 0 0 0
64 20 0 5 3 -1 0
64 21 0 4 3 0 0
64 25 0 1188 -258 33 -4
64 26 0 3776 -293 -8 -1
64 27 0 10652 -296 -5 -4
64 28 0 25212 -277 15 0
64 29 0 46697 0 0 0
64 30 0 68791 0 0 0
64 31 0 89227 0 0 0
64 32 0 99955 0 0 0
64 33 0 85641 0 0 0
64 34 0 55714 0 0 0
64 35 0 31323 0 0 0
64 36 0 17225 0 0 0
64 37 0 9789 0 0 0
64 38 0 5678 0 0 0
64 39 0 3064 0 0 0
64 40 0 1415 0 0 0
64 41 0 557 0 0 0
64 42 0 201 0 0 0
64 43 0 69 0 0 0
64 44 0 21 0 0 0
64 45 0 7 0 0 0
64 46 0 1 0 0 0
64 47 0 0 0 0 0
64 52 0 0 -246 193 0
64 54 0 0 -241 202 0
64 56 0 0 -235 213 0
64 96 0 0 -31 407 -24
64 97 0 0 -8 370 2
65 2 0 0 -2 0 0
65 3 0 0 -2 0 0
65 4 0 0 -2 -1 0
65 6 0 0 -2 -1 0
65 8 0 0 -1 -2 0
65 10 0 0 0 0 0
65 11 0 0 0 -2 0
65 12 0 0 0 0 0
65 13 0 0 0 -2 0
65 14 0 0 0 0 0
65 15 0 0 0 -2 0
65 16 0 0 0 0 0
65 17 0 0 1 -2 0
65 18 0 1 0 0 0
65 19 0 1 2 -1 0
65 20 0 1 2 0 0
65 21 0 1 2 0 0
65 25 0 685 -318 9 15
65 26 0 2296 -299 21 8
65 27 0 7040 -303 20 7
65 28 0 18460 0 0 0
65 29 0 36353 0 0 0
65 30 0 52643 -273 22 0
65 31 0 63383 0 0 0
65 32 0 67271 -267 31 0
65 33 0 56451 0 0 0
65 34 0 35604 -256 42 0
65 35 0 18660 0 0 0
65 36 0 9648 -240 55 -3
65 37 0 5612 0 0 0
65 38 0 3465 -225 70 -1
65 39 0 1930 0 0 0
65 40 0 882 -213 98 -4
65 41 0 331 0 0 0
65 42 0 109 -213 131 -4
65 43 0 34 0 0 0
65 44 0 9 0 0 0
65 45 0 3 -223 157 -2
65 46 0 0 0 0 0
65 47 0 0 -238 170 -3
65 49 0 0 -247 175 0
65 51 0 0 -248 183 0
65 58 0 0 -229 225 0
65 60 0 0 -222 237 0
65 62 0 0 -215 250 0
65 64 0 0 -207 263 0
65 67 0 0 -199 276 0
65 69 0 0 -191 289 0
65 71 0 0 -182 302 0
65 73 0 0 -174 315 0
65 75 0 0 -164 327 0
65 77 0 0 -154 339 0
65 79 0 0 -143 350 0
65 81 0 0 -132 360 0
65 83 0 0 -120 370 0
65 85 0 0 -107 377 0
65 87 0 0 -93 386 0
65 89 0 0 -77 391 0
65 91 0 0 -62 397 0
65 93 0 0 -45 399 -1
65 95 0 0 -27 407 -16
65 96 0 0 0 410 -25
65 97 0 0 0 376 0
66 2 0 0 -2 0 0
66 3 0 0 -2 0 0
66 20 0 0 2 -1 0
66 21 0 0 2 0 0
66 25 0 381 -297 13 6
66 26 0 1341 -302 -8 -2
66 27 0 4176 -306 -4 -3
66 28 0 11025 -285 18 0
66 29 0 21577 0 0 0
66 30 0 29855 0 0 0
66 31 0 32244 0 0 0
66 32 0 30594 0 0 0
66 33 0 24493 0 0 0
66 34 0 15327 -270 47 0
66 35 0 7885 0 0 0
66 36 0 4071 -263 62 0
66 37 0 2549 0 0 0
66 38 0 1703 -254 80 0
66 39 0 980 0 0 0
66 40 0 446 -248 104 1
66 41 0 161 0 0 0
66 42 0 49 -247 128 1
66 43 0 14 0 0 0
66 44 0 3 -251 151 1
66 45 0 1 0 0 0
66 46 0 0 -257 167 1
66 48 0 0 -260 177 0
66 50 0 0 -259 187 0
66 52 0 0 -257 197 0
66 54 0 0 -252 207 0
66 96 0 0 -32 426 -24
66 97 0 0 -9 387 2
67 2 0 0 -1 0 0
67 3 0 0 -1 0 0
67 4 0 0 -1 0 0
67 6 0 0 -1 -1 0
67 8 0 0 -1 -1 0
67 11 0 0 0 -2 0
67 13 0 0 0 -2 0
67 15 0 0 0 -2 0
67 17 0 0 1 -1 0
67 19 0 0 1 -1 0
67 20 0 0 2 0 0
67 21 0 0 2 0 0
67 25 0 196 -323 19 2
67 26 0 698 -309 25 8
67 27 0 2078 -313 20 8
67 28 0 5123 0 0 0
67 29 0 9437 0 0 0
67 30 0 12171 -283 25 0
67 31 0 11637 0 0 0
67 32 0 9522 -279 36 0
67 33 0 7033 0 0 0
67 34 0 4386 0 0 0
67 35 0 2338 0 0 0
67 36 0 1325 0 0 0
67 37 0 938 0 0 0
67 38 0 672 0 0 0
67 39 0 396 0 0 0
67 40 0 180 0 0 0
67 41 0 64 0 0 0
67 42 0 19 0 0 0
67 43 0 5 0 0 0
67 44 0 1 0 0 0
67 45 0 0 0 0 0
67 46 0 0 0 0 0
67 56 0 0 -247 219 0
67 58 0 0 -241 231 0
67 60 0 0 -235 244 0
67 62 0 0 -228 257 0
67 65 0 0 -220 271 0
67 67 0 0 -213 284 0
67 69 0 0 -204 298 0
67 71 0 0 -196 311 0
67 73 0 0 -186 324 0
67 75 0 0 -176 337 0
67 77 0 0 -166 350 0
67 79 0 0 -154 362 0
67 81 0 0 -142 372 0
67 83 0 0 -129 383 0
67 85 0 0 -115 392 0
67 87 0 0 -100 401 0
67 89 0 0 -84 406 0
67 91 0 0 -67 414 0
67 93 0 0 -49 416 -1
67 95 0 0 -30 425 -16
67 96 0 0 0 428 -25
67 97 0 0 -1 394 0
68 2 0 0 -1 0 0
68 3 0 0 -1 0 0
68 20 0 0 1 0 0
68 21 0 0 1 0 0
68 25 0 80 -311 11 5
68 26 0 285 -312 -6 -1
68 27 0 795 -316 -3 -3
68 28 0 1769 0 0 0
68 29 0 2965 0 0 0
68 30 0 3514 -293 30 0
68 31 0 3024 0 0 0
68 32 0 2174 -289 43 0
68 33 0 1465 0 0 0
68 34 0 904 -283 55 0
68 35 0 525 0 0 0
68 36 0 356 -276 71 0
68 37 0 287 0 0 0
68 38 0 214 -269 87 0
68 39 0 127 0 0 0
68 40 0 57 -264 107 0
68 41 0 20 0 0 0
68 42 0 6 -263 128 0
68 43 0 1 0 0 0
68 44 0 0 -265 146 0
68 45 0 0 0 0 0
68 46 0 0 -268 162 0
68 48 0 0 -270 175 0
68 50 0 0 -269 187 0
68 52 0 0 -267 199 0
68 96 0 0 -34 445 -25
68 97 0 0 -10 406 2
69 2 0 0 -1 0 0
69 3 0 0 -1 0 0
69 4 0 0 -1 0 0
69 6 0 0 -1 0 0
69 8 0 0 0 -1 0
69 11 0 0 0 -1 0
69 13 0 0 0 -1 0
69 15 0 0 0 -1 0
69 17 0 0 1 -1 0
69 19 0 0 1 0 0
69 20 0 0 1 0 0
69 21 0 0 1 0 0
69 25 0 25 -332 21 2
69 26 0 86 -319 28 8
69 27 0 223 -324 21 9
69 28 0 442 -295 22 0
69 29 0 658 0 0 0
69 30 0 706 0 0 0
69 31 0 558 0 0 0
69 32 0 369 0 0 0
69 33 0 235 0 0 0
69 34 0 149 0 0 0
69 35 0 101 0 0 0
69 36 0 83 0 0 0
69 37 0 71 0 0 0
69 38 0 53 0 0 0
69 39 0 30 0 0 0
69 40 0 13 0 0 0
69 41 0 4 0 0 0
69 42 0 1 0 0 0
69 43 0 0 0 0 0
69 54 0 0 -264 211 0
69 56 0 0 -259 224 0
69 58 0 0 -254 237 0
69 60 0 0 -248 250 0
69 62 0 0 -241 264 0
69 65 0 0 -234 278 0
69 67 0 0 -226 292 0
69 69 0 0 -218 306 0
69 71 0 0 -209 320 0
69 73 0 0 -200 334 0
69 75 0 0 -189 348 0
69 77 0 0 -178 361 0
69 79 0 0 -166 374 0
69 81 0 0 -153 385 0
69 83 0 0 -139 397 0
69 85 0 0 -124 407 0
69 87 0 0 -108 417 0
69 89 0 0 -91 424 0
69 91 0 0 -72 432 0
69 93 0 0 -53 435 -1
69 95 0 0 -32 445 -17
69 96 0 0 -2 448 -26
69 97 0 0 -1 413 0
70 2 0 0 -1 0 0
70 3 0 0 -1 0 0
70 20 0 0 1 0 0
70 21 0 0 1 0 0
70 25 0 5 -304 21 -1
70 26 0 18 -321 -4 -2
70 27 0 45 -326 -2 -3
70 28 0 80 0 0 0
70 29 0 105 0 0 0
70 30 0 102 0 0 0
70 31 0 76 0 0 0
70 32 0 49 -302 47 0
70 33 0 32 0 0 0
70 34 0 22 -298 60 0
70 35 0 19 0 0 0
70 36 0 18 -293 75 0
70 37 0 16 0 0 0
70 38 0 11 -288 91 0
70 39 0 6 0 0 0
70 40 0 3 -286 110 0
70 41 0 1 0 0 0
70 42 0 0 -284 128 0
70 43 0 0 0 0 0
70 44 0 0 -284 146 0
70 46 0 0 -285 162 0
70 48 0 0 -284 176 0
70 50 0 0 -283 189 0
70 96 0 0 -37 467 -26
70 97 0 0 -11 426 2
71 2 0 0 -1 0 0
71 3 0 0 0 0 0
71 4 0 0 0 0 0
71 6 0 0 0 0 0
71 8 0 0 0 0 0
71 11 0 0 0 -1 0
71 13 0 0 0 -1 0
71 15 0 0 0 -1 0
71 17 0 0 0 0 0
71 19 0 0 1 0 0
71 20 0 0 1 0 0
71 21 0 0 1 0 0
71 25 0 0 -338 1 -4
71 26 0 2 -331 28 7
71 27 0 5 -336 20 11
71 28 0 9 -306 24 0
71 29 0 10 0 0 0
71 30 0 8 -305 33 0
71 31 0 4 0 0 0
71 32 0 2 0 0 0
71 33 0 1 0 0 0
71 34 0 2 0 0 0
71 35 0 3 0 0 0
71 36 0 3 0 0 0
71 37 0 2 0 0 0
71 38 0 1 0 0 0
71 39 0 1 0 0 0
71 40 0 0 0 0 0
71 41 0 0 0 0 0
71 42 0 0 0 0 0
71 43 0 0 0 0 0
71 52 0 0 -280 202 0
71 54 0 0 -277 215 0
71 56 0 0 -273 229 0
71 58 0 0 -268 243 0
71 60 0 0 -262 257 0
71 62 0 0 -255 271 0
71 65 0 0 -248 285 0
71 67 0 0 -241 300 0
71 69 0 0 -233 315 0
71 71 0 0 -224 330 0
71 73 0 0 -214 344 0
71 75 0 0 -203 359 0
71 77 0 0 -192 373 0
71 79 0 0 -179 386 0
71 81 0 0 -166 399 0
71 83 0 0 -151 412 0
71 85 0 0 -135 423 0
71 87 0 0 -118 434 0
71 89 0 0 -99 442 0
71 91 0 0 -79 452 0
71 93 0 0 -58 455 -1
71 95 0 0 -36 466 -18
71 96 0 0 -3 469 -27
71 97 0 0 -2 434 0
72 2 0 0 0 0 0
72 3 0 0 0 0 0
72 20 0 0 0 0 0
72 21 0 0 0 0 0
72 25 0 0 -325 19 5
72 26 0 0 -337 0 1
72 27 0 0 -338 -1 -2
72 32 0 0 -315 51 0
72 34 0 0 -312 64 0
72 36 0 0 -308 79 0
72 38 0 0 -305 95 0
72 40 0 0 -302 112 0
72 42 0 0 -300 129 0
72 44 0 0 -299 146 0
72 46 0 0 -299 162 0
72 48 0 0 -298 176 0
72 96 0 0 -40 490 -26
72 97 0 0 -12 449 1
73 2 0 0 0 0 0
73 3 0 0 0 0 0
73 4 0 0 0 0 0
73 6 0 0 0 0 0
73 8 0 0 0 0 0
73 11 0 0 0 0 0
73 13 0 0 0 0 0
73 15 0 0 0 0 0
73 17 0 0 0 0 0
73 19 0 0 0 0 0
73 20 0 0 0 0 0
73 21 0 0 0 0 0
73 25 0 0 -358 22 3
73 26 0 0 -344 28 9
73 27 0 0 -348 24 9
73 28 0 0 -318 26 0
73 30 0 0 -318 36 0
73 50 0 0 -296 191 0
73 52 0 0 -294 205 0
73 54 0 0 -291 219 0
73 56 0 0 -287 233 0
73 58 0 0 -282 248 0
73 60 0 0 -276 263 0
73 63 0 0 -270 278 0
73 65 0 0 -263 293 0
73 67 0 0 -256 308 0
73 69 0 0 -248 324 0
73 71 0 0 -239 339 0
73 73 0 0 -229 354 0
73 75 0 0 -218 370 0
73 77 0 0 -206 385 0
73 79 0 0 -193 400 0
73 81 0 0 -179 414 0
73 83 0 0 -163 428 0
73 85 0 0 -146 440 0
73 87 0 0 -128 453 0
73 89 0 0 -108 462 0
73 91 0 0 -87 473 0
73 93 0 0 -64 477 -1
73 95 0 0 -39 489 -18
73 96 0 0 -5 493 -28
73 97 0 0 -3 457 0
74 2 0 0 0 0 0
74 3 0 0 0 0 0
74 20 0 0 0 0 0
74 21 0 0 0 0 0
74 25 0 0 -337 13 0
74 26 0 0 -349 -3 0
74 27 0 0 -352 0 -3
74 34 0 0 -327 67 0
74 36 0 0 -324 82 0
74 38 0 0 -321 98 0
74 40 0 0 -319 114 0
74 42 0 0 -317 131 0
74 44 0 0 -316 147 0
74 46 0 0 -315 163 0
74 48 0 0 -313 178 0
74 96 0 0 -43 516 -27
74 97 0 0 -14 473 1
75 2 0 0 0 0 0
75 3 0 0 0 0 0
75 4 0 0 0 0 0
75 6 0 0 0 0 0
75 8 0 0 0 0 0
75 11 0 0 0 0 0
75 13 0 0 0 0 0
75 15 0 0 0 0 0
75 17 0 0 0 0 0
75 19 0 0 0 0 0
75 20 0 0 0 0 0
75 21 0 0 0 0 0
75 25 0 0 -329 26 0
75 26 0 0 -358 30 9
75 27 0 0 -362 23 10
75 28 0 0 -331 28 0
75 30 0 0 -331 38 0
75 32 0 0 -329 53 0
75 50 0 0 -311 193 0
75 52 0 0 -309 208 0
75 54 0 0 -305 223 0
75 56 0 0 -302 238 0
75 58 0 0 -297 253 0
75 60 0 0 -292 268 0
75 63 0 0 -286 284 0
75 65 0 0 -279 300 0
75 67 0 0 -272 316 0
75 69 0 0 -264 332 0
75 71 0 0 -255 348 0
75 73 0 0 -245 365 0
75 75 0 0 -234 381 0
75 77 0 0 -222 398 0
75 79 0 0 -209 414 0
75 81 0 0 -194 429 0
75 83 0 0 -178 445 0
75 85 0 0 -160 458 0
75 87 0 0 -140 473 0
75 89 0 0 -119 483 0
75 91 0 0 -96 495 0
75 93 0 0 -71 501 -1
75 95 0 0 -44 514 -19
75 96 0 0 -7 518 -28
75 97 0 0 -4 483 0
76 2 0 0 0 0 0
76 3 0 0 0 0 0
76 20 0 0 0 0 0
76 21 0 0 0 0 0
76 25 0 0 -339 9 -6
76 26 0 0 -362 1 1
76 27 0 0 -366 -1 -2
76 28 0 0 -344 29 0
76 38 0 0 -337 100 0
76 40 0 0 -335 116 0
76 42 0 0 -333 132 0
76 44 0 0 -331 148 0
76 96 0 0 -47 544 -28
76 97 0 0 -16 500 1
77 2 0 0 0 0 0
77 3 0 0 0 0 0
77 4 0 0 0 0 0
77 6 0 0 0 0 0
77 8 0 0 0 0 0
77 11 0 0 0 0 0
77 13 0 0 0 0 0
77 15 0 0 0 0 0
77 17 0 0 0 0 0
77 19 0 0 0 0 0
77 20 0 0 0 0 0
77 21 0 0 0 0 0
77 25 0 0 -388 25 6
77 26 0 0 -371 31 9
77 27 0 0 -376 24 10
77 30 0 0 -345 40 0
77 32 0 0 -343 56 0
77 34 0 0 -341 69 0
77 36 0 0 -339 85 0
77 46 0 0 -330 164 0
77 48 0 0 -328 180 0
77 50 0 0 -326 195 0
77 52 0 0 -324 211 0
77 54 0 0 -320 226 0
77 56 0 0 -317 242 0
77 58 0 0 -312 258 0
77 60 0 0 -307 274 0
77 63 0 0 -302 290 0
77 65 0 0 -295 307 0
77 67 0 0 -288 323 0
77 69 0 0 -280 341 0
77 71 0 0 -271 358 0
77 73 0 0 -262 375 0
77 75 0 0 -251 393 0
77 77 0 0 -238 410 0
77 79 0 0 -225 428 0
77 81 0 0 -210 445 0
77 83 0 0 -193 462 0
77 85 0 0 -174 478 0
77 87 0 0 -153 494 0
77 89 0 0 -130 506 0
77 91 0 0 -106 520 0
77 93 0 0 -79 528 -1
77 95 0 0 -49 542 -20
77 96 0 0 -10 547 -29
77 97 0 0 -5 511 0
78 2 0 0 0 0 0
78 3 0 0 0 0 0
78 20 0 0 0 0 0
78 21 0 0 0 0 0
78 25 0 0 -374 16 6
78 26 0 0 -377 -1 0
78 27 0 0 -380 0 -2
78 28 0 0 -359 30 0
78 96 0 0 -51 575 -29
78 97 0 0 -18 531 0
79 2 0 0 0 0 0
79 3 0 0 0 0 0
79 4 0 0 0 0 0
79 6 0 0 0 0 0
79 8 0 0 0 0 0
79 11 0 0 0 0 0
79 13 0 0 0 0 0
79 15 0 0 0 0 0
79 17 0 0 0 0 0
79 19 0 0 0 0 0
79 20 0 0 0 0 0
79 21 0 0 0 0 0
79 25 0 0 -410 21 2
79 26 0 0 -387 31 9
79 27 0 0 -392 25 10
79 30 0 0 -359 41 0
79 32 0 0 -358 57 0
79 34 0 0 -356 71 0
79 36 0 0 -355 87 0
79 38 0 0 -353 102 0
79 40 0 0 -352 118 0
79 42 0 0 -350 134 0
79 44 0 0 -348 150 0
79 46 0 0 -347 166 0
79 48 0 0 -345 182 0
79 50 0 0 -343 198 0
79 52 0 0 -340 214 0
79 54 0 0 -337 230 0
79 56 0 0 -333 246 0
79 58 0 0 -329 262 0
79 61 0 0 -325 279 0
79 63 0 0 -319 296 0
79 65 0 0 -313 313 0
79 67 0 0 -306 331 0
79 69 0 0 -299 349 0
79 71 0 0 -290 367 0
79 73 0 0 -281 386 0
79 75 0 0 -270 404 0
79 77 0 0 -258 423 0
79 79 0 0 -244 443 0
79 81 0 0 -229 461 0
79 83 0 0 -212 480 0
79 85 0 0 -192 498 0
79 87 0 0 -170 516 0
79 89 0 0 -146 531 0
79 91 0 0 -119 547 0
79 93 0 0 -90 557 -1
79 95 0 0 -56 572 -21
79 96 0 0 -14 578 -30
79 97 0 0 -7 543 0
80 2 0 0 0 0 0
80 3 0 0 0 0 0
80 20 0 0 0 0 0
80 21 0 0 0 0 0
80 25 0 0 -390 16 5
80 26 0 0 -392 0 0
80 27 0 0 -396 -1 -2
80 96 0 0 -57 612 -29
80 97 0 0 -22 566 0
81 2 0 0 0 0 0
81 3 0 0 0 0 0
81 4 0 0 0 0 0
81 6 0 0 0 0 0
81 8 0 0 0 0 0
81 11 0 0 0 0 0
81 13 0 0 0 0 0
81 15 0 0 0 0 0
81 17 0 0 0 0 0
81 19 0 0 0 0 0
81 20 0 0 0 0 0
81 21 0 0 0 0 0
81 25 0 0 -428 22 2
81 26 0 0 -403 31 10
81 27 0 0 -406 25 10
81 28 0 0 -372 30 0
81 30 0 0 -373 42 0
81 32 0 0 -372 59 -1
81 34 0 0 -370 73 0
81 36 0 0 -370 88 0
81 38 0 0 -367 104 0
81 40 0 0 -366 119 0
81 42 0 0 -365 136 0
81 44 0 0 -363 152 0
81 46 0 0 -362 168 0
81 48 0 0 -360 184 0
81 50 0 0 -358 200 0
81 52 0 0 -355 216 0
81 54 0 0 -352 233 0
81 56 0 0 -349 250 0
81 58 0 0 -345 267 0
81 61 0 0 -341 284 0
81 63 0 0 -335 301 0
81 65 0 0 -330 319 0
81 67 0 0 -323 338 0
81 69 0 0 -316 357 0
81 71 0 0 -308 376 0
81 73 0 0 -298 396 0
81 75 0 0 -288 416 0
81 77 0 0 -276 436 0
81 79 0 0 -262 457 0
81 81 0 0 -247 478 0
81 83 0 0 -229 499 0
81 85 0 0 -209 519 0
81 87 0 0 -187 540 0
81 89 0 0 -160 558 0
81 91 0 0 -132 577 0
81 93 0 0 -100 589 -1
81 95 0 0 -63 607 -22
81 96 0 0 -18 615 -31
81 97 0 0 -9 578 -1
82 2 0 0 0 0 0
82 3 0 0 0 0 0
82 20 0 0 0 0 0
82 21 0 0 0 0 0
82 25 0 0 -397 12 -3
82 26 0 0 -408 0 0
82 27 0 0 -411 0 -1
82 96 0 0 -64 647 -32
82 97 0 0 -26 604 -1
83 2 0 0 0 0 0
83 3 0 0 0 0 0
83 4 0 0 0 0 0
83 6 0 0 0 0 0
83 8 0 0 0 0 0
83 11 0 0 0 0 0
83 13 0 0 0 0 0
83 15 0 0 0 0 0
83 17 0 0 0 0 0
83 19 0 0 0 0 0
83 20 0 0 0 0 0
83 21 0 0 0 0 0
83 25 0 0 -405 23 3
83 26 0 0 -422 33 9
83 27 0 0 -425 24 12
83 28 0 0 -389 33 0
83 30 0 0 -389 43 0
83 32 0 0 -389 60 0
83 34 0 0 -386 74 0
83 36 0 0 -387 89 0
83 38 0 0 -384 105 0
83 40 0 0 -384 121 0
83 42 0 0 -383 137 0
83 44 0 0 -381 153 0
83 46 0 0 -380 170 0
83 48 0 0 -378 186 0
83 50 0 0 -376 202 0
83 52 0 0 -374 219 0
83 54 0 0 -371 236 0
83 56 0 0 -368 253 0
83 58 0 0 -365 271 0
83 61 0 0 -361 289 0
83 63 0 0 -356 307 0
83 65 0 0 -351 325 0
83 67 0 0 -345 345 0
83 69 0 0 -338 364 0
83 71 0 0 -331 385 0
83 73 0 0 -322 405 0
83 75 0 0 -312 427 0
83 77 0 0 -300 449 0
83 79 0 0 -288 472 0
83 81 0 0 -272 494 -1
83 83 0 0 -255 518 0
83 85 0 0 -234 541 -1
83 87 0 0 -211 565 0
83 89 0 0 -182 585 0
83 91 0 0 -153 608 0
83 93 0 0 -117 623 -1
83 95 0 0 -75 644 -23
83 96 0 0 -25 654 -31
83 97 0 0 -13 618 -2
84 2 0 0 0 0 0
84 3 0 0 0 0 0
84 20 0 0 0 0 0
84 21 0 0 0 0 0
84 25 0 0 -416 22 5
84 26 0 0 -426 1 1
84 27 0 0 -428 -2 -3
84 96 0 0 -74 701 -31
84 97 0 0 -32 651 -1
85 2 0 0 0 0 0
85 3 0 0 0 0 0
85 4 0 0 0 0 0
85 6 0 0 0 0 0
85 8 0 0 0 0 0
85 11 0 0 0 0 0
85 13 0 0 0 0 0
85 15 0 0 0 0 0
85 17 0 0 0 0 0
85 19 0 0 0 0 0
85 20 0 0 0 0 0
85 21 0 0 0 0 0
85 25 0 0 -461 25 2
85 26 0 0 -433 32 10
85 27 0 0 -436 22 10
85 28 0 0 -400 31 0
85 30 0 0 -401 44 0
85 32 0 0 -401 61 -1
85 34 0 0 -399 75 -1
85 36 0 0 -399 91 -1
85 38 0 0 -398 107 -1
85 40 0 0 -398 122 -1
85 42 0 0 -396 139 -1
85 44 0 0 -394 154 -1
85 46 0 0 -393 171 -1
85 48 0 0 -391 187 -1
85 50 0 0 -390 204 -1
85 52 0 0 -388 221 -1
85 54 0 0 -385 238 -1
85 56 0 0 -382 256 -1
85 58 0 0 -379 274 -1
85 61 0 0 -375 292 -1
85 63 0 0 -371 311 -1
85 65 0 0 -366 330 -1
85 67 0 0 -361 350 -1
85 69 0 0 -355 371 -2
85 71 0 0 -348 392 -1
85 73 0 0 -339 414 -2
85 75 0 0 -330 437 -1
85 77 0 0 -319 460 -2
85 79 0 0 -307 485 -1
85 81 0 0 -291 510 -2
85 83 0 0 -275 535 -1
85 85 0 0 -253 563 -2
85 87 0 0 -230 587 0
85 89 0 0 -201 616 -2
85 91 0 0 -169 641 0
85 93 0 0 -132 664 -2
85 95 0 0 -86 691 -26
85 96 0 0 -33 702 -33
85 97 0 0 -17 666 -4
86 2 0 0 0 0 0
86 3 0 0 0 0 0
86 20 0 0 0 0 0
86 21 0 0 0 0 0
86 25 0 0 -437 18 5
86 26 0 0 -440 2 1
86 27 0 0 -443 -4 0
86 96 0 0 -84 735 -40
86 97 0 0 -40 700 -5
87 2 0 0 0 0 0
87 3 0 0 0 0 0
87 4 0 0 0 0 0
87 6 0 0 0 0 0
87 8 0 0 0 0 0
87 11 0 0 0 0 0
87 13 0 0 0 0 0
87 15 0 0 0 0 0
87 17 0 0 0 0 0
87 19 0 0 0 0 0
87 20 0 0 0 0 0
87 21 0 0 0 0 0
87 25 0 0 -510 16 8
87 26 0 0 -453 33 9
87 27 0 0 -460 28 13
87 28 0 0 -423 37 0
87 30 0 0 -421 44 0
87 32 0 0 -419 60 0
87 34 0 0 -417 75 0
87 36 0 0 -420 91 0
87 38 0 0 -416 106 0
87 40 0 0 -418 122 0
87 42 0 0 -416 139 0
87 44 0 0 -414 155 0
87 46 0 0 -415 172 0
87 48 0 0 -413 188 -1
87 50 0 0 -412 206 -1
87 52 0 0 -410 223 -1
87 54 0 0 -408 240 -1
87 56 0 0 -406 258 -1
87 59 0 0 -403 277 -1
87 61 0 0 -400 295 -1
87 63 0 0 -396 315 -1
87 65 0 0 -392 335 -1
87 67 0 0 -388 355 -1
87 69 0 0 -382 376 -1
87 71 0 0 -377 399 -2
87 73 0 0 -368 422 -2
87 75 0 0 -362 447 -2
87 77 0 0 -350 471 -2
87 79 0 0 -341 499 -2
87 81 0 0 -323 523 -1
87 83 0 0 -312 556 -2
87 85 0 0 -285 581 -1
87 87 0 0 -269 616 -1
87 89 0 0 -235 643 -2
87 91 0 0 -205 678 -2
87 93 0 0 -164 704 -3
87 95 0 0 -108 737 -27
87 96 0 0 -47 753 -32
87 97 0 0 -27 721 -4
88 2 0 0 0 0 0
88 3 0 0 0 0 0
88 20 0 0 0 0 0
88 21 0 0 0 0 0
88 25 0 0 -451 16 5
88 26 0 0 -456 -1 0
88 27 0 0 -463 -8 -7
88 96 0 0 -105 824 -32
88 97 0 0 -54 773 -5
89 2 0 0 0 0 0
89 3 0 0 0 0 0
89 4 0 0 0 0 0
89 6 0 0 0 0 0
89 8 0 0 0 0 0
89 11 0 0 0 0 0
89 13 0 0 0 0 0
89 15 0 0 0 0 0
89 17 0 0 0 0 0
89 19 0 0 0 0 0
89 20 0 0 0 0 0
89 21 0 0 0 0 0
89 25 0 0 -494 29 1
89 26 0 0 -457 32 10
89 27 0 0 -460 14 10
89 28 0 0 -425 26 -1
89 30 0 0 -428 44 0
89 32 0 0 -428 59 0
89 34 0 0 -430 76 -1
89 36 0 0 -427 93 0
89 38 0 0 -427 108 -1
89 40 0 0 -427 125 0
89 42 0 0 -427 141 0
89 44 0 0 -424 157 0
89 46 0 0 -424 173 0
89 48 0 0 -423 190 -1
89 50 0 0 -422 207 -1
89 52 0 0 -420 224 -1
89 54 0 0 -419 242 -1
89 56 0 0 -417 260 -1
89 59 0 0 -414 279 -1
89 61 0 0 -412 299 -1
89 63 0 0 -408 318 -1
89 65 0 0 -405 339 -1
89 67 0 0 -401 360 -1
89 69 0 0 -396 382 -1
89 71 0 0 -391 405 -2
89 73 0 0 -384 430 -2
89 75 0 0 -377 455 -2
89 77 0 0 -368 482 -2
89 79 0 0 -357 510 -2
89 81 0 0 -345 539 -2
89 83 0 0 -330 572 -2
89 85 0 0 -310 605 -2
89 87 0 0 -291 641 -1
89 89 0 0 -259 681 -2
89 91 0 0 -228 717 0
89 93 0 0 -186 758 -3
89 95 0 0 -126 804 -29
89 96 0 0 -63 825 -37
89 97 0 0 -34 797 -7
90 2 0 0 0 0 0
90 3 0 0 0 0 0
90 20 0 0 0 0 0
90 21 0 0 0 0 0
90 25 0 0 -458 1 3
90 26 0 0 -465 2 2
90 27 0 0 -474 -6 0
90 96 0 0 -127 860 -48
90 97 0 0 -71 838 -13
91 2 0 0 0 0 0
91 3 0 0 0 0 0
91 4 0 0 0 0 0
91 6 0 0 0 0 0
91 8 0 0 0 0 0
91 11 0 0 0 0 0
91 13 0 0 0 0 0
91 15 0 0 0 0 0
91 17 0 0 0 0 0
91 19 0 0 0 0 0
91 20 0 0 0 0 0
91 21 0 0 0 0 0
91 25 0 0 -460 30 -6
91 26 0 0 -483 34 6
91 27 0 0 -493 25 14
91 28 0 0 -460 42 -6
91 30 0 0 -458 49 1
91 32 0 0 -456 59 0
91 34 0 0 -459 75 -1
91 36 0 0 -455 91 0
91 38 0 0 -454 108 0
91 40 0 0 -454 124 0
91 42 0 0 -453 140 0
91 44 0 0 -449 156 0
91 46 0 0 -450 173 -1
91 48 0 0 -450 190 -1
91 50 0 0 -448 207 0
91 52 0 0 -447 225 -1
91 54 0 0 -445 243 -1
91 56 0 0 -445 261 -1
91 59 0 0 -443 280 -1
91 61 0 0 -443 300 -2
91 63 0 0 -439 320 -1
91 65 0 0 -438 341 -2
91 67 0 0 -434 362 -2
91 69 0 0 -432 385 -2
91 71 0 0 -428 409 -2
91 73 0 0 -422 434 -2
91 75 0 0 -418 460 -3
91 77 0 0 -410 488 -3
91 79 0 0 -404 519 -4
91 81 0 0 -389 550 -3
91 83 0 0 -385 587 -6
91 85 0 0 -357 621 -2
91 87 0 0 -352 668 -9
91 89 0 0 -309 702 -2
91 91 0 0 -287 755 -6
91 93 0 0 -246 800 -11
91 95 0 0 -172 857 -34
91 96 0 0 -96 893 -34
91 97 0 0 -67 877 -8
92 2 0 0 0 0 0
92 3 0 0 0 0 0
92 20 0 0 0 0 0
92 21 0 0 0 0 0
92 25 0 0 -462 -5 7
92 26 0 0 -479 -7 -5
92 27 0 0 -502 -28 -7
92 96 0 0 -174 1009 -29
92 97 0 0 -110 971 -13
93 2 0 0 0 0 0
93 3 0 0 0 0 0
93 4 0 0 0 0 0
93 6 0 0 0 0 0
93 8 0 0 0 0 0
93 11 0 0 0 0 0
93 13 0 0 0 0 0
93 15 0 0 0 0 0
93 17 0 0 0 0 0
93 19 0 0 0 0 0
93 20 0 0 0 0 0
93 21 0 0 0 0 0
93 25 0 0 -528 14 1
93 26 0 0 -477 21 9
93 27 0 0 -482 -6 2
93 28 0 0 -451 12 1
93 30 0 0 -461 45 13
93 32 0 0 -458 51 17
93 34 0 0 -466 76 3
93 36 0 0 -465 92 11
93 38 0 0 -459 109 7
93 40 0 0 -461 129 15
93 42 0 0 -460 139 14
93 44 0 0 -458 157 7
93 46 0 0 -459 174 6
93 48 0 0 -459 192 11
93 50 0 0 -460 208 12
93 52 0 0 -458 226 7
93 54 0 0 -457 244 5
93 57 0 0 -457 262 6
93 59 0 0 -455 281 6
93 61 0 0 -453 301 5
93 63 0 0 -451 321 7
93 65 0 0 -449 342 5
93 67 0 0 -446 365 10
93 69 0 0 -443 387 5
93 71 0 0 -440 412 11
93 73 0 0 -434 437 6
93 75 0 0 -431 466 10
93 77 0 0 -424 495 11
93 79 0 0 -417 525 9
93 81 0 0 -409 559 7
93 83 0 0 -399 598 14
93 85 0 0 -386 636 5
93 87 0 0 -369 691 11
93 89 0 0 -341 732 7
93 91 0 0 -323 810 9
93 93 0 0 -279 870 7
93 95 0 0 -210 961 -19
93 96 0 0 -145 1020 -32
93 97 0 0 -96 1011 -11
94 2 0 0 0 0 0
94 3 0 0 0 0 0
94 20 0 0 0 0 0
94 21 0 0 0 0 0
94 25 0 0 -468 10 -10
94 26 0 0 -488 2 15
94 27 0 0 -499 6 7
94 96 0 0 -244 1061 -38
94 97 0 0 -184 1089 -21
95 2 0 0 0 0 0
95 3 0 0 0 0 0
95 4 0 0 0 0 0
95 6 0 0 0 0 0
95 8 0 0 0 0 0
95 11 0 0 0 0 0
95 13 0 0 0 0 0
95 15 0 0 0 0 0
95 17 0 0 0 0 0
95 19 0 0 0 0 0
95 20 0 0 0 0 0
95 21 0 0 0 0 0
95 22 0 0 0 0 0
95 25 0 0 -484 16 4
95 26 0 0 -549 60 23
95 27 0 0 -525 32 31
95 28 0 0 -514 58 -8
95 30 0 0 -518 61 4
95 32 0 0 -503 70 20
95 34 0 0 -516 77 7
95 36 0 0 -502 98 0
95 38 0 0 -512 110 11
95 40 0 0 -508 125 9
95 42 0 0 -501 140 0
95 44 0 0 -506 159 7
95 46 0 0 -504 176 9
95 48 0 0 -507 192 12
95 50 0 0 -503 209 8
95 53 0 0 -504 226 8
95 55 0 0 -502 245 9
95 57 0 0 -502 264 10
95 59 0 0 -502 283 11
95 61 0 0 -502 302 12
95 63 0 0 -500 323 12
95 65 0 0 -501 344 12
95 67 0 0 -499 366 11
95 69 0 0 -498 389 11
95 71 0 0 -498 414 11
95 73 0 0 -494 440 11
95 75 0 0 -493 467 10
95 77 0 0 -490 496 10
95 79 0 0 -485 528 10
95 81 0 0 -482 564 10
95 83 0 0 -474 602 9
95 85 0 0 -467 645 11
95 87 0 0 -458 694 9
95 89 0 0 -443 750 12
95 91 0 0 -433 818 2
95 93 0 0 -397 890 9
95 95 0 0 -330 988 -17
95 96 0 0 -254 1118 -24
95 97 0 0 -194 1150 -10
96 2 0 0 0 0 0
96 3 0 0 0 0 0
96 4 0 0 0 0 0
96 5 0 0 0 0 0
96 6 0 0 0 0 0
96 7 0 0 0 0 0
96 8 0 0 0 0 0
96 9 0 0 0 0 0
96 10 0 0 0 0 0
96 11 0 0 0 0 0
96 12 0 0 0 0 0
96 13 0 0 0 0 0
96 14 0 0 0 0 0
96 15 0 0 0 0 0
96 16 0 0 0 0 0
96 17 0 0 0 0 0
96 18 0 0 0 0 0
96 19 0 0 0 0 0
96 20 0 0 0 0 0
96 21 0 0 0 0 0
96 22 0 0 0 0 0
96 25 0 0 -360 -41 -9
96 26 0 0 -564 2 2
96 27 0 0 -553 -21 11
96 28 0 0 -505 21 4
96 29 0 0 -514 8 25
96 30 0 0 -530 48 8
96 31 0 0 -530 25 21
96 32 0 0 -518 70 19
96 33 0 0 -517 51 12
96 34 0 0 -533 100 25
96 35 0 0 -521 65 15
96 36 0 0 -526 114 25
96 37 0 0 -515 87 17
96 38 0 0 -536 135 25
96 39 0 0 -517 99 19
96 40 0 0 -532 145 24
96 41 0 0 -515 113 18
96 42 0 0 -526 157 23
96 43 0 0 -511 132 17
96 44 0 0 -528 176 22
96 45 0 0 -512 149 18
96 46 0 0 -530 190 22
96 47 0 0 -510 167 18
96 48 0 0 -532 206 21
96 49 0 0 -509 183 18
96 50 0 0 -529 221 21
96 51 0 0 -506 202 17
96 52 0 0 -527 238 22
96 53 0 0 -503 221 17
96 54 0 0 -526 255 22
96 55 0 0 -500 240 17
96 56 0 0 -527 274 21
96 57 0 0 -498 260 17
96 58 0 0 -526 292 21
96 59 0 0 -496 279 17
96 60 0 0 -526 311 21
96 61 0 0 -493 299 17
96 62 0 0 -525 330 21
96 63 0 0 -491 321 17
96 64 0 0 -526 350 20
96 65 0 0 -489 342 17
96 66 0 0 -526 371 20
96 67 0 0 -486 364 16
96 68 0 0 -526 393 20
96 69 0 0 -482 387 16
96 70 0 0 -526 416 19
96 71 0 0 -479 411 16
96 72 0 0 -525 441 19
96 73 0 0 -476 437 16
96 74 0 0 -525 467 19
96 75 0 0 -473 465 16
96 76 0 0 -523 495 18
96 77 0 0 -470 494 15
96 78 0 0 -520 525 18
96 79 0 0 -466 527 15
96 80 0 0 -518 558 18
96 81 0 0 -463 563 15
96 82 0 0 -514 595 18
96 83 0 0 -459 603 15
96 84 0 0 -511 636 18
96 85 0 0 -455 648 15
96 86 0 0 -504 683 17
96 87 0 0 -450 700 14
96 88 0 0 -499 737 17
96 89 0 0 -443 762 14
96 90 0 0 -483 804 16
96 91 0 0 -433 838 13
96 92 0 0 -473 891 18
96 93 0 0 -421 929 16
96 94 0 0 -435 1014 23
96 95 0 0 -404 1063 19
96 96 0 0 -323 1183 -12
96 97 0 0 -346 1381 1
97 2 0 0 0 0 0
97 3 0 0 0 0 0
97 4 0 0 0 0 0
97 5 0 0 0 0 0
97 6 0 0 0 0 0
97 7 0 0 0 0 0
97 8 0 0 0 0 0
97 9 0 0 0 0 0
97 10 0 0 0 0 0
97 11 0 0 0 0 0
97 12 0 0 0 0 0
97 13 0 0 0 0 0
97 14 0 0 0 0 0
97 15 0 0 0 0 0
97 16 0 0 0 0 0
97 17 0 0 0 0 0
97 18 0 0 0 0 0
97 19 0 0 0 0 0
97 20 0 0 0 0 0
97 21 0 0 0 0 0
97 22 0 0 0 0 0
97 25 0 0 -469 5 -15
97 26 0 0 -477 5 24
97 27 0 0 -468 -6 13
97 28 0 0 -467 -2 -4
97 29 0 0 -468 -2 30
97 30 0 0 -472 0 -8
97 31 0 0 -474 -1 12
97 32 0 0 -474 -6 -12
97 33 0 0 -478 -5 7
97 34 0 0 -482 0 -21
97 35 0 0 -470 -4 1
97 36 0 0 -482 3 -22
97 37 0 0 -464 -1 -1
97 38 0 0 -484 6 -21
97 39 0 0 -466 0 -1
97 40 0 0 -484 7 -18
97 41 0 0 -469 2 -1
97 42 0 0 -484 9 -17
97 43 0 0 -470 3 -1
97 44 0 0 -484 11 -17
97 45 0 0 -481 11 -11
97 46 0 0 -484 12 -17
97 47 0 0 -475 6 -14
97 48 0 0 -485 12 -17
97 49 0 0 -475 7 -3
97 50 0 0 -485 13 -17
97 51 0 0 -475 8 -3
97 52 0 0 -485 13 -17
97 53 0 0 -476 10 -3
97 54 0 0 -485 13 -16
97 55 0 0 -476 12 -3
97 56 0 0 -484 14 -15
97 57 0 0 -476 14 -3
97 58 0 0 -484 14 -14
97 59 0 0 -477 15 -3
97 60 0 0 -483 15 -13
97 61 0 0 -477 17 -3
97 62 0 0 -483 16 -13
97 63 0 0 -477 19 -3
97 64 0 0 -482 18 -13
97 65 0 0 -478 20 -3
97 66 0 0 -482 19 -13
97 67 0 0 -478 22 -3
97 68 0 0 -482 21 -12
97 69 0 0 -478 24 -3
97 70 0 0 -481 23 -13
97 71 0 0 -479 25 -3
97 72 0 0 -481 25 -12
97 73 0 0 -479 28 -3
97 74 0 0 -480 27 -12
97 75 0 0 -479 31 -3
97 76 0 0 -480 30 -12
97 77 0 0 -479 33 -3
97 78 0 0 -479 32 -12
97 79 0 0 -479 37 -3
97 80 0 0 -479 35 -11
97 81 0 0 -479 41 -4
97 82 0 0 -479 39 -11
97 83 0 0 -479 45 -4
97 84 0 0 -478 43 -11
97 85 0 0 -479 50 -4
97 86 0 0 -478 48 -10
97 87 0 0 -479 56 -4
97 88 0 0 -478 53 -9
97 89 0 0 -479 63 -5
97 90 0 0 -477 61 -9
97 91 0 0 -479 71 -5
97 92 0 0 -478 71 -9
97 93 0 0 -478 82 -5
97 94 0 0 -483 90 -8
97 95 0 0 -481 98 -6
97 96 0 0 -484 124 5
97 97 0 0 -475 911 -4
